Timer: 0.060639
 0.001667 1.271410 0.292872 1.401784 1.242401 0.001568 0.000000
 0.005000 1.271406 0.292876 1.401777 1.242400 0.001568 0.000000
 0.008333 1.271397 0.292885 1.401763 1.242398 0.001568 0.000000
 0.011667 1.271381 0.292900 1.401739 1.242395 0.001568 0.000000
 0.015000 1.271354 0.292926 1.401697 1.242390 0.001568 0.000000
 0.018333 1.271312 0.292968 1.401632 1.242382 0.001568 0.000000
 0.021667 1.271249 0.293029 1.401536 1.242369 0.001568 0.000000
 0.025000 1.271165 0.293112 1.401405 1.242353 0.001568 0.000000
 0.028333 1.271060 0.293214 1.401243 1.242332 0.001568 0.000000
 0.031667 1.270941 0.293330 1.401060 1.242309 0.001568 0.000000
 0.035000 1.270822 0.293447 1.400876 1.242286 0.001568 0.000000
 0.038333 1.270718 0.293548 1.400716 1.242266 0.001568 0.000000
 0.041667 1.270646 0.293618 1.400605 1.242251 0.001568 -0.000000
 0.045000 1.270617 0.293647 1.400561 1.242246 0.001568 -0.000000
 0.048333 1.270634 0.293630 1.400586 1.242249 0.001568 0.000000
 0.051667 1.270689 0.293577 1.400670 1.242260 0.001568 0.000000
 0.055000 1.270767 0.293500 1.400791 1.242275 0.001568 0.000000
 0.058333 1.270852 0.293417 1.400923 1.242292 0.001568 0.000000
 0.061667 1.270931 0.293340 1.401045 1.242307 0.001568 -0.000000
 0.065000 1.270996 0.293276 1.401145 1.242320 0.001568 -0.000000
 0.068333 1.271045 0.293229 1.401220 1.242329 0.001568 -0.000000
 0.071667 1.271080 0.293195 1.401274 1.242336 0.001568 -0.000000
 0.075000 1.271105 0.293170 1.401313 1.242341 0.001568 -0.000000
 0.078333 1.271125 0.293151 1.401343 1.242345 0.001568 -0.000000
 0.081667 1.271141 0.293135 1.401368 1.242348 0.001568 -0.000000
 0.085000 1.271155 0.293121 1.401390 1.242351 0.001568 -0.000000
 0.088333 1.271167 0.293109 1.401409 1.242353 0.001568 -0.000000
 0.091667 1.271179 0.293098 1.401427 1.242356 0.001569 -0.000000
 0.095000 1.271189 0.293088 1.401443 1.242358 0.001569 -0.000000
 0.098333 1.271198 0.293079 1.401457 1.242360 0.001569 -0.000000
 0.101667 1.271162 0.293070 1.401471 1.242383 0.001619 -0.000004
 0.105000 1.270937 0.293062 1.401483 1.242499 0.001875 -0.000021
 0.108333 1.270361 0.293055 1.401494 1.242785 0.002518 -0.000051
 0.111667 1.269446 0.293048 1.401505 1.243238 0.003534 -0.000080
 0.115000 1.268447 0.293042 1.401515 1.243732 0.004643 -0.000085
 0.118333 1.267701 0.293036 1.401524 1.244102 0.005473 -0.000061
 0.121667 1.267405 0.293031 1.401533 1.244251 0.005806 -0.000022
 0.125000 1.267535 0.293026 1.401541 1.244191 0.005669 0.000013
 0.128333 1.267924 0.293021 1.401548 1.244003 0.005245 0.000034
 0.131667 1.268393 0.293016 1.401555 1.243776 0.004731 0.000040
 0.135000 1.268828 0.293011 1.401561 1.243566 0.004256 0.000036
 0.138333 1.269180 0.293004 1.401563 1.243394 0.003869 0.000029
 0.141667 1.269444 0.292992 1.401556 1.243261 0.003572 0.000022
 0.145000 1.269627 0.292962 1.401520 1.243156 0.003345 0.000017
 0.148333 1.269715 0.292885 1.401410 1.243064 0.003170 0.000013
 0.151667 1.269653 0.292693 1.401117 1.242964 0.003029 0.000011
 0.155000 1.269300 0.292238 1.400409 1.242823 0.002913 0.000009
 0.158333 1.268369 0.291233 1.398834 1.242580 0.002814 0.000008
 0.161667 1.266335 0.289155 1.395574 1.242128 0.002729 0.000007
 0.165000 1.262322 0.285136 1.389280 1.241292 0.002651 0.000008
 0.168333 1.255023 0.277856 1.377940 1.239805 0.002575 0.000013
 0.171667 1.242724 0.265540 1.358947 1.237309 0.002483 0.000026
 0.175000 1.223616 0.246199 1.329601 1.233395 0.002344 0.000055
 0.178333 1.196552 0.218340 1.288314 1.227748 0.002113 0.000102
 0.181667 1.162174 0.182160 1.236340 1.220386 0.001746 0.000155
 0.185000 1.123722 0.140662 1.178879 1.211907 0.001259 0.000181
 0.188333 1.086407 0.099382 1.123877 1.203448 0.000758 0.000156
 0.191667 1.055155 0.064059 1.078461 1.196212 0.000372 0.000099
 0.195000 1.032387 0.037891 1.045790 1.190872 0.000149 0.000047
 0.198333 1.017683 0.020789 1.024894 1.187401 0.000050 0.000018
 0.201667 1.009070 0.010696 1.012736 1.185363 0.000015 0.000006
 0.205000 1.004404 0.005202 1.006175 1.184259 0.000004 0.000002
 0.208333 1.002033 0.002404 1.002848 1.183697 0.000001 0.000000
 0.211667 1.000894 0.001057 1.001252 1.183428 0.000000 0.000000
 0.215000 1.000375 0.000443 1.000525 1.183305 0.000000 0.000000
 0.218333 1.000150 0.000177 1.000209 1.183251 0.000000 0.000000
 0.221667 1.000057 0.000067 1.000080 1.183229 0.000000 0.000000
 0.225000 1.000021 0.000024 1.000029 1.183221 0.000000 0.000000
 0.228333 1.000007 0.000008 1.000010 1.183218 0.000000 0.000000
 0.231667 1.000002 0.000003 1.000003 1.183217 0.000000 0.000000
 0.235000 1.000001 0.000001 1.000001 1.183216 0.000000 0.000000
 0.238333 1.000000 0.000000 1.000000 1.183216 0.000000 0.000000
 0.241667 1.000000 0.000000 1.000000 1.183216 0.000000 0.000000
 0.245000 1.000000 0.000000 1.000000 1.183216 0.000000 0.000000
 0.248333 1.000000 0.000000 1.000000 1.183216 -0.000000 -0.000000
 0.251667 1.000000 0.000000 1.000000 1.183216 -0.000000 0.000000
 0.255000 1.000000 0.000000 1.000000 1.183216 0.000000 0.000000
 0.258333 1.000000 0.000000 1.000000 1.183216 -0.000000 -0.000000
 0.261667 1.000000 0.000000 1.000000 1.183216 -0.000000 0.000000
 0.265000 1.000000 0.000000 1.000000 1.183216 0.000000 0.000000
 0.268333 1.000000 0.000000 1.000000 1.183216 0.000000 0.000000
 0.271667 1.000000 0.000000 1.000000 1.183216 0.000000 0.000000
 0.275000 1.000000 0.000000 1.000000 1.183216 -0.000000 0.000000
 0.278333 1.000000 0.000000 1.000000 1.183216 0.000000 0.000000
 0.281667 1.000000 0.000000 1.000000 1.183216 0.000000 0.000000
 0.285000 1.000000 0.000000 1.000000 1.183216 0.000000 0.000000
 0.288333 1.000000 -0.000000 1.000000 1.183216 0.000000 0.000000
 0.291667 1.000000 0.000000 1.000000 1.183216 0.000000 0.000000
 0.295000 1.000000 -0.000000 1.000000 1.183216 0.000000 0.000000
 0.298333 1.000000 0.000000 1.000000 1.183216 0.000000 0.000000
 0.301667 1.000000 -0.000000 1.000000 1.183216 0.000000 0.000000
 0.305000 1.000000 0.000000 1.000000 1.183216 0.000000 0.000000
 0.308333 1.000000 -0.000000 1.000000 1.183216 0.000000 0.000000
 0.311667 1.000000 0.000000 1.000000 1.183216 0.000000 0.000000
 0.315000 1.000000 -0.000000 1.000000 1.183216 0.000000 0.000000
 0.318333 1.000000 0.000000 1.000000 1.183216 0.000000 0.000000
 0.321667 1.000000 -0.000000 1.000000 1.183216 0.000000 0.000000
 0.325000 1.000000 0.000000 1.000000 1.183216 0.000000 0.000000
 0.328333 1.000000 -0.000000 1.000000 1.183216 0.000000 0.000000
 0.331667 1.000000 0.000000 1.000000 1.183216 0.000000 0.000000
 0.335000 1.000000 0.000000 1.000000 1.183216 0.000000 0.000000
 0.338333 1.000000 0.000000 1.000000 1.183216 0.000000 0.000000
 0.341667 1.000000 0.000000 1.000000 1.183216 0.000000 0.000000
 0.345000 1.000000 0.000000 1.000000 1.183216 0.000000 0.000000
 0.348333 1.000000 0.000000 1.000000 1.183216 0.000000 0.000000
 0.351667 1.000000 0.000000 1.000000 1.183216 0.000000 0.000000
 0.355000 1.000000 0.000000 1.000000 1.183216 0.000000 0.000000
 0.358333 1.000000 0.000000 1.000000 1.183216 0.000000 0.000000
 0.361667 1.000000 0.000000 1.000000 1.183216 0.000000 0.000000
 0.365000 1.000000 0.000000 1.000000 1.183216 0.000000 0.000000
 0.368333 1.000000 0.000000 1.000000 1.183216 0.000000 0.000000
 0.371667 1.000000 0.000000 1.000000 1.183216 0.000000 0.000000
 0.375000 1.000000 0.000000 1.000000 1.183216 0.000000 0.000000
 0.378333 1.000000 0.000000 1.000000 1.183216 0.000000 0.000000
 0.381667 1.000000 0.000000 1.000000 1.183216 0.000000 0.000000
 0.385000 1.000000 0.000000 1.000000 1.183216 0.000000 0.000000
 0.388333 1.000000 0.000000 1.000000 1.183216 0.000000 0.000000
 0.391667 1.000000 0.000000 1.000000 1.183216 0.000000 0.000000
 0.395000 1.000000 0.000000 1.000000 1.183216 0.000000 0.000000
 0.398333 1.000000 0.000000 1.000000 1.183216 0.000000 0.000000
 0.401667 1.000000 0.000000 1.000000 1.183216 0.000000 0.000000
 0.405000 1.000000 0.000000 1.000000 1.183216 0.000000 0.000000
 0.408333 1.000000 0.000000 1.000000 1.183216 0.000000 0.000000
 0.411667 1.000000 0.000000 1.000000 1.183216 0.000000 0.000000
 0.415000 1.000000 0.000000 1.000000 1.183216 0.000000 0.000000
 0.418333 1.000000 0.000000 1.000000 1.183216 0.000000 0.000000
 0.421667 1.000000 0.000000 1.000000 1.183216 0.000000 0.000000
 0.425000 1.000000 0.000000 1.000000 1.183216 0.000000 0.000000
 0.428333 1.000000 0.000000 1.000000 1.183216 0.000000 0.000000
 0.431667 1.000000 0.000000 1.000000 1.183216 0.000000 0.000000
 0.435000 1.000000 0.000000 1.000000 1.183216 0.000000 0.000000
 0.438333 1.000000 0.000000 1.000000 1.183216 0.000000 0.000000
 0.441667 1.000000 0.000000 1.000000 1.183216 0.000000 0.000000
 0.445000 1.000000 0.000000 1.000000 1.183216 0.000000 0.000000
 0.448333 1.000000 0.000000 1.000000 1.183216 0.000000 0.000000
 0.451667 1.000000 0.000000 1.000000 1.183216 0.000000 0.000000
 0.455000 1.000000 0.000000 1.000000 1.183216 0.000000 0.000000
 0.458333 1.000000 0.000000 1.000000 1.183216 0.000000 0.000000
 0.461667 1.000000 0.000000 1.000000 1.183216 0.000000 0.000000
 0.465000 1.000000 0.000000 1.000000 1.183216 0.000000 0.000000
 0.468333 1.000000 0.000000 1.000000 1.183216 0.000000 0.000000
 0.471667 1.000000 0.000000 1.000000 1.183216 0.000000 0.000000
 0.475000 1.000000 0.000000 1.000000 1.183216 0.000000 0.000000
 0.478333 1.000000 0.000000 1.000000 1.183216 0.000000 0.000000
 0.481667 1.000000 0.000000 1.000000 1.183216 0.000000 0.000000
 0.485000 1.000000 0.000000 1.000000 1.183216 0.000000 0.000000
 0.488333 1.000000 0.000000 1.000000 1.183216 0.000000 0.000000
 0.491667 1.000000 0.000000 1.000000 1.183216 0.000000 0.000000
 0.495000 1.000000 0.000000 1.000000 1.183216 0.000000 0.000000
 0.498333 1.000000 0.000000 1.000000 1.183216 0.000000 0.000000
 0.501667 1.000000 0.000000 1.000000 1.183216 0.000000 0.000000
 0.505000 1.000000 0.000000 1.000000 1.183216 0.000000 0.000000
 0.508333 1.000000 0.000000 1.000000 1.183216 0.000000 0.000000
 0.511667 1.000000 0.000000 1.000000 1.183216 0.000000 0.000000
 0.515000 1.000000 0.000000 1.000000 1.183216 0.000000 0.000000
 0.518333 1.000000 0.000000 1.000000 1.183216 0.000000 0.000000
 0.521667 1.000000 0.000000 1.000000 1.183216 0.000000 0.000000
 0.525000 1.000000 0.000000 1.000000 1.183216 0.000000 0.000000
 0.528333 1.000000 0.000000 1.000000 1.183216 0.000000 0.000000
 0.531667 1.000000 0.000000 1.000000 1.183216 0.000000 0.000000
 0.535000 1.000000 0.000000 1.000000 1.183216 0.000000 0.000000
 0.538333 1.000000 0.000000 1.000000 1.183216 0.000000 0.000000
 0.541667 1.000000 0.000000 1.000000 1.183216 0.000000 0.000000
 0.545000 1.000000 0.000000 1.000000 1.183216 0.000000 0.000000
 0.548333 1.000000 0.000000 1.000000 1.183216 0.000000 0.000000
 0.551667 1.000000 0.000000 1.000000 1.183216 0.000000 0.000000
 0.555000 1.000000 0.000000 1.000000 1.183216 0.000000 0.000000
 0.558333 1.000000 0.000000 1.000000 1.183216 0.000000 0.000000
 0.561667 1.000000 0.000000 1.000000 1.183216 0.000000 0.000000
 0.565000 1.000000 0.000000 1.000000 1.183216 0.000000 0.000000
 0.568333 1.000000 0.000000 1.000000 1.183216 0.000000 0.000000
 0.571667 1.000000 0.000000 1.000000 1.183216 0.000000 0.000000
 0.575000 1.000000 0.000000 1.000000 1.183216 0.000000 0.000000
 0.578333 1.000000 0.000000 1.000000 1.183216 0.000000 0.000000
 0.581667 1.000000 0.000000 1.000000 1.183216 0.000000 0.000000
 0.585000 1.000000 0.000000 1.000000 1.183216 0.000000 0.000000
 0.588333 1.000000 0.000000 1.000000 1.183216 0.000000 0.000000
 0.591667 1.000000 0.000000 1.000000 1.183216 0.000000 0.000000
 0.595000 1.000000 0.000000 1.000000 1.183216 0.000000 0.000000
 0.598333 1.000000 0.000000 1.000000 1.183216 0.000000 0.000000
 0.601667 1.000000 0.000000 1.000000 1.183216 0.000000 0.000000
 0.605000 1.000000 0.000000 1.000000 1.183216 0.000000 0.000000
 0.608333 1.000000 0.000000 1.000000 1.183216 0.000000 0.000000
 0.611667 1.000000 0.000000 1.000000 1.183216 0.000000 0.000000
 0.615000 1.000000 0.000000 1.000000 1.183216 0.000000 0.000000
 0.618333 1.000000 0.000000 1.000000 1.183216 0.000000 0.000000
 0.621667 1.000000 0.000000 1.000000 1.183216 0.000000 0.000000
 0.625000 1.000000 0.000000 1.000000 1.183216 0.000000 0.000000
 0.628333 1.000000 0.000000 1.000000 1.183216 0.000000 0.000000
 0.631667 1.000000 0.000000 1.000000 1.183216 0.000000 0.000000
 0.635000 1.000000 0.000000 1.000000 1.183216 0.000000 0.000000
 0.638333 1.000000 0.000000 1.000000 1.183216 0.000000 0.000000
 0.641667 1.000000 0.000000 1.000000 1.183216 0.000000 0.000000
 0.645000 1.000000 0.000000 1.000000 1.183216 0.000000 0.000000
 0.648333 1.000000 0.000000 1.000000 1.183216 0.000000 0.000000
 0.651667 1.000000 0.000000 1.000000 1.183216 0.000000 0.000000
 0.655000 1.000000 0.000000 1.000000 1.183216 0.000000 0.000000
 0.658333 1.000000 0.000000 1.000000 1.183216 0.000000 0.000000
 0.661667 1.000000 0.000000 1.000000 1.183216 0.000000 0.000000
 0.665000 1.000000 0.000000 1.000000 1.183216 0.000000 0.000000
 0.668333 1.000000 0.000000 1.000000 1.183216 0.000000 0.000000
 0.671667 1.000000 0.000000 1.000000 1.183216 0.000000 0.000000
 0.675000 1.000000 0.000000 1.000000 1.183216 0.000000 0.000000
 0.678333 1.000000 0.000000 1.000000 1.183216 0.000000 0.000000
 0.681667 1.000000 0.000000 1.000000 1.183216 0.000000 0.000000
 0.685000 1.000000 0.000000 1.000000 1.183216 0.000000 0.000000
 0.688333 1.000000 0.000000 1.000000 1.183216 0.000000 0.000000
 0.691667 1.000000 0.000000 1.000000 1.183216 0.000000 0.000000
 0.695000 1.000000 0.000000 1.000000 1.183216 0.000000 0.000000
 0.698333 1.000000 0.000000 1.000000 1.183216 0.000000 0.000000
 0.701667 1.000000 0.000000 1.000000 1.183216 0.000000 0.000000
 0.705000 1.000000 0.000000 1.000000 1.183216 0.000000 0.000000
 0.708333 1.000000 0.000000 1.000000 1.183216 0.000000 0.000000
 0.711667 1.000000 0.000000 1.000000 1.183216 0.000000 0.000000
 0.715000 1.000000 0.000000 1.000000 1.183216 0.000000 0.000000
 0.718333 1.000000 0.000000 1.000000 1.183216 0.000000 0.000000
 0.721667 1.000000 0.000000 1.000000 1.183216 0.000000 0.000000
 0.725000 1.000000 0.000000 1.000000 1.183216 0.000000 0.000000
 0.728333 1.000000 0.000000 1.000000 1.183216 0.000000 0.000000
 0.731667 1.000000 0.000000 1.000000 1.183216 0.000000 0.000000
 0.735000 1.000000 0.000000 1.000000 1.183216 0.000000 0.000000
 0.738333 1.000000 0.000000 1.000000 1.183216 0.000000 0.000000
 0.741667 1.000000 0.000000 1.000000 1.183216 0.000000 0.000000
 0.745000 1.000000 0.000000 1.000000 1.183216 0.000000 0.000000
 0.748333 1.000000 0.000000 1.000000 1.183216 0.000000 0.000000
 0.751667 1.000000 0.000000 1.000000 1.183216 0.000000 0.000000
 0.755000 1.000000 0.000000 1.000000 1.183216 0.000000 0.000000
 0.758333 1.000000 0.000000 1.000000 1.183216 0.000000 0.000000
 0.761667 1.000000 0.000000 1.000000 1.183216 0.000000 0.000000
 0.765000 1.000000 0.000000 1.000000 1.183216 0.000000 0.000000
 0.768333 1.000000 0.000000 1.000000 1.183216 0.000000 0.000000
 0.771667 1.000000 0.000000 1.000000 1.183216 0.000000 0.000000
 0.775000 1.000000 0.000000 1.000000 1.183216 0.000000 0.000000
 0.778333 1.000000 0.000000 1.000000 1.183216 0.000000 0.000000
 0.781667 1.000000 0.000000 1.000000 1.183216 0.000000 0.000000
 0.785000 1.000000 0.000000 1.000000 1.183216 0.000000 0.000000
 0.788333 1.000000 0.000000 1.000000 1.183216 0.000000 0.000000
 0.791667 1.000000 0.000000 1.000000 1.183216 0.000000 0.000000
 0.795000 1.000000 0.000000 1.000000 1.183216 0.000000 0.000000
 0.798333 1.000000 0.000000 1.000000 1.183216 0.000000 0.000000
 0.801667 1.000000 0.000000 1.000000 1.183216 0.000000 0.000000
 0.805000 1.000000 0.000000 1.000000 1.183216 0.000000 0.000000
 0.808333 1.000000 0.000000 1.000000 1.183216 0.000000 0.000000
 0.811667 1.000000 0.000000 1.000000 1.183216 0.000000 0.000000
 0.815000 1.000000 0.000000 1.000000 1.183216 0.000000 0.000000
 0.818333 1.000000 0.000000 1.000000 1.183216 0.000000 0.000000
 0.821667 1.000000 0.000000 1.000000 1.183216 0.000000 0.000000
 0.825000 1.000000 0.000000 1.000000 1.183216 0.000000 0.000000
 0.828333 1.000000 0.000000 1.000000 1.183216 0.000000 0.000000
 0.831667 1.000000 0.000000 1.000000 1.183216 0.000000 0.000000
 0.835000 1.000000 0.000000 1.000000 1.183216 0.000000 0.000000
 0.838333 1.000000 0.000000 1.000000 1.183216 0.000000 0.000000
 0.841667 1.000000 0.000000 1.000000 1.183216 0.000000 0.000000
 0.845000 1.000000 0.000000 1.000000 1.183216 0.000000 0.000000
 0.848333 1.000000 0.000000 1.000000 1.183216 0.000000 0.000000
 0.851667 1.000000 0.000000 1.000000 1.183216 0.000000 0.000000
 0.855000 1.000000 0.000000 1.000000 1.183216 0.000000 0.000000
 0.858333 1.000000 0.000000 1.000000 1.183216 0.000000 0.000000
 0.861667 1.000000 0.000000 1.000000 1.183216 0.000000 0.000000
 0.865000 1.000000 0.000000 1.000000 1.183216 0.000000 0.000000
 0.868333 1.000000 0.000000 1.000000 1.183216 0.000000 0.000000
 0.871667 1.000000 0.000000 1.000000 1.183216 0.000000 0.000000
 0.875000 1.000000 0.000000 1.000000 1.183216 0.000000 0.000000
 0.878333 1.000000 0.000000 1.000000 1.183216 0.000000 0.000000
 0.881667 1.000000 0.000000 1.000000 1.183216 0.000000 0.000000
 0.885000 1.000000 0.000000 1.000000 1.183216 0.000000 0.000000
 0.888333 1.000000 0.000000 1.000000 1.183216 0.000000 0.000000
 0.891667 1.000000 0.000000 1.000000 1.183216 0.000000 0.000000
 0.895000 1.000000 0.000000 1.000000 1.183216 0.000000 0.000000
 0.898333 1.000000 0.000000 1.000000 1.183216 0.000000 0.000000
 0.901667 1.000000 0.000000 1.000000 1.183216 0.000000 0.000000
 0.905000 1.000000 0.000000 1.000000 1.183216 0.000000 0.000000
 0.908333 1.000000 0.000000 1.000000 1.183216 0.000000 0.000000
 0.911667 1.000000 0.000000 1.000000 1.183216 0.000000 0.000000
 0.915000 1.000000 0.000000 1.000000 1.183216 0.000000 0.000000
 0.918333 1.000000 0.000000 1.000000 1.183216 0.000000 0.000000
 0.921667 1.000000 0.000000 1.000000 1.183216 0.000000 0.000000
 0.925000 1.000000 0.000000 1.000000 1.183216 0.000000 0.000000
 0.928333 1.000000 0.000000 1.000000 1.183216 0.000000 0.000000
 0.931667 1.000000 0.000000 1.000000 1.183216 0.000000 0.000000
 0.935000 1.000000 0.000000 1.000000 1.183216 0.000000 0.000000
 0.938333 1.000000 0.000000 1.000000 1.183216 0.000000 0.000000
 0.941667 1.000000 0.000000 1.000000 1.183216 0.000000 0.000000
 0.945000 1.000000 0.000000 1.000000 1.183216 0.000000 0.000000
 0.948333 1.000000 0.000000 1.000000 1.183216 0.000000 0.000000
 0.951667 1.000000 0.000000 1.000000 1.183216 0.000000 0.000000
 0.955000 1.000000 0.000000 1.000000 1.183216 0.000000 0.000000
 0.958333 1.000000 0.000000 1.000000 1.183216 0.000000 0.000000
 0.961667 1.000000 0.000000 1.000000 1.183216 0.000000 0.000000
 0.965000 1.000000 0.000000 1.000000 1.183216 0.000000 0.000000
 0.968333 1.000000 0.000000 1.000000 1.183216 0.000000 0.000000
 0.971667 1.000000 0.000000 1.000000 1.183216 0.000000 0.000000
 0.975000 1.000000 0.000000 1.000000 1.183216 0.000000 0.000000
 0.978333 1.000000 0.000000 1.000000 1.183216 0.000000 0.000000
 0.981667 1.000000 0.000000 1.000000 1.183216 0.000000 0.000000
 0.985000 1.000000 0.000000 1.000000 1.183216 0.000000 0.000000
 0.988333 1.000000 0.000000 1.000000 1.183216 0.000000 0.000000
 0.991667 1.000000 0.000000 1.000000 1.183216 0.000000 0.000000
 0.995000 1.000000 0.000000 1.000000 1.183216 0.000000 0.000000
 0.998333 1.000000 0.000000 1.000000 1.183216 0.000000 0.000000
