Timer: 0.169780
 0.001667 0.999999 -0.999999 0.999999 1.183216 1.000000 0.000000
 0.005000 0.999999 -0.999999 0.999999 1.183216 1.000000 0.000000
 0.008333 0.999999 -0.999999 0.999998 1.183216 1.000000 0.000000
 0.011667 0.999998 -0.999998 0.999997 1.183215 1.000000 0.000000
 0.015000 0.999997 -0.999996 0.999995 1.183215 1.000000 0.000000
 0.018333 0.999995 -0.999993 0.999992 1.183215 1.000000 0.000000
 0.021667 0.999991 -0.999989 0.999987 1.183214 1.000000 0.000000
 0.025000 0.999985 -0.999983 0.999980 1.183213 1.000000 0.000000
 0.028333 0.999977 -0.999973 0.999968 1.183210 1.000000 0.000000
 0.031667 0.999964 -0.999957 0.999949 1.183207 1.000000 0.000000
 0.035000 0.999944 -0.999934 0.999921 1.183203 1.000000 0.000000
 0.038333 0.999914 -0.999899 0.999880 1.183196 1.000000 0.000000
 0.041667 0.999871 -0.999847 0.999819 1.183185 1.000000 0.000000
 0.045000 0.999809 -0.999774 0.999732 1.183171 1.000000 0.000000
 0.048333 0.999720 -0.999669 0.999608 1.183150 1.000000 0.000000
 0.051667 0.999596 -0.999522 0.999435 1.183120 1.000000 0.000000
 0.055000 0.999425 -0.999320 0.999196 1.183080 1.000000 0.000000
 0.058333 0.999194 -0.999046 0.998871 1.183025 1.000000 0.000000
 0.061667 0.998884 -0.998679 0.998437 1.182952 1.000000 0.000000
 0.065000 0.998475 -0.998195 0.997866 1.182855 1.000000 0.000000
 0.068333 0.997946 -0.997568 0.997126 1.182730 1.000000 0.000000
 0.071667 0.997269 -0.996765 0.996179 1.182569 1.000001 0.000000
 0.075000 0.996415 -0.995754 0.994987 1.182367 1.000001 0.000000
 0.078333 0.995356 -0.994497 0.993507 1.182116 1.000002 0.000000
 0.081667 0.994059 -0.992957 0.991696 1.181809 1.000003 0.000000
 0.085000 0.992493 -0.991096 0.989511 1.181437 1.000005 0.000000
 0.088333 0.990626 -0.988875 0.986909 1.180994 1.000008 0.000000
 0.091667 0.988431 -0.986259 0.983852 1.180472 1.000011 0.000000
 0.095000 0.985881 -0.983215 0.980305 1.179865 1.000016 0.000000
 0.098333 0.982954 -0.979714 0.976239 1.179167 1.000022 0.000000
 0.101667 0.979633 -0.975733 0.971631 1.178374 1.000030 0.000000
 0.105000 0.975904 -0.971251 0.966467 1.177481 1.000040 0.000000
 0.108333 0.971760 -0.966255 0.960739 1.176487 1.000052 0.000000
 0.111667 0.967200 -0.960739 0.954447 1.175389 1.000067 0.000000
 0.115000 0.962224 -0.954699 0.947598 1.174188 1.000085 0.000000
 0.118333 0.956842 -0.948138 0.940205 1.172884 1.000106 0.000000
 0.121667 0.951064 -0.941064 0.932290 1.171479 1.000131 0.000000
 0.125000 0.944906 -0.933488 0.923876 1.169975 1.000160 0.000000
 0.128333 0.938385 -0.925424 0.914992 1.168374 1.000193 0.000000
 0.131667 0.931521 -0.916891 0.905669 1.166682 1.000229 0.000000
 0.135000 0.924337 -0.907906 0.895941 1.164900 1.000270 0.000000
 0.138333 0.916854 -0.898491 0.885844 1.163034 1.000315 0.000000
 0.141667 0.909097 -0.888668 0.875413 1.161088 1.000365 0.000000
 0.145000 0.901089 -0.878458 0.864682 1.159067 1.000419 0.000000
 0.148333 0.892852 -0.867884 0.853687 1.156974 1.000477 0.000000
 0.151667 0.884411 -0.856967 0.842462 1.154814 1.000540 0.000000
 0.155000 0.875786 -0.845729 0.831038 1.152592 1.000607 0.000000
 0.158333 0.867000 -0.834189 0.819447 1.150310 1.000678 0.000000
 0.161667 0.858071 -0.822369 0.807717 1.147975 1.000754 0.000000
 0.165000 0.849018 -0.810286 0.795876 1.145588 1.000834 0.000000
 0.168333 0.839860 -0.797959 0.783949 1.143154 1.000918 0.000000
 0.171667 0.830613 -0.785404 0.771960 1.140675 1.001006 0.000000
 0.175000 0.821291 -0.772637 0.759929 1.138156 1.001099 0.000000
 0.178333 0.811911 -0.759672 0.747877 1.135599 1.001195 0.000000
 0.181667 0.802484 -0.746524 0.735823 1.133007 1.001295 0.000000
 0.185000 0.793023 -0.733205 0.723782 1.130381 1.001400 0.000000
 0.188333 0.783540 -0.719727 0.711770 1.127726 1.001508 0.000000
 0.191667 0.774044 -0.706102 0.699801 1.125042 1.001620 0.000000
 0.195000 0.764545 -0.692339 0.687888 1.122332 1.001736 0.000000
 0.198333 0.755051 -0.678449 0.676040 1.119598 1.001856 0.000000
 0.201667 0.745572 -0.664440 0.664269 1.116841 1.001980 0.000000
 0.205000 0.736113 -0.650321 0.652585 1.114064 1.002107 0.000000
 0.208333 0.726683 -0.636099 0.640994 1.111267 1.002239 0.000000
 0.211667 0.717286 -0.621783 0.629505 1.108453 1.002374 0.000000
 0.215000 0.707929 -0.607377 0.618124 1.105622 1.002512 0.000000
 0.218333 0.698617 -0.592891 0.606857 1.102777 1.002655 0.000000
 0.221667 0.689354 -0.578328 0.595709 1.099917 1.002801 0.000000
 0.225000 0.680146 -0.563696 0.584686 1.097045 1.002951 0.000000
 0.228333 0.670996 -0.548999 0.573791 1.094161 1.003105 0.000000
 0.231667 0.661908 -0.534244 0.563029 1.091266 1.003262 0.000000
 0.235000 0.652885 -0.519435 0.552403 1.088362 1.003423 0.000000
 0.238333 0.643932 -0.504578 0.541915 1.085450 1.003588 0.000000
 0.241667 0.635050 -0.489676 0.531569 1.082530 1.003757 0.000000
 0.245000 0.626244 -0.474736 0.521368 1.079604 1.003929 0.000000
 0.248333 0.617515 -0.459763 0.511312 1.076672 1.004105 0.000000
 0.251667 0.608868 -0.444760 0.501405 1.073735 1.004285 0.000000
 0.255000 0.600303 -0.429735 0.491649 1.070795 1.004469 0.000000
 0.258333 0.591824 -0.414690 0.482045 1.067853 1.004656 0.000000
 0.261667 0.583434 -0.399634 0.472595 1.064909 1.004847 0.000000
 0.265000 0.575136 -0.384570 0.463300 1.061965 1.005042 0.000000
 0.268333 0.566931 -0.369506 0.454163 1.059022 1.005240 0.000000
 0.271667 0.558823 -0.354449 0.445186 1.056081 1.005442 0.000000
 0.275000 0.550815 -0.339405 0.436369 1.053145 1.005647 0.000000
 0.278333 0.542911 -0.324383 0.427716 1.050214 1.005856 0.000000
 0.281667 0.535112 -0.309391 0.419228 1.047290 1.006069 0.000000
 0.285000 0.527425 -0.294441 0.410909 1.044375 1.006285 0.000000
 0.288333 0.519851 -0.279542 0.402760 1.041472 1.006504 0.000000
 0.291667 0.512397 -0.264708 0.394785 1.038583 1.006727 0.000000
 0.295000 0.505067 -0.249953 0.386988 1.035710 1.006952 0.000000
 0.298333 0.497867 -0.235292 0.379372 1.032857 1.007181 0.000000
 0.301667 0.490803 -0.220745 0.371944 1.030028 1.007412 0.000000
 0.305000 0.483884 -0.206332 0.364708 1.027226 1.007645 0.000000
 0.308333 0.477117 -0.192078 0.357672 1.024457 1.007881 0.000000
 0.311667 0.470512 -0.178008 0.350842 1.021725 1.008119 0.000000
 0.315000 0.464080 -0.164156 0.344227 1.019038 1.008359 0.000000
 0.318333 0.457833 -0.150556 0.337838 1.016401 1.008600 0.000000
 0.321667 0.451784 -0.137248 0.331685 1.013822 1.008842 0.000000
 0.325000 0.445949 -0.124277 0.325782 1.011312 1.009085 0.000000
 0.328333 0.440345 -0.111694 0.320142 1.008879 1.009329 0.000000
 0.331667 0.434990 -0.099554 0.314781 1.006534 1.009572 0.000000
 0.335000 0.429905 -0.087918 0.309716 1.004291 1.009815 0.000000
 0.338333 0.425109 -0.076850 0.304963 1.002160 1.010058 0.000000
 0.341667 0.420624 -0.066415 0.300540 1.000157 1.010301 0.000000
 0.345000 0.416470 -0.056680 0.296464 0.998293 1.010543 0.000000
 0.348333 0.412666 -0.047708 0.292750 0.996582 1.010785 0.000000
 0.351667 0.409227 -0.039554 0.289409 0.995035 1.011027 0.000000
 0.355000 0.406164 -0.032261 0.286450 0.993661 1.011271 0.000000
 0.358333 0.403480 -0.025855 0.283873 0.992465 1.011518 0.000000
 0.361667 0.401171 -0.020342 0.281671 0.991449 1.011769 0.000000
 0.365000 0.399224 -0.015702 0.279830 0.990611 1.012025 0.000000
 0.368333 0.397617 -0.011892 0.278327 0.989940 1.012288 0.000000
 0.371667 0.396318 -0.008843 0.277129 0.989426 1.012561 0.000000
 0.375000 0.395290 -0.006471 0.276201 0.989050 1.012844 0.000000
 0.378333 0.394492 -0.004677 0.275500 0.988795 1.013139 0.000000
 0.381667 0.393881 -0.003358 0.274987 0.988639 1.013448 0.000000
 0.385000 0.393417 -0.002416 0.274622 0.988564 1.013772 0.000000
 0.388333 0.393062 -0.001759 0.274367 0.988552 1.014113 0.000000
 0.391667 0.392786 -0.001312 0.274195 0.988588 1.014473 0.000000
 0.395000 0.392563 -0.001011 0.274079 0.988661 1.014852 0.000000
 0.398333 0.392373 -0.000809 0.274002 0.988761 1.015254 0.000000
 0.401667 0.392202 -0.000673 0.273950 0.988882 1.015681 0.000000
 0.405000 0.392041 -0.000577 0.273914 0.989022 1.016134 0.000000
 0.408333 0.391882 -0.000508 0.273889 0.989176 1.016616 0.000000
 0.411667 0.391720 -0.000455 0.273869 0.989345 1.017132 0.000000
 0.415000 0.391553 -0.000411 0.273854 0.989529 1.017683 0.000000
 0.418333 0.391377 -0.000375 0.273841 0.989728 1.018275 0.000000
 0.421667 0.391191 -0.000343 0.273830 0.989943 1.018912 0.000000
 0.425000 0.390993 -0.000315 0.273821 0.990177 1.019601 0.000000
 0.428333 0.390780 -0.000289 0.273813 0.990432 1.020348 0.000000
 0.431667 0.390550 -0.000266 0.273805 0.990710 1.021160 0.000000
 0.435000 0.390301 -0.000245 0.273798 0.991014 1.022049 0.000000
 0.438333 0.390029 -0.000225 0.273793 0.991349 1.023025 0.000000
 0.441667 0.389730 -0.000207 0.273787 0.991719 1.024103 0.000000
 0.445000 0.389400 -0.000190 0.273783 0.992131 1.025300 0.000000
 0.448333 0.389033 -0.000174 0.273778 0.992591 1.026639 0.000000
 0.451667 0.388622 -0.000159 0.273774 0.993109 1.028147 0.000000
 0.455000 0.388156 -0.000145 0.273771 0.993698 1.029860 0.000000
 0.458333 0.387626 -0.000132 0.273768 0.994372 1.031822 0.000000
 0.461667 0.387015 -0.000119 0.273765 0.995152 1.034094 0.000000
 0.465000 0.386303 -0.000107 0.273763 0.996065 1.036754 0.000000
 0.468333 0.385462 -0.000096 0.273761 0.997146 1.039912 0.000000
 0.471667 0.384456 -0.000085 0.273759 0.998447 1.043717 0.000000
 0.475000 0.383232 -0.000074 0.273757 1.000038 1.048384 0.000000
 0.478333 0.381712 -0.000063 0.273756 1.002024 1.054227 0.000000
 0.481667 0.379783 -0.000053 0.273755 1.004564 1.061727 0.000000
 0.485000 0.377264 -0.000043 0.273754 1.007909 1.071659 0.000000
 0.488333 0.373858 -0.000033 0.273753 1.012489 1.085350 0.000000
 0.491667 0.369021 -0.000024 0.273753 1.019102 1.105317 0.000000
 0.495000 0.361585 -0.000014 0.273752 1.029526 1.137268 0.000000
 0.498333 0.348477 -0.000005 0.273752 1.048711 1.197607 0.000000
 0.501667 0.348477 0.000005 0.273752 1.048711 1.197607 0.000000
 0.505000 0.361585 0.000014 0.273752 1.029526 1.137268 0.000000
 0.508333 0.369021 0.000024 0.273753 1.019102 1.105317 0.000000
 0.511667 0.373858 0.000033 0.273753 1.012489 1.085350 0.000000
 0.515000 0.377264 0.000043 0.273754 1.007909 1.071659 0.000000
 0.518333 0.379783 0.000053 0.273755 1.004564 1.061727 0.000000
 0.521667 0.381712 0.000063 0.273756 1.002024 1.054227 0.000000
 0.525000 0.383232 0.000074 0.273757 1.000038 1.048384 0.000000
 0.528333 0.384456 0.000085 0.273759 0.998447 1.043717 0.000000
 0.531667 0.385462 0.000096 0.273761 0.997146 1.039912 0.000000
 0.535000 0.386303 0.000107 0.273763 0.996065 1.036754 0.000000
 0.538333 0.387015 0.000119 0.273765 0.995152 1.034094 0.000000
 0.541667 0.387626 0.000132 0.273768 0.994372 1.031822 0.000000
 0.545000 0.388156 0.000145 0.273771 0.993698 1.029860 0.000000
 0.548333 0.388622 0.000159 0.273774 0.993109 1.028147 0.000000
 0.551667 0.389033 0.000174 0.273778 0.992591 1.026639 0.000000
 0.555000 0.389400 0.000190 0.273783 0.992131 1.025300 0.000000
 0.558333 0.389730 0.000207 0.273787 0.991719 1.024103 0.000000
 0.561667 0.390029 0.000225 0.273793 0.991349 1.023025 0.000000
 0.565000 0.390301 0.000245 0.273798 0.991014 1.022049 0.000000
 0.568333 0.390550 0.000266 0.273805 0.990710 1.021160 0.000000
 0.571667 0.390780 0.000289 0.273813 0.990432 1.020348 0.000000
 0.575000 0.390993 0.000315 0.273821 0.990177 1.019601 0.000000
 0.578333 0.391191 0.000343 0.273830 0.989943 1.018912 0.000000
 0.581667 0.391377 0.000375 0.273841 0.989728 1.018275 0.000000
 0.585000 0.391553 0.000411 0.273854 0.989529 1.017683 0.000000
 0.588333 0.391720 0.000455 0.273869 0.989345 1.017132 0.000000
 0.591667 0.391882 0.000508 0.273889 0.989176 1.016616 0.000000
 0.595000 0.392041 0.000577 0.273914 0.989022 1.016134 0.000000
 0.598333 0.392202 0.000673 0.273950 0.988882 1.015681 0.000000
 0.601667 0.392373 0.000809 0.274002 0.988761 1.015254 0.000000
 0.605000 0.392563 0.001011 0.274079 0.988661 1.014852 0.000000
 0.608333 0.392786 0.001312 0.274195 0.988588 1.014473 0.000000
 0.611667 0.393062 0.001759 0.274367 0.988552 1.014113 0.000000
 0.615000 0.393417 0.002416 0.274622 0.988564 1.013772 0.000000
 0.618333 0.393881 0.003358 0.274987 0.988639 1.013448 0.000000
 0.621667 0.394492 0.004677 0.275500 0.988795 1.013139 0.000000
 0.625000 0.395290 0.006471 0.276201 0.989050 1.012844 0.000000
 0.628333 0.396318 0.008843 0.277129 0.989426 1.012561 0.000000
 0.631667 0.397617 0.011892 0.278327 0.989940 1.012288 0.000000
 0.635000 0.399224 0.015702 0.279830 0.990611 1.012025 0.000000
 0.638333 0.401171 0.020342 0.281671 0.991449 1.011769 0.000000
 0.641667 0.403480 0.025855 0.283873 0.992465 1.011518 0.000000
 0.645000 0.406164 0.032261 0.286450 0.993661 1.011271 0.000000
 0.648333 0.409227 0.039554 0.289409 0.995035 1.011027 0.000000
 0.651667 0.412666 0.047708 0.292750 0.996582 1.010785 0.000000
 0.655000 0.416470 0.056680 0.296464 0.998293 1.010543 0.000000
 0.658333 0.420624 0.066415 0.300540 1.000157 1.010301 0.000000
 0.661667 0.425109 0.076850 0.304963 1.002160 1.010058 0.000000
 0.665000 0.429905 0.087918 0.309716 1.004291 1.009815 0.000000
 0.668333 0.434990 0.099554 0.314781 1.006534 1.009572 0.000000
 0.671667 0.440345 0.111694 0.320142 1.008879 1.009329 0.000000
 0.675000 0.445949 0.124277 0.325782 1.011312 1.009085 0.000000
 0.678333 0.451784 0.137248 0.331685 1.013822 1.008842 0.000000
 0.681667 0.457833 0.150556 0.337838 1.016401 1.008600 0.000000
 0.685000 0.464080 0.164156 0.344227 1.019038 1.008359 0.000000
 0.688333 0.470512 0.178008 0.350842 1.021725 1.008119 0.000000
 0.691667 0.477117 0.192078 0.357672 1.024457 1.007881 0.000000
 0.695000 0.483884 0.206332 0.364708 1.027226 1.007645 0.000000
 0.698333 0.490803 0.220745 0.371944 1.030028 1.007412 0.000000
 0.701667 0.497867 0.235292 0.379372 1.032857 1.007181 0.000000
 0.705000 0.505067 0.249953 0.386988 1.035710 1.006952 0.000000
 0.708333 0.512397 0.264708 0.394785 1.038583 1.006727 0.000000
 0.711667 0.519851 0.279542 0.402760 1.041472 1.006504 0.000000
 0.715000 0.527425 0.294441 0.410909 1.044375 1.006285 0.000000
 0.718333 0.535112 0.309391 0.419228 1.047290 1.006069 0.000000
 0.721667 0.542911 0.324383 0.427716 1.050214 1.005856 0.000000
 0.725000 0.550815 0.339405 0.436369 1.053145 1.005647 0.000000
 0.728333 0.558823 0.354449 0.445186 1.056081 1.005442 0.000000
 0.731667 0.566931 0.369506 0.454163 1.059022 1.005240 0.000000
 0.735000 0.575136 0.384570 0.463300 1.061965 1.005042 0.000000
 0.738333 0.583434 0.399634 0.472595 1.064909 1.004847 0.000000
 0.741667 0.591824 0.414690 0.482045 1.067853 1.004656 0.000000
 0.745000 0.600303 0.429735 0.491649 1.070795 1.004469 0.000000
 0.748333 0.608868 0.444760 0.501405 1.073735 1.004285 0.000000
 0.751667 0.617515 0.459763 0.511312 1.076672 1.004105 0.000000
 0.755000 0.626244 0.474736 0.521368 1.079604 1.003929 0.000000
 0.758333 0.635050 0.489676 0.531569 1.082530 1.003757 0.000000
 0.761667 0.643932 0.504578 0.541915 1.085450 1.003588 0.000000
 0.765000 0.652885 0.519435 0.552403 1.088362 1.003423 0.000000
 0.768333 0.661908 0.534244 0.563029 1.091266 1.003262 0.000000
 0.771667 0.670996 0.548999 0.573791 1.094161 1.003105 0.000000
 0.775000 0.680146 0.563696 0.584686 1.097045 1.002951 0.000000
 0.778333 0.689354 0.578328 0.595709 1.099917 1.002801 0.000000
 0.781667 0.698617 0.592891 0.606857 1.102777 1.002655 0.000000
 0.785000 0.707929 0.607377 0.618124 1.105622 1.002512 0.000000
 0.788333 0.717286 0.621783 0.629505 1.108453 1.002374 0.000000
 0.791667 0.726683 0.636099 0.640994 1.111267 1.002239 0.000000
 0.795000 0.736113 0.650321 0.652585 1.114064 1.002107 0.000000
 0.798333 0.745572 0.664440 0.664269 1.116841 1.001980 0.000000
 0.801667 0.755051 0.678449 0.676040 1.119598 1.001856 0.000000
 0.805000 0.764545 0.692339 0.687888 1.122332 1.001736 0.000000
 0.808333 0.774044 0.706102 0.699801 1.125042 1.001620 0.000000
 0.811667 0.783540 0.719727 0.711770 1.127726 1.001508 0.000000
 0.815000 0.793023 0.733205 0.723782 1.130381 1.001400 0.000000
 0.818333 0.802484 0.746524 0.735823 1.133007 1.001295 0.000000
 0.821667 0.811911 0.759672 0.747877 1.135599 1.001195 0.000000
 0.825000 0.821291 0.772637 0.759929 1.138156 1.001099 0.000000
 0.828333 0.830613 0.785404 0.771960 1.140675 1.001006 0.000000
 0.831667 0.839860 0.797959 0.783949 1.143154 1.000918 0.000000
 0.835000 0.849018 0.810286 0.795876 1.145588 1.000834 0.000000
 0.838333 0.858071 0.822369 0.807717 1.147975 1.000754 0.000000
 0.841667 0.867000 0.834189 0.819447 1.150310 1.000678 0.000000
 0.845000 0.875786 0.845729 0.831038 1.152592 1.000607 0.000000
 0.848333 0.884411 0.856967 0.842462 1.154814 1.000540 0.000000
 0.851667 0.892852 0.867884 0.853687 1.156974 1.000477 0.000000
 0.855000 0.901089 0.878458 0.864682 1.159067 1.000419 0.000000
 0.858333 0.909097 0.888668 0.875413 1.161088 1.000365 0.000000
 0.861667 0.916854 0.898491 0.885844 1.163034 1.000315 0.000000
 0.865000 0.924337 0.907906 0.895941 1.164900 1.000270 0.000000
 0.868333 0.931521 0.916891 0.905669 1.166682 1.000229 0.000000
 0.871667 0.938385 0.925424 0.914992 1.168374 1.000193 0.000000
 0.875000 0.944906 0.933488 0.923876 1.169975 1.000160 0.000000
 0.878333 0.951064 0.941064 0.932290 1.171479 1.000131 0.000000
 0.881667 0.956842 0.948138 0.940205 1.172884 1.000106 0.000000
 0.885000 0.962224 0.954699 0.947598 1.174188 1.000085 0.000000
 0.888333 0.967200 0.960739 0.954447 1.175389 1.000067 0.000000
 0.891667 0.971760 0.966255 0.960739 1.176487 1.000052 0.000000
 0.895000 0.975904 0.971251 0.966467 1.177481 1.000040 0.000000
 0.898333 0.979633 0.975733 0.971631 1.178374 1.000030 0.000000
 0.901667 0.982954 0.979714 0.976239 1.179167 1.000022 0.000000
 0.905000 0.985881 0.983215 0.980305 1.179865 1.000016 0.000000
 0.908333 0.988431 0.986259 0.983852 1.180472 1.000011 0.000000
 0.911667 0.990626 0.988875 0.986909 1.180994 1.000008 0.000000
 0.915000 0.992493 0.991096 0.989511 1.181437 1.000005 0.000000
 0.918333 0.994059 0.992957 0.991696 1.181809 1.000003 0.000000
 0.921667 0.995356 0.994497 0.993507 1.182116 1.000002 0.000000
 0.925000 0.996415 0.995754 0.994987 1.182367 1.000001 0.000000
 0.928333 0.997269 0.996765 0.996179 1.182569 1.000001 0.000000
 0.931667 0.997946 0.997568 0.997126 1.182730 1.000000 0.000000
 0.935000 0.998475 0.998195 0.997866 1.182855 1.000000 0.000000
 0.938333 0.998884 0.998679 0.998437 1.182952 1.000000 0.000000
 0.941667 0.999194 0.999046 0.998871 1.183025 1.000000 0.000000
 0.945000 0.999425 0.999320 0.999196 1.183080 1.000000 0.000000
 0.948333 0.999596 0.999522 0.999435 1.183120 1.000000 0.000000
 0.951667 0.999720 0.999669 0.999608 1.183150 1.000000 0.000000
 0.955000 0.999809 0.999774 0.999732 1.183171 1.000000 0.000000
 0.958333 0.999871 0.999847 0.999819 1.183185 1.000000 0.000000
 0.961667 0.999914 0.999899 0.999880 1.183196 1.000000 0.000000
 0.965000 0.999944 0.999934 0.999921 1.183203 1.000000 0.000000
 0.968333 0.999964 0.999957 0.999949 1.183207 1.000000 0.000000
 0.971667 0.999977 0.999973 0.999968 1.183210 1.000000 0.000000
 0.975000 0.999985 0.999983 0.999980 1.183213 1.000000 0.000000
 0.978333 0.999991 0.999989 0.999987 1.183214 1.000000 0.000000
 0.981667 0.999995 0.999993 0.999992 1.183215 1.000000 0.000000
 0.985000 0.999997 0.999996 0.999995 1.183215 1.000000 0.000000
 0.988333 0.999998 0.999998 0.999997 1.183215 1.000000 0.000000
 0.991667 0.999999 0.999999 0.999998 1.183216 1.000000 0.000000
 0.995000 0.999999 0.999999 0.999999 1.183216 1.000000 0.000000
 0.998333 0.999999 0.999999 0.999999 1.183216 1.000000 0.000000
