Timer: 0.022563
 0.001667 2.000000 0.000000 2.000000 1.183216 -0.277259 0.000000
 0.005000 2.000000 0.000000 2.000000 1.183216 -0.277259 0.000000
 0.008333 2.000000 0.000000 2.000000 1.183216 -0.277259 0.000000
 0.011667 2.000000 0.000000 2.000000 1.183216 -0.277259 0.000000
 0.015000 2.000000 0.000000 2.000000 1.183216 -0.277259 0.000000
 0.018333 2.000000 0.000000 2.000000 1.183216 -0.277259 0.000000
 0.021667 2.000000 0.000000 2.000000 1.183216 -0.277259 0.000000
 0.025000 2.000000 0.000000 2.000000 1.183216 -0.277259 0.000000
 0.028333 2.000000 0.000000 2.000000 1.183216 -0.277259 0.000000
 0.031667 2.000000 0.000000 2.000000 1.183216 -0.277259 0.000000
 0.035000 2.000000 0.000000 2.000000 1.183216 -0.277259 0.000000
 0.038333 2.000000 0.000000 2.000000 1.183216 -0.277259 0.000000
 0.041667 2.000000 0.000000 2.000000 1.183216 -0.277259 0.000000
 0.045000 2.000000 0.000000 2.000000 1.183216 -0.277259 0.000000
 0.048333 2.000000 0.000000 2.000000 1.183216 -0.277259 0.000000
 0.051667 2.000000 0.000000 2.000000 1.183216 -0.277259 0.000000
 0.055000 2.000000 0.000000 2.000000 1.183216 -0.277259 0.000000
 0.058333 2.000000 0.000000 2.000000 1.183216 -0.277259 0.000000
 0.061667 2.000000 0.000000 2.000000 1.183216 -0.277259 0.000000
 0.065000 2.000000 0.000000 2.000000 1.183216 -0.277259 0.000000
 0.068333 2.000000 0.000000 2.000000 1.183216 -0.277259 0.000000
 0.071667 2.000000 0.000000 2.000000 1.183216 -0.277259 0.000000
 0.075000 2.000000 0.000000 2.000000 1.183216 -0.277259 0.000000
 0.078333 2.000000 0.000000 2.000000 1.183216 -0.277259 0.000000
 0.081667 2.000000 0.000000 2.000000 1.183216 -0.277259 0.000000
 0.085000 2.000000 0.000000 2.000000 1.183216 -0.277259 0.000000
 0.088333 2.000000 0.000000 2.000000 1.183216 -0.277259 0.000000
 0.091667 2.000000 0.000000 2.000000 1.183216 -0.277259 0.000000
 0.095000 2.000000 0.000000 2.000000 1.183216 -0.277259 0.000000
 0.098333 2.000000 0.000000 2.000000 1.183216 -0.277259 0.000000
 0.101667 2.000000 0.000000 2.000000 1.183216 -0.277259 0.000000
 0.105000 2.000000 0.000000 2.000000 1.183216 -0.277259 0.000000
 0.108333 2.000000 0.000000 2.000000 1.183216 -0.277259 0.000000
 0.111667 2.000000 0.000000 2.000000 1.183216 -0.277259 0.000000
 0.115000 2.000000 0.000000 2.000000 1.183216 -0.277259 0.000000
 0.118333 2.000000 0.000000 2.000000 1.183216 -0.277259 0.000000
 0.121667 2.000000 0.000000 2.000000 1.183216 -0.277259 0.000000
 0.125000 2.000000 0.000000 2.000000 1.183216 -0.277259 0.000000
 0.128333 2.000000 0.000000 2.000000 1.183216 -0.277259 0.000000
 0.131667 2.000000 0.000000 2.000000 1.183216 -0.277259 0.000000
 0.135000 2.000000 0.000000 2.000000 1.183216 -0.277259 0.000000
 0.138333 2.000000 0.000000 2.000000 1.183216 -0.277259 0.000000
 0.141667 2.000000 0.000000 2.000000 1.183216 -0.277259 0.000000
 0.145000 2.000000 0.000000 2.000000 1.183216 -0.277259 0.000000
 0.148333 2.000000 0.000000 2.000000 1.183216 -0.277259 0.000000
 0.151667 2.000000 0.000000 2.000000 1.183216 -0.277259 0.000000
 0.155000 2.000000 0.000000 2.000000 1.183216 -0.277259 0.000000
 0.158333 2.000000 0.000000 2.000000 1.183216 -0.277259 0.000000
 0.161667 2.000000 0.000000 2.000000 1.183216 -0.277259 0.000000
 0.165000 2.000000 0.000000 2.000000 1.183216 -0.277259 0.000000
 0.168333 2.000000 0.000000 2.000000 1.183216 -0.277259 0.000000
 0.171667 2.000000 0.000000 2.000000 1.183216 -0.277259 0.000000
 0.175000 2.000000 0.000000 2.000000 1.183216 -0.277259 0.000000
 0.178333 2.000000 0.000000 2.000000 1.183216 -0.277259 0.000000
 0.181667 2.000000 0.000000 2.000000 1.183216 -0.277259 0.000000
 0.185000 2.000000 0.000000 2.000000 1.183216 -0.277259 0.000000
 0.188333 2.000000 0.000000 2.000000 1.183216 -0.277259 0.000000
 0.191667 2.000000 0.000000 2.000000 1.183216 -0.277259 0.000000
 0.195000 2.000000 0.000000 2.000000 1.183216 -0.277259 0.000000
 0.198333 2.000000 0.000000 2.000000 1.183216 -0.277259 0.000000
 0.201667 2.000000 0.000000 2.000000 1.183216 -0.277259 0.000000
 0.205000 2.000000 0.000000 2.000000 1.183216 -0.277259 0.000000
 0.208333 2.000000 0.000000 2.000000 1.183216 -0.277259 0.000000
 0.211667 2.000000 0.000000 2.000000 1.183216 -0.277259 0.000000
 0.215000 2.000000 0.000000 2.000000 1.183216 -0.277259 0.000000
 0.218333 2.000000 0.000000 2.000000 1.183216 -0.277259 0.000000
 0.221667 2.000000 0.000000 2.000000 1.183216 -0.277259 0.000000
 0.225000 2.000000 0.000000 2.000000 1.183216 -0.277259 0.000000
 0.228333 2.000000 0.000000 2.000000 1.183216 -0.277259 0.000000
 0.231667 2.000000 0.000000 2.000000 1.183216 -0.277259 0.000000
 0.235000 2.000000 0.000000 2.000000 1.183216 -0.277259 0.000000
 0.238333 2.000000 0.000000 2.000000 1.183216 -0.277259 0.000000
 0.241667 2.000000 0.000000 2.000000 1.183216 -0.277259 0.000000
 0.245000 2.000000 0.000000 2.000000 1.183216 -0.277259 0.000000
 0.248333 2.000000 0.000000 2.000000 1.183216 -0.277259 0.000000
 0.251667 2.000000 0.000000 2.000000 1.183216 -0.277259 0.000000
 0.255000 2.000000 0.000000 2.000000 1.183216 -0.277259 0.000000
 0.258333 2.000000 0.000000 2.000000 1.183216 -0.277259 0.000000
 0.261667 2.000000 0.000000 2.000000 1.183216 -0.277259 0.000000
 0.265000 2.000000 0.000000 2.000000 1.183216 -0.277259 0.000000
 0.268333 2.000000 0.000000 2.000000 1.183216 -0.277259 0.000000
 0.271667 2.000000 0.000000 2.000000 1.183216 -0.277259 0.000000
 0.275000 2.000000 0.000000 2.000000 1.183216 -0.277259 0.000000
 0.278333 2.000000 0.000000 2.000000 1.183216 -0.277259 0.000000
 0.281667 2.000000 0.000000 2.000000 1.183216 -0.277259 0.000000
 0.285000 2.000000 0.000000 2.000000 1.183216 -0.277259 0.000000
 0.288333 2.000000 0.000000 2.000000 1.183216 -0.277259 0.000000
 0.291667 2.000000 0.000000 2.000000 1.183216 -0.277259 0.000000
 0.295000 2.000000 0.000000 2.000000 1.183216 -0.277259 0.000000
 0.298333 2.000000 0.000000 2.000000 1.183216 -0.277259 0.000000
 0.301667 2.000000 0.000000 2.000000 1.183216 -0.277259 0.000000
 0.305000 2.000000 0.000000 2.000000 1.183216 -0.277259 0.000000
 0.308333 2.000000 0.000000 2.000000 1.183216 -0.277259 0.000000
 0.311667 2.000000 0.000000 2.000000 1.183216 -0.277259 0.000000
 0.315000 2.000000 0.000000 2.000000 1.183216 -0.277259 0.000000
 0.318333 2.000000 0.000000 2.000000 1.183216 -0.277259 0.000000
 0.321667 2.000000 0.000000 2.000000 1.183216 -0.277259 0.000000
 0.325000 2.000000 0.000000 2.000000 1.183216 -0.277259 0.000000
 0.328333 2.000000 0.000000 2.000000 1.183216 -0.277259 0.000000
 0.331667 2.000000 0.000000 2.000000 1.183216 -0.277259 0.000000
 0.335000 2.000000 0.000000 2.000000 1.183216 -0.277259 0.000000
 0.338333 2.000000 0.000000 2.000000 1.183216 -0.277259 0.000000
 0.341667 2.000000 0.000000 2.000000 1.183216 -0.277259 0.000000
 0.345000 2.000000 0.000000 2.000000 1.183216 -0.277259 0.000000
 0.348333 2.000000 0.000000 2.000000 1.183216 -0.277259 0.000000
 0.351667 2.000000 0.000000 2.000000 1.183216 -0.277259 0.000000
 0.355000 2.000000 0.000000 2.000000 1.183216 -0.277259 0.000000
 0.358333 2.000000 0.000000 2.000000 1.183216 -0.277259 0.000000
 0.361667 2.000000 0.000000 2.000000 1.183216 -0.277259 0.000000
 0.365000 2.000000 0.000000 2.000000 1.183216 -0.277259 0.000000
 0.368333 2.000000 0.000000 2.000000 1.183216 -0.277259 0.000000
 0.371667 2.000000 0.000000 2.000000 1.183216 -0.277259 0.000000
 0.375000 2.000000 0.000000 2.000000 1.183216 -0.277259 0.000000
 0.378333 2.000000 0.000000 2.000000 1.183216 -0.277259 0.000000
 0.381667 2.000000 0.000000 2.000000 1.183216 -0.277259 0.000000
 0.385000 2.000000 0.000000 2.000000 1.183216 -0.277259 0.000000
 0.388333 2.000000 0.000000 2.000000 1.183216 -0.277259 0.000000
 0.391667 2.000000 0.000000 2.000000 1.183216 -0.277259 0.000000
 0.395000 2.000000 0.000000 2.000000 1.183216 -0.277259 0.000000
 0.398333 2.000000 0.000000 2.000000 1.183216 -0.277259 0.000000
 0.401667 2.000000 0.000000 2.000000 1.183216 -0.277259 0.000000
 0.405000 2.000000 0.000000 2.000000 1.183216 -0.277259 0.000000
 0.408333 2.000000 0.000000 2.000000 1.183216 -0.277259 0.000000
 0.411667 2.000000 0.000000 2.000000 1.183216 -0.277259 0.000000
 0.415000 2.000000 0.000000 2.000000 1.183216 -0.277259 0.000000
 0.418333 2.000000 0.000000 2.000000 1.183216 -0.277259 -0.000000
 0.421667 2.000000 0.000000 2.000000 1.183216 -0.277259 0.000000
 0.425000 2.000000 0.000000 2.000000 1.183216 -0.277259 -0.000000
 0.428333 2.000000 0.000000 2.000000 1.183216 -0.277259 0.000000
 0.431667 2.000000 0.000000 2.000000 1.183216 -0.277259 0.000000
 0.435000 2.000000 0.000000 2.000000 1.183216 -0.277259 0.000000
 0.438333 1.999997 0.000002 1.999996 1.183216 -0.277259 0.000000
 0.441667 1.999985 0.000009 1.999979 1.183214 -0.277259 0.000000
 0.445000 1.999926 0.000044 1.999897 1.183207 -0.277259 0.000000
 0.448333 1.999694 0.000181 1.999572 1.183180 -0.277259 0.000000
 0.451667 1.998923 0.000638 1.998492 1.183089 -0.277259 0.000000
 0.455000 1.996740 0.001930 1.995439 1.182830 -0.277258 0.000000
 0.458333 1.991466 0.005058 1.988071 1.182207 -0.277254 0.000002
 0.461667 1.980505 0.011577 1.972801 1.180912 -0.277238 0.000008
 0.465000 1.960753 0.023388 1.945411 1.178578 -0.277187 0.000023
 0.468333 1.929550 0.042213 1.902451 1.174878 -0.277058 0.000051
 0.471667 1.885790 0.068967 1.842802 1.169652 -0.276799 0.000089
 0.475000 1.830672 0.103282 1.768604 1.162985 -0.276366 0.000122
 0.478333 1.767839 0.143295 1.685217 1.155236 -0.275767 0.000133
 0.481667 1.703053 0.185628 1.600499 1.147037 -0.275076 0.000107
 0.485000 1.643486 0.225586 1.523690 1.139277 -0.274412 0.000049
 0.488333 1.596255 0.258004 1.463585 1.132979 -0.273836 -0.000008
 0.491667 1.565693 0.279227 1.425362 1.128946 -0.273234 -0.000042
 0.495000 1.550481 0.289435 1.407347 1.127279 -0.272285 -0.000075
 0.498333 1.543372 0.292571 1.401892 1.127680 -0.269735 -0.000205
 0.501667 1.506571 0.293042 1.401124 1.141058 -0.236496 -0.002777
 0.505000 1.431240 0.293060 1.401159 1.170716 -0.164657 -0.005889
 0.508333 1.353074 0.293029 1.401131 1.204045 -0.086051 -0.006210
 0.511667 1.301398 0.292699 1.400636 1.227500 -0.031889 -0.004055
 0.515000 1.276381 0.291195 1.398294 1.238435 -0.006387 -0.001793
 0.518333 1.263742 0.286281 1.390622 1.241193 0.002043 -0.000544
 0.521667 1.249483 0.273698 1.371133 1.239477 0.003815 -0.000074
 0.525000 1.223764 0.247687 1.331650 1.234270 0.003715 0.000111
 0.528333 1.182202 0.204234 1.267933 1.225367 0.003057 0.000273
 0.531667 1.129038 0.146847 1.187625 1.213527 0.002044 0.000382
 0.535000 1.076907 0.088786 1.110393 1.201471 0.000985 0.000303
 0.538333 1.038138 0.044522 1.054131 1.192295 0.000316 0.000134
 0.541667 1.015894 0.018688 1.022391 1.186994 0.000068 0.000035
 0.545000 1.005659 0.006679 1.007942 1.184558 0.000010 0.000006
 0.548333 1.001739 0.002056 1.002436 1.183628 0.000001 0.000001
 0.551667 1.000461 0.000546 1.000646 1.183325 0.000000 0.000000
 0.555000 1.000105 0.000124 1.000147 1.183241 0.000000 0.000000
 0.558333 1.000020 0.000024 1.000028 1.183221 0.000000 0.000000
 0.561667 1.000003 0.000004 1.000005 1.183217 0.000000 0.000000
 0.565000 1.000000 0.000001 1.000001 1.183216 0.000000 0.000000
 0.568333 1.000000 0.000000 1.000000 1.183216 0.000000 0.000000
 0.571667 1.000000 0.000000 1.000000 1.183216 -0.000000 -0.000000
 0.575000 1.000000 0.000000 1.000000 1.183216 -0.000000 0.000000
 0.578333 1.000000 0.000000 1.000000 1.183216 0.000000 0.000000
 0.581667 1.000000 0.000000 1.000000 1.183216 -0.000000 -0.000000
 0.585000 1.000000 0.000000 1.000000 1.183216 0.000000 0.000000
 0.588333 1.000000 0.000000 1.000000 1.183216 0.000000 0.000000
 0.591667 1.000000 0.000000 1.000000 1.183216 0.000000 0.000000
 0.595000 1.000000 0.000000 1.000000 1.183216 0.000000 0.000000
 0.598333 1.000000 0.000000 1.000000 1.183216 0.000000 0.000000
 0.601667 1.000000 0.000000 1.000000 1.183216 0.000000 0.000000
 0.605000 1.000000 0.000000 1.000000 1.183216 0.000000 0.000000
 0.608333 1.000000 0.000000 1.000000 1.183216 0.000000 0.000000
 0.611667 1.000000 0.000000 1.000000 1.183216 0.000000 0.000000
 0.615000 1.000000 0.000000 1.000000 1.183216 0.000000 0.000000
 0.618333 1.000000 0.000000 1.000000 1.183216 0.000000 0.000000
 0.621667 1.000000 0.000000 1.000000 1.183216 0.000000 0.000000
 0.625000 1.000000 0.000000 1.000000 1.183216 0.000000 0.000000
 0.628333 1.000000 0.000000 1.000000 1.183216 0.000000 0.000000
 0.631667 1.000000 0.000000 1.000000 1.183216 0.000000 0.000000
 0.635000 1.000000 0.000000 1.000000 1.183216 0.000000 0.000000
 0.638333 1.000000 0.000000 1.000000 1.183216 0.000000 0.000000
 0.641667 1.000000 0.000000 1.000000 1.183216 0.000000 0.000000
 0.645000 1.000000 0.000000 1.000000 1.183216 0.000000 0.000000
 0.648333 1.000000 0.000000 1.000000 1.183216 0.000000 0.000000
 0.651667 1.000000 0.000000 1.000000 1.183216 0.000000 0.000000
 0.655000 1.000000 0.000000 1.000000 1.183216 0.000000 0.000000
 0.658333 1.000000 0.000000 1.000000 1.183216 0.000000 0.000000
 0.661667 1.000000 0.000000 1.000000 1.183216 0.000000 0.000000
 0.665000 1.000000 0.000000 1.000000 1.183216 0.000000 0.000000
 0.668333 1.000000 0.000000 1.000000 1.183216 0.000000 0.000000
 0.671667 1.000000 0.000000 1.000000 1.183216 0.000000 0.000000
 0.675000 1.000000 0.000000 1.000000 1.183216 0.000000 0.000000
 0.678333 1.000000 0.000000 1.000000 1.183216 0.000000 0.000000
 0.681667 1.000000 0.000000 1.000000 1.183216 0.000000 0.000000
 0.685000 1.000000 0.000000 1.000000 1.183216 0.000000 0.000000
 0.688333 1.000000 0.000000 1.000000 1.183216 0.000000 0.000000
 0.691667 1.000000 0.000000 1.000000 1.183216 0.000000 0.000000
 0.695000 1.000000 0.000000 1.000000 1.183216 0.000000 0.000000
 0.698333 1.000000 0.000000 1.000000 1.183216 0.000000 0.000000
 0.701667 1.000000 0.000000 1.000000 1.183216 0.000000 0.000000
 0.705000 1.000000 0.000000 1.000000 1.183216 0.000000 0.000000
 0.708333 1.000000 0.000000 1.000000 1.183216 0.000000 0.000000
 0.711667 1.000000 0.000000 1.000000 1.183216 0.000000 0.000000
 0.715000 1.000000 0.000000 1.000000 1.183216 0.000000 0.000000
 0.718333 1.000000 0.000000 1.000000 1.183216 0.000000 0.000000
 0.721667 1.000000 0.000000 1.000000 1.183216 0.000000 0.000000
 0.725000 1.000000 0.000000 1.000000 1.183216 0.000000 0.000000
 0.728333 1.000000 0.000000 1.000000 1.183216 0.000000 0.000000
 0.731667 1.000000 0.000000 1.000000 1.183216 0.000000 0.000000
 0.735000 1.000000 0.000000 1.000000 1.183216 0.000000 0.000000
 0.738333 1.000000 0.000000 1.000000 1.183216 0.000000 0.000000
 0.741667 1.000000 0.000000 1.000000 1.183216 0.000000 0.000000
 0.745000 1.000000 0.000000 1.000000 1.183216 0.000000 0.000000
 0.748333 1.000000 0.000000 1.000000 1.183216 0.000000 0.000000
 0.751667 1.000000 0.000000 1.000000 1.183216 0.000000 0.000000
 0.755000 1.000000 0.000000 1.000000 1.183216 0.000000 0.000000
 0.758333 1.000000 0.000000 1.000000 1.183216 0.000000 0.000000
 0.761667 1.000000 0.000000 1.000000 1.183216 0.000000 0.000000
 0.765000 1.000000 0.000000 1.000000 1.183216 0.000000 0.000000
 0.768333 1.000000 0.000000 1.000000 1.183216 0.000000 0.000000
 0.771667 1.000000 0.000000 1.000000 1.183216 0.000000 0.000000
 0.775000 1.000000 0.000000 1.000000 1.183216 0.000000 0.000000
 0.778333 1.000000 0.000000 1.000000 1.183216 0.000000 0.000000
 0.781667 1.000000 0.000000 1.000000 1.183216 0.000000 0.000000
 0.785000 1.000000 0.000000 1.000000 1.183216 0.000000 0.000000
 0.788333 1.000000 0.000000 1.000000 1.183216 0.000000 0.000000
 0.791667 1.000000 0.000000 1.000000 1.183216 0.000000 0.000000
 0.795000 1.000000 0.000000 1.000000 1.183216 0.000000 0.000000
 0.798333 1.000000 0.000000 1.000000 1.183216 0.000000 0.000000
 0.801667 1.000000 0.000000 1.000000 1.183216 0.000000 0.000000
 0.805000 1.000000 0.000000 1.000000 1.183216 0.000000 0.000000
 0.808333 1.000000 0.000000 1.000000 1.183216 0.000000 0.000000
 0.811667 1.000000 0.000000 1.000000 1.183216 0.000000 0.000000
 0.815000 1.000000 0.000000 1.000000 1.183216 0.000000 0.000000
 0.818333 1.000000 0.000000 1.000000 1.183216 0.000000 0.000000
 0.821667 1.000000 0.000000 1.000000 1.183216 0.000000 0.000000
 0.825000 1.000000 0.000000 1.000000 1.183216 0.000000 0.000000
 0.828333 1.000000 0.000000 1.000000 1.183216 0.000000 0.000000
 0.831667 1.000000 0.000000 1.000000 1.183216 0.000000 0.000000
 0.835000 1.000000 0.000000 1.000000 1.183216 0.000000 0.000000
 0.838333 1.000000 0.000000 1.000000 1.183216 0.000000 0.000000
 0.841667 1.000000 0.000000 1.000000 1.183216 0.000000 0.000000
 0.845000 1.000000 0.000000 1.000000 1.183216 0.000000 0.000000
 0.848333 1.000000 0.000000 1.000000 1.183216 0.000000 0.000000
 0.851667 1.000000 0.000000 1.000000 1.183216 0.000000 0.000000
 0.855000 1.000000 0.000000 1.000000 1.183216 0.000000 0.000000
 0.858333 1.000000 0.000000 1.000000 1.183216 0.000000 0.000000
 0.861667 1.000000 0.000000 1.000000 1.183216 0.000000 0.000000
 0.865000 1.000000 0.000000 1.000000 1.183216 0.000000 0.000000
 0.868333 1.000000 0.000000 1.000000 1.183216 0.000000 0.000000
 0.871667 1.000000 0.000000 1.000000 1.183216 0.000000 0.000000
 0.875000 1.000000 0.000000 1.000000 1.183216 0.000000 0.000000
 0.878333 1.000000 0.000000 1.000000 1.183216 0.000000 0.000000
 0.881667 1.000000 0.000000 1.000000 1.183216 0.000000 0.000000
 0.885000 1.000000 0.000000 1.000000 1.183216 0.000000 0.000000
 0.888333 1.000000 0.000000 1.000000 1.183216 0.000000 0.000000
 0.891667 1.000000 0.000000 1.000000 1.183216 0.000000 0.000000
 0.895000 1.000000 0.000000 1.000000 1.183216 0.000000 0.000000
 0.898333 1.000000 0.000000 1.000000 1.183216 0.000000 0.000000
 0.901667 1.000000 0.000000 1.000000 1.183216 0.000000 0.000000
 0.905000 1.000000 0.000000 1.000000 1.183216 0.000000 0.000000
 0.908333 1.000000 0.000000 1.000000 1.183216 0.000000 0.000000
 0.911667 1.000000 0.000000 1.000000 1.183216 0.000000 0.000000
 0.915000 1.000000 0.000000 1.000000 1.183216 0.000000 0.000000
 0.918333 1.000000 0.000000 1.000000 1.183216 0.000000 0.000000
 0.921667 1.000000 0.000000 1.000000 1.183216 0.000000 0.000000
 0.925000 1.000000 0.000000 1.000000 1.183216 0.000000 0.000000
 0.928333 1.000000 0.000000 1.000000 1.183216 0.000000 0.000000
 0.931667 1.000000 0.000000 1.000000 1.183216 0.000000 0.000000
 0.935000 1.000000 0.000000 1.000000 1.183216 0.000000 0.000000
 0.938333 1.000000 0.000000 1.000000 1.183216 0.000000 0.000000
 0.941667 1.000000 0.000000 1.000000 1.183216 0.000000 0.000000
 0.945000 1.000000 0.000000 1.000000 1.183216 0.000000 0.000000
 0.948333 1.000000 0.000000 1.000000 1.183216 0.000000 0.000000
 0.951667 1.000000 0.000000 1.000000 1.183216 0.000000 0.000000
 0.955000 1.000000 0.000000 1.000000 1.183216 0.000000 0.000000
 0.958333 1.000000 0.000000 1.000000 1.183216 0.000000 0.000000
 0.961667 1.000000 0.000000 1.000000 1.183216 0.000000 0.000000
 0.965000 1.000000 0.000000 1.000000 1.183216 0.000000 0.000000
 0.968333 1.000000 0.000000 1.000000 1.183216 0.000000 0.000000
 0.971667 1.000000 0.000000 1.000000 1.183216 0.000000 0.000000
 0.975000 1.000000 0.000000 1.000000 1.183216 0.000000 0.000000
 0.978333 1.000000 0.000000 1.000000 1.183216 0.000000 0.000000
 0.981667 1.000000 0.000000 1.000000 1.183216 0.000000 0.000000
 0.985000 1.000000 0.000000 1.000000 1.183216 0.000000 0.000000
 0.988333 1.000000 0.000000 1.000000 1.183216 0.000000 0.000000
 0.991667 1.000000 0.000000 1.000000 1.183216 0.000000 0.000000
 0.995000 1.000000 0.000000 1.000000 1.183216 0.000000 0.000000
 0.998333 1.000000 0.000000 1.000000 1.183216 0.000000 0.000000
