Timer: 0.179552
 0.001667 0.999957 -0.999950 0.999940 1.183206 1.000000 0.000000
 0.005000 0.999974 -0.999970 0.999964 1.183210 1.000000 0.000000
 0.008333 0.999961 -0.999953 0.999945 1.183207 1.000000 0.000000
 0.011667 0.999940 -0.999929 0.999916 1.183202 1.000000 0.000000
 0.015000 0.999910 -0.999893 0.999873 1.183195 1.000000 0.000000
 0.018333 0.999866 -0.999841 0.999812 1.183184 1.000000 0.000000
 0.021667 0.999803 -0.999767 0.999725 1.183169 1.000000 0.000000
 0.025000 0.999716 -0.999663 0.999602 1.183149 1.000000 0.000000
 0.028333 0.999594 -0.999520 0.999432 1.183120 1.000000 0.000000
 0.031667 0.999428 -0.999324 0.999200 1.183081 1.000000 0.000000
 0.035000 0.999206 -0.999060 0.998888 1.183028 1.000000 0.000000
 0.038333 0.998910 -0.998710 0.998475 1.182958 1.000000 0.000000
 0.041667 0.998524 -0.998252 0.997934 1.182867 1.000000 0.000000
 0.045000 0.998026 -0.997663 0.997238 1.182749 1.000000 0.000000
 0.048333 0.997393 -0.996913 0.996353 1.182599 1.000001 0.000000
 0.051667 0.996600 -0.995972 0.995244 1.182411 1.000001 0.000000
 0.055000 0.995619 -0.994809 0.993874 1.182179 1.000002 0.000000
 0.058333 0.994422 -0.993389 0.992203 1.181895 1.000003 0.000000
 0.061667 0.992982 -0.991677 0.990193 1.181553 1.000004 0.000000
 0.065000 0.991269 -0.989640 0.987805 1.181146 1.000006 0.000000
 0.068333 0.989258 -0.987245 0.985003 1.180669 1.000009 0.000000
 0.071667 0.986925 -0.984461 0.981756 1.180113 1.000013 0.000000
 0.075000 0.984249 -0.981263 0.978036 1.179476 1.000018 0.000000
 0.078333 0.981212 -0.977626 0.973820 1.178751 1.000025 0.000000
 0.081667 0.977803 -0.973533 0.969094 1.177935 1.000033 0.000000
 0.085000 0.974012 -0.968970 0.963849 1.177027 1.000043 0.000000
 0.088333 0.969836 -0.963928 0.958080 1.176023 1.000056 0.000000
 0.091667 0.965276 -0.958403 0.951793 1.174924 1.000071 0.000000
 0.095000 0.960336 -0.952396 0.944998 1.173729 1.000089 0.000000
 0.098333 0.955025 -0.945912 0.937710 1.172440 1.000110 0.000000
 0.101667 0.949356 -0.938960 0.929948 1.171059 1.000134 0.000000
 0.105000 0.943342 -0.931552 0.921737 1.169588 1.000161 0.000000
 0.108333 0.937002 -0.923701 0.913104 1.168029 1.000192 0.000000
 0.111667 0.930354 -0.915425 0.904077 1.166387 1.000226 0.000000
 0.115000 0.923417 -0.906741 0.894688 1.164665 1.000265 0.000000
 0.118333 0.916213 -0.897669 0.884969 1.162866 1.000306 0.000000
 0.121667 0.908762 -0.888228 0.874950 1.160995 1.000352 0.000000
 0.125000 0.901086 -0.878438 0.864663 1.159056 1.000402 0.000000
 0.128333 0.893205 -0.868318 0.854139 1.157052 1.000455 0.000000
 0.131667 0.885139 -0.857889 0.843409 1.154988 1.000512 0.000000
 0.135000 0.876907 -0.847169 0.832499 1.152867 1.000573 0.000000
 0.138333 0.868529 -0.836177 0.821438 1.150692 1.000637 0.000000
 0.141667 0.860022 -0.824930 0.810251 1.148468 1.000706 0.000000
 0.145000 0.851402 -0.813444 0.798962 1.146198 1.000777 0.000000
 0.148333 0.842685 -0.801736 0.787593 1.143885 1.000853 0.000000
 0.151667 0.833887 -0.789821 0.776166 1.141531 1.000932 0.000000
 0.155000 0.825019 -0.777712 0.764698 1.139140 1.001015 0.000000
 0.158333 0.816096 -0.765423 0.753209 1.136714 1.001101 0.000000
 0.161667 0.807129 -0.752965 0.741714 1.134255 1.001190 0.000000
 0.165000 0.798128 -0.740351 0.730228 1.131767 1.001283 0.000000
 0.168333 0.789105 -0.727591 0.718765 1.129250 1.001379 0.000000
 0.171667 0.780067 -0.714695 0.707337 1.126708 1.001479 0.000000
 0.175000 0.771024 -0.701672 0.695955 1.124141 1.001582 0.000000
 0.178333 0.761983 -0.688531 0.684630 1.121552 1.001688 0.000000
 0.181667 0.752952 -0.675280 0.673370 1.118942 1.001797 0.000000
 0.185000 0.743937 -0.661926 0.662185 1.116312 1.001910 0.000000
 0.188333 0.734944 -0.648477 0.651081 1.113665 1.002026 0.000000
 0.191667 0.725980 -0.634939 0.640066 1.111000 1.002145 0.000000
 0.195000 0.717048 -0.621319 0.629145 1.108321 1.002267 0.000000
 0.198333 0.708154 -0.607621 0.618325 1.105627 1.002393 0.000000
 0.201667 0.699302 -0.593852 0.607609 1.102919 1.002521 0.000000
 0.205000 0.690496 -0.580016 0.597003 1.100200 1.002653 0.000000
 0.208333 0.681740 -0.566119 0.586510 1.097469 1.002788 0.000000
 0.211667 0.673037 -0.552166 0.576134 1.094728 1.002926 0.000000
 0.215000 0.664391 -0.538160 0.565879 1.091978 1.003067 0.000000
 0.218333 0.655804 -0.524106 0.555746 1.089219 1.003212 0.000000
 0.221667 0.647280 -0.510008 0.545739 1.086452 1.003359 0.000000
 0.225000 0.638820 -0.495871 0.535860 1.083679 1.003510 0.000000
 0.228333 0.630428 -0.481699 0.526112 1.080899 1.003664 0.000000
 0.231667 0.622105 -0.467495 0.516495 1.078115 1.003821 0.000000
 0.235000 0.613855 -0.453265 0.507011 1.075326 1.003981 0.000000
 0.238333 0.605679 -0.439011 0.497663 1.072533 1.004145 0.000000
 0.241667 0.597579 -0.424739 0.488452 1.069738 1.004311 0.000000
 0.245000 0.589558 -0.410452 0.479379 1.066940 1.004481 0.000000
 0.248333 0.581617 -0.396156 0.470445 1.064142 1.004654 0.000000
 0.251667 0.573760 -0.381856 0.461652 1.061345 1.004830 0.000000
 0.255000 0.565987 -0.367556 0.453001 1.058548 1.005009 0.000000
 0.258333 0.558303 -0.353263 0.444495 1.055753 1.005192 0.000000
 0.261667 0.550708 -0.338983 0.436133 1.052962 1.005377 0.000000
 0.265000 0.543206 -0.324721 0.427918 1.050176 1.005565 0.000000
 0.268333 0.535800 -0.310487 0.419852 1.047396 1.005757 0.000000
 0.271667 0.528492 -0.296288 0.411937 1.044624 1.005951 0.000000
 0.275000 0.521286 -0.282133 0.404174 1.041862 1.006148 0.000000
 0.278333 0.514186 -0.268032 0.396567 1.039112 1.006348 0.000000
 0.281667 0.507196 -0.253998 0.389119 1.036375 1.006551 0.000000
 0.285000 0.500321 -0.240043 0.381832 1.033655 1.006756 0.000000
 0.288333 0.493566 -0.226182 0.374711 1.030955 1.006963 0.000000
 0.291667 0.486937 -0.212432 0.367761 1.028278 1.007173 0.000000
 0.295000 0.480440 -0.198811 0.360986 1.025627 1.007385 0.000000
 0.298333 0.474084 -0.185343 0.354392 1.023007 1.007598 0.000000
 0.301667 0.467877 -0.172051 0.347988 1.020423 1.007813 0.000000
 0.305000 0.461828 -0.158964 0.341779 1.017881 1.008030 0.000000
 0.308333 0.455949 -0.146114 0.335776 1.015385 1.008248 0.000000
 0.311667 0.450252 -0.133536 0.329989 1.012945 1.008467 0.000000
 0.315000 0.444751 -0.121270 0.324428 1.010567 1.008686 0.000000
 0.318333 0.439460 -0.109362 0.319107 1.008261 1.008905 0.000000
 0.321667 0.434396 -0.097860 0.314040 1.006036 1.009124 0.000000
 0.325000 0.429576 -0.086817 0.309240 1.003903 1.009343 0.000000
 0.328333 0.425020 -0.076290 0.304724 1.001872 1.009562 0.000000
 0.331667 0.420745 -0.066337 0.300506 0.999957 1.009780 0.000000
 0.335000 0.416770 -0.057017 0.296603 0.998168 1.009998 0.000000
 0.338333 0.413112 -0.048387 0.293028 0.996517 1.010215 0.000000
 0.341667 0.409785 -0.040496 0.289792 0.995013 1.010433 0.000000
 0.345000 0.406799 -0.033385 0.286902 0.993667 1.010652 0.000000
 0.348333 0.404161 -0.027083 0.284362 0.992483 1.010872 0.000000
 0.351667 0.401868 -0.021598 0.282168 0.991463 1.011095 0.000000
 0.355000 0.399911 -0.016922 0.280310 0.990607 1.011323 0.000000
 0.358333 0.398273 -0.013022 0.278768 0.989908 1.011556 0.000000
 0.361667 0.396930 -0.009847 0.277518 0.989357 1.011795 0.000000
 0.365000 0.395851 -0.007326 0.276530 0.988940 1.012043 0.000000
 0.368333 0.395000 -0.005377 0.275769 0.988640 1.012300 0.000000
 0.371667 0.394340 -0.003911 0.275197 0.988440 1.012569 0.000000
 0.375000 0.393835 -0.002836 0.274780 0.988324 1.012849 0.000000
 0.378333 0.393448 -0.002068 0.274482 0.988273 1.013142 0.000000
 0.381667 0.393150 -0.001532 0.274274 0.988273 1.013450 0.000000
 0.385000 0.392915 -0.001164 0.274132 0.988313 1.013774 0.000000
 0.388333 0.392723 -0.000914 0.274036 0.988382 1.014114 0.000000
 0.391667 0.392557 -0.000744 0.273971 0.988473 1.014474 0.000000
 0.395000 0.392407 -0.000626 0.273927 0.988582 1.014853 0.000000
 0.398333 0.392264 -0.000543 0.273895 0.988706 1.015255 0.000000
 0.401667 0.392123 -0.000481 0.273873 0.988843 1.015681 0.000000
 0.405000 0.391980 -0.000433 0.273855 0.988991 1.016134 0.000000
 0.408333 0.391833 -0.000394 0.273841 0.989152 1.016617 0.000000
 0.411667 0.391679 -0.000360 0.273829 0.989324 1.017132 0.000000
 0.415000 0.391517 -0.000331 0.273819 0.989511 1.017684 0.000000
 0.418333 0.391345 -0.000305 0.273810 0.989712 1.018276 0.000000
 0.421667 0.391163 -0.000281 0.273802 0.989929 1.018913 0.000000
 0.425000 0.390967 -0.000260 0.273796 0.990164 1.019602 0.000000
 0.428333 0.390756 -0.000240 0.273789 0.990420 1.020348 0.000000
 0.431667 0.390528 -0.000222 0.273784 0.990699 1.021161 0.000000
 0.435000 0.390281 -0.000205 0.273779 0.991004 1.022050 0.000000
 0.438333 0.390010 -0.000190 0.273774 0.991340 1.023026 0.000000
 0.441667 0.389713 -0.000175 0.273770 0.991710 1.024104 0.000000
 0.445000 0.389384 -0.000161 0.273766 0.992122 1.025301 0.000000
 0.448333 0.389017 -0.000148 0.273763 0.992583 1.026640 0.000000
 0.451667 0.388607 -0.000136 0.273760 0.993102 1.028148 0.000000
 0.455000 0.388142 -0.000124 0.273758 0.993691 1.029861 0.000000
 0.458333 0.387613 -0.000113 0.273755 0.994366 1.031823 0.000000
 0.461667 0.387002 -0.000103 0.273753 0.995146 1.034094 0.000000
 0.465000 0.386290 -0.000093 0.273751 0.996059 1.036755 0.000000
 0.468333 0.385451 -0.000083 0.273749 0.997140 1.039913 0.000000
 0.471667 0.384445 -0.000073 0.273748 0.998441 1.043718 0.000000
 0.475000 0.383220 -0.000064 0.273747 1.000032 1.048385 0.000000
 0.478333 0.381701 -0.000055 0.273746 1.002019 1.054228 0.000000
 0.481667 0.379772 -0.000046 0.273745 1.004559 1.061729 0.000000
 0.485000 0.377254 -0.000038 0.273744 1.007904 1.071660 0.000000
 0.488333 0.373848 -0.000029 0.273743 1.012484 1.085352 0.000000
 0.491667 0.369011 -0.000021 0.273743 1.019097 1.105319 0.000000
 0.495000 0.361576 -0.000012 0.273743 1.029522 1.137269 0.000000
 0.498333 0.348468 -0.000004 0.273742 1.048706 1.197607 0.000000
 0.501667 0.348468 0.000004 0.273742 1.048706 1.197607 0.000000
 0.505000 0.361576 0.000012 0.273743 1.029522 1.137269 0.000000
 0.508333 0.369011 0.000021 0.273743 1.019097 1.105319 0.000000
 0.511667 0.373848 0.000029 0.273743 1.012484 1.085352 0.000000
 0.515000 0.377254 0.000038 0.273744 1.007904 1.071660 0.000000
 0.518333 0.379772 0.000046 0.273745 1.004559 1.061729 0.000000
 0.521667 0.381701 0.000055 0.273746 1.002019 1.054228 0.000000
 0.525000 0.383220 0.000064 0.273747 1.000032 1.048385 0.000000
 0.528333 0.384445 0.000073 0.273748 0.998441 1.043718 0.000000
 0.531667 0.385451 0.000083 0.273749 0.997140 1.039913 0.000000
 0.535000 0.386290 0.000093 0.273751 0.996059 1.036755 0.000000
 0.538333 0.387002 0.000103 0.273753 0.995146 1.034094 0.000000
 0.541667 0.387613 0.000113 0.273755 0.994366 1.031823 0.000000
 0.545000 0.388142 0.000124 0.273758 0.993691 1.029861 0.000000
 0.548333 0.388607 0.000136 0.273760 0.993102 1.028148 0.000000
 0.551667 0.389017 0.000148 0.273763 0.992583 1.026640 0.000000
 0.555000 0.389384 0.000161 0.273766 0.992122 1.025301 0.000000
 0.558333 0.389713 0.000175 0.273770 0.991710 1.024104 0.000000
 0.561667 0.390010 0.000190 0.273774 0.991340 1.023026 0.000000
 0.565000 0.390281 0.000205 0.273779 0.991004 1.022050 0.000000
 0.568333 0.390528 0.000222 0.273784 0.990699 1.021161 0.000000
 0.571667 0.390756 0.000240 0.273789 0.990420 1.020348 0.000000
 0.575000 0.390967 0.000260 0.273796 0.990164 1.019602 0.000000
 0.578333 0.391163 0.000281 0.273802 0.989929 1.018913 0.000000
 0.581667 0.391345 0.000305 0.273810 0.989712 1.018276 0.000000
 0.585000 0.391517 0.000331 0.273819 0.989511 1.017684 0.000000
 0.588333 0.391679 0.000360 0.273829 0.989324 1.017132 0.000000
 0.591667 0.391833 0.000394 0.273841 0.989152 1.016617 0.000000
 0.595000 0.391980 0.000433 0.273855 0.988991 1.016134 0.000000
 0.598333 0.392123 0.000481 0.273873 0.988843 1.015681 0.000000
 0.601667 0.392264 0.000543 0.273895 0.988706 1.015255 0.000000
 0.605000 0.392407 0.000626 0.273927 0.988582 1.014853 0.000000
 0.608333 0.392557 0.000744 0.273971 0.988473 1.014474 0.000000
 0.611667 0.392723 0.000914 0.274036 0.988382 1.014114 0.000000
 0.615000 0.392915 0.001164 0.274132 0.988313 1.013774 0.000000
 0.618333 0.393150 0.001532 0.274274 0.988273 1.013450 0.000000
 0.621667 0.393448 0.002068 0.274482 0.988273 1.013142 0.000000
 0.625000 0.393835 0.002836 0.274780 0.988324 1.012849 0.000000
 0.628333 0.394340 0.003911 0.275197 0.988440 1.012569 0.000000
 0.631667 0.395000 0.005377 0.275769 0.988640 1.012300 0.000000
 0.635000 0.395851 0.007326 0.276530 0.988940 1.012043 0.000000
 0.638333 0.396930 0.009847 0.277518 0.989357 1.011795 0.000000
 0.641667 0.398273 0.013022 0.278768 0.989908 1.011556 0.000000
 0.645000 0.399911 0.016922 0.280310 0.990607 1.011323 0.000000
 0.648333 0.401868 0.021598 0.282168 0.991463 1.011095 0.000000
 0.651667 0.404161 0.027083 0.284362 0.992483 1.010872 0.000000
 0.655000 0.406799 0.033385 0.286902 0.993667 1.010652 0.000000
 0.658333 0.409785 0.040496 0.289792 0.995013 1.010433 0.000000
 0.661667 0.413112 0.048387 0.293028 0.996517 1.010215 0.000000
 0.665000 0.416770 0.057017 0.296603 0.998168 1.009998 0.000000
 0.668333 0.420745 0.066337 0.300506 0.999957 1.009780 0.000000
 0.671667 0.425020 0.076290 0.304724 1.001872 1.009562 0.000000
 0.675000 0.429576 0.086817 0.309240 1.003903 1.009343 0.000000
 0.678333 0.434396 0.097860 0.314040 1.006036 1.009124 0.000000
 0.681667 0.439460 0.109362 0.319107 1.008261 1.008905 0.000000
 0.685000 0.444751 0.121270 0.324428 1.010567 1.008686 0.000000
 0.688333 0.450252 0.133536 0.329989 1.012945 1.008467 0.000000
 0.691667 0.455949 0.146114 0.335776 1.015385 1.008248 0.000000
 0.695000 0.461828 0.158964 0.341779 1.017881 1.008030 0.000000
 0.698333 0.467877 0.172051 0.347988 1.020423 1.007813 0.000000
 0.701667 0.474084 0.185343 0.354392 1.023007 1.007598 0.000000
 0.705000 0.480440 0.198811 0.360986 1.025627 1.007385 0.000000
 0.708333 0.486937 0.212432 0.367761 1.028278 1.007173 0.000000
 0.711667 0.493566 0.226182 0.374711 1.030955 1.006963 0.000000
 0.715000 0.500321 0.240043 0.381832 1.033655 1.006756 0.000000
 0.718333 0.507196 0.253998 0.389119 1.036375 1.006551 0.000000
 0.721667 0.514186 0.268032 0.396567 1.039112 1.006348 0.000000
 0.725000 0.521286 0.282133 0.404174 1.041862 1.006148 0.000000
 0.728333 0.528492 0.296288 0.411937 1.044624 1.005951 0.000000
 0.731667 0.535800 0.310487 0.419852 1.047396 1.005757 0.000000
 0.735000 0.543206 0.324721 0.427918 1.050176 1.005565 0.000000
 0.738333 0.550708 0.338983 0.436133 1.052962 1.005377 0.000000
 0.741667 0.558303 0.353263 0.444495 1.055753 1.005192 0.000000
 0.745000 0.565987 0.367556 0.453001 1.058548 1.005009 0.000000
 0.748333 0.573760 0.381856 0.461652 1.061345 1.004830 0.000000
 0.751667 0.581617 0.396156 0.470445 1.064142 1.004654 0.000000
 0.755000 0.589558 0.410452 0.479379 1.066940 1.004481 0.000000
 0.758333 0.597579 0.424739 0.488452 1.069738 1.004311 0.000000
 0.761667 0.605679 0.439011 0.497663 1.072533 1.004145 0.000000
 0.765000 0.613855 0.453265 0.507011 1.075326 1.003981 0.000000
 0.768333 0.622105 0.467495 0.516495 1.078115 1.003821 0.000000
 0.771667 0.630428 0.481699 0.526112 1.080899 1.003664 0.000000
 0.775000 0.638820 0.495871 0.535860 1.083679 1.003510 0.000000
 0.778333 0.647280 0.510008 0.545739 1.086452 1.003359 0.000000
 0.781667 0.655804 0.524106 0.555746 1.089219 1.003212 0.000000
 0.785000 0.664391 0.538160 0.565879 1.091978 1.003067 0.000000
 0.788333 0.673037 0.552166 0.576134 1.094728 1.002926 0.000000
 0.791667 0.681740 0.566119 0.586510 1.097469 1.002788 0.000000
 0.795000 0.690496 0.580016 0.597003 1.100200 1.002653 0.000000
 0.798333 0.699302 0.593852 0.607609 1.102919 1.002521 0.000000
 0.801667 0.708154 0.607621 0.618325 1.105627 1.002393 0.000000
 0.805000 0.717048 0.621319 0.629145 1.108321 1.002267 0.000000
 0.808333 0.725980 0.634939 0.640066 1.111000 1.002145 0.000000
 0.811667 0.734944 0.648477 0.651081 1.113665 1.002026 0.000000
 0.815000 0.743937 0.661926 0.662185 1.116312 1.001910 0.000000
 0.818333 0.752952 0.675280 0.673370 1.118942 1.001797 0.000000
 0.821667 0.761983 0.688531 0.684630 1.121552 1.001688 0.000000
 0.825000 0.771024 0.701672 0.695955 1.124141 1.001582 0.000000
 0.828333 0.780067 0.714695 0.707337 1.126708 1.001479 0.000000
 0.831667 0.789105 0.727591 0.718765 1.129250 1.001379 0.000000
 0.835000 0.798128 0.740351 0.730228 1.131767 1.001283 0.000000
 0.838333 0.807129 0.752965 0.741714 1.134255 1.001190 0.000000
 0.841667 0.816096 0.765423 0.753209 1.136714 1.001101 0.000000
 0.845000 0.825019 0.777712 0.764698 1.139140 1.001015 0.000000
 0.848333 0.833887 0.789821 0.776166 1.141531 1.000932 0.000000
 0.851667 0.842685 0.801736 0.787593 1.143885 1.000853 0.000000
 0.855000 0.851402 0.813444 0.798962 1.146198 1.000777 0.000000
 0.858333 0.860022 0.824930 0.810251 1.148468 1.000706 0.000000
 0.861667 0.868529 0.836177 0.821438 1.150692 1.000637 0.000000
 0.865000 0.876907 0.847169 0.832499 1.152867 1.000573 0.000000
 0.868333 0.885139 0.857889 0.843409 1.154988 1.000512 0.000000
 0.871667 0.893205 0.868318 0.854139 1.157052 1.000455 0.000000
 0.875000 0.901086 0.878438 0.864663 1.159056 1.000402 0.000000
 0.878333 0.908762 0.888228 0.874950 1.160995 1.000352 0.000000
 0.881667 0.916213 0.897669 0.884969 1.162866 1.000306 0.000000
 0.885000 0.923417 0.906741 0.894688 1.164665 1.000265 0.000000
 0.888333 0.930354 0.915425 0.904077 1.166387 1.000226 0.000000
 0.891667 0.937002 0.923701 0.913104 1.168029 1.000192 0.000000
 0.895000 0.943342 0.931552 0.921737 1.169588 1.000161 0.000000
 0.898333 0.949356 0.938960 0.929948 1.171059 1.000134 0.000000
 0.901667 0.955025 0.945912 0.937710 1.172440 1.000110 0.000000
 0.905000 0.960336 0.952396 0.944998 1.173729 1.000089 0.000000
 0.908333 0.965276 0.958403 0.951793 1.174924 1.000071 0.000000
 0.911667 0.969836 0.963928 0.958080 1.176023 1.000056 0.000000
 0.915000 0.974012 0.968970 0.963849 1.177027 1.000043 0.000000
 0.918333 0.977803 0.973533 0.969094 1.177935 1.000033 0.000000
 0.921667 0.981212 0.977626 0.973820 1.178751 1.000025 0.000000
 0.925000 0.984249 0.981263 0.978036 1.179476 1.000018 0.000000
 0.928333 0.986925 0.984461 0.981756 1.180113 1.000013 0.000000
 0.931667 0.989258 0.987245 0.985003 1.180669 1.000009 0.000000
 0.935000 0.991269 0.989640 0.987805 1.181146 1.000006 0.000000
 0.938333 0.992982 0.991677 0.990193 1.181553 1.000004 0.000000
 0.941667 0.994422 0.993389 0.992203 1.181895 1.000003 0.000000
 0.945000 0.995619 0.994809 0.993874 1.182179 1.000002 0.000000
 0.948333 0.996600 0.995972 0.995244 1.182411 1.000001 0.000000
 0.951667 0.997393 0.996913 0.996353 1.182599 1.000001 0.000000
 0.955000 0.998026 0.997663 0.997238 1.182749 1.000000 0.000000
 0.958333 0.998524 0.998252 0.997934 1.182867 1.000000 0.000000
 0.961667 0.998910 0.998710 0.998475 1.182958 1.000000 0.000000
 0.965000 0.999206 0.999060 0.998888 1.183028 1.000000 0.000000
 0.968333 0.999428 0.999324 0.999200 1.183081 1.000000 0.000000
 0.971667 0.999594 0.999520 0.999432 1.183120 1.000000 0.000000
 0.975000 0.999716 0.999663 0.999602 1.183149 1.000000 0.000000
 0.978333 0.999803 0.999767 0.999725 1.183169 1.000000 0.000000
 0.981667 0.999866 0.999841 0.999812 1.183184 1.000000 0.000000
 0.985000 0.999910 0.999893 0.999873 1.183195 1.000000 0.000000
 0.988333 0.999940 0.999929 0.999916 1.183202 1.000000 0.000000
 0.991667 0.999961 0.999953 0.999945 1.183207 1.000000 0.000000
 0.995000 0.999974 0.999970 0.999964 1.183210 1.000000 0.000000
 0.998333 0.999957 0.999950 0.999940 1.183206 1.000000 0.000000
