Timer: 0.089776
 0.001667 1.000000 -1.000000 1.000000 1.183216 1.000000 0.000000
 0.005000 1.000000 -1.000000 1.000000 1.183216 1.000000 0.000000
 0.008333 1.000000 -1.000000 1.000000 1.183216 1.000000 0.000000
 0.011667 1.000000 -1.000000 1.000000 1.183216 1.000000 0.000000
 0.015000 1.000000 -1.000000 1.000000 1.183216 1.000000 0.000000
 0.018333 1.000000 -1.000000 1.000000 1.183216 1.000000 0.000000
 0.021667 1.000000 -1.000000 1.000000 1.183216 1.000000 0.000000
 0.025000 1.000000 -1.000000 1.000000 1.183216 1.000000 0.000000
 0.028333 1.000000 -1.000000 1.000000 1.183216 1.000000 0.000000
 0.031667 1.000000 -1.000000 1.000000 1.183216 1.000000 0.000000
 0.035000 1.000000 -1.000000 1.000000 1.183216 1.000000 0.000000
 0.038333 1.000000 -1.000000 1.000000 1.183216 1.000000 0.000000
 0.041667 1.000000 -1.000000 1.000000 1.183216 1.000000 0.000000
 0.045000 1.000000 -1.000000 1.000000 1.183216 1.000000 0.000000
 0.048333 1.000000 -1.000000 1.000000 1.183216 1.000000 0.000000
 0.051667 1.000000 -1.000000 1.000000 1.183216 1.000000 0.000000
 0.055000 1.000000 -1.000000 1.000000 1.183216 1.000000 0.000000
 0.058333 1.000000 -1.000000 1.000000 1.183216 1.000000 0.000000
 0.061667 1.000000 -1.000000 1.000000 1.183216 1.000000 0.000000
 0.065000 1.000000 -1.000000 1.000000 1.183216 1.000000 0.000000
 0.068333 1.000000 -1.000000 1.000000 1.183216 1.000000 0.000000
 0.071667 1.000000 -1.000000 1.000000 1.183216 1.000000 0.000000
 0.075000 1.000000 -1.000000 1.000000 1.183216 1.000000 0.000000
 0.078333 1.000000 -1.000000 1.000000 1.183216 1.000000 0.000000
 0.081667 1.000000 -1.000000 1.000000 1.183216 1.000000 0.000000
 0.085000 1.000000 -1.000000 1.000000 1.183216 1.000000 0.000000
 0.088333 1.000000 -1.000000 1.000000 1.183216 1.000000 0.000000
 0.091667 1.000000 -1.000000 1.000000 1.183216 1.000000 0.000000
 0.095000 1.000000 -1.000000 1.000000 1.183216 1.000000 0.000000
 0.098333 1.000000 -1.000000 1.000000 1.183216 1.000000 0.000000
 0.101667 1.000000 -1.000000 1.000000 1.183216 1.000000 0.000000
 0.105000 1.000000 -1.000000 1.000000 1.183216 1.000000 0.000000
 0.108333 1.000000 -1.000000 1.000000 1.183216 1.000000 0.000000
 0.111667 1.000000 -1.000000 1.000000 1.183216 1.000000 0.000000
 0.115000 1.000000 -1.000000 1.000000 1.183216 1.000000 0.000000
 0.118333 1.000000 -1.000000 1.000000 1.183216 1.000000 0.000000
 0.121667 1.000000 -1.000000 1.000000 1.183216 1.000000 0.000000
 0.125000 1.000000 -1.000000 1.000000 1.183216 1.000000 0.000000
 0.128333 1.000000 -1.000000 1.000000 1.183216 1.000000 0.000000
 0.131667 1.000000 -1.000000 1.000000 1.183216 1.000000 0.000000
 0.135000 1.000000 -1.000000 1.000000 1.183216 1.000000 0.000000
 0.138333 1.000000 -1.000000 1.000000 1.183216 1.000000 0.000000
 0.141667 1.000000 -1.000000 1.000000 1.183216 1.000000 0.000000
 0.145000 1.000000 -1.000000 1.000000 1.183216 1.000000 0.000000
 0.148333 1.000000 -1.000000 1.000000 1.183216 1.000000 0.000000
 0.151667 1.000000 -1.000000 1.000000 1.183216 1.000000 0.000000
 0.155000 1.000000 -1.000000 1.000000 1.183216 1.000000 0.000000
 0.158333 1.000000 -1.000000 1.000000 1.183216 1.000000 0.000000
 0.161667 1.000000 -1.000000 1.000000 1.183216 1.000000 0.000000
 0.165000 1.000000 -1.000000 1.000000 1.183216 1.000000 0.000000
 0.168333 1.000000 -1.000000 1.000000 1.183216 1.000000 0.000000
 0.171667 1.000000 -1.000000 1.000000 1.183216 1.000000 0.000000
 0.175000 1.000000 -1.000000 1.000000 1.183216 1.000000 0.000000
 0.178333 1.000000 -1.000000 1.000000 1.183216 1.000000 0.000000
 0.181667 1.000000 -1.000000 1.000000 1.183216 1.000000 0.000000
 0.185000 1.000000 -1.000000 1.000000 1.183216 1.000000 0.000000
 0.188333 1.000000 -1.000000 1.000000 1.183216 1.000000 0.000000
 0.191667 1.000000 -1.000000 1.000000 1.183216 1.000000 0.000000
 0.195000 1.000000 -1.000000 1.000000 1.183216 1.000000 0.000000
 0.198333 1.000000 -1.000000 1.000000 1.183216 1.000000 0.000000
 0.201667 1.000000 -1.000000 1.000000 1.183216 1.000000 0.000000
 0.205000 1.000000 -1.000000 1.000000 1.183216 1.000000 0.000000
 0.208333 1.000000 -1.000000 1.000000 1.183216 1.000000 0.000000
 0.211667 1.000000 -0.999999 0.999999 1.183216 1.000000 0.000000
 0.215000 0.999999 -0.999999 0.999999 1.183216 1.000000 0.000000
 0.218333 0.999998 -0.999997 0.999997 1.183215 1.000000 0.000000
 0.221667 0.999995 -0.999995 0.999994 1.183215 1.000000 0.000000
 0.225000 0.999991 -0.999989 0.999987 1.183214 1.000000 0.000000
 0.228333 0.999982 -0.999979 0.999975 1.183212 1.000000 0.000000
 0.231667 0.999966 -0.999960 0.999953 1.183208 1.000000 0.000000
 0.235000 0.999938 -0.999927 0.999914 1.183201 1.000000 0.000000
 0.238333 0.999890 -0.999869 0.999845 1.183190 1.000000 0.000000
 0.241667 0.999807 -0.999772 0.999731 1.183170 1.000000 0.000000
 0.245000 0.999673 -0.999613 0.999542 1.183139 1.000000 0.000000
 0.248333 0.999459 -0.999360 0.999243 1.183088 1.000000 0.000000
 0.251667 0.999129 -0.998969 0.998781 1.183010 1.000000 0.000000
 0.255000 0.998632 -0.998381 0.998086 1.182892 1.000000 0.000000
 0.258333 0.997906 -0.997521 0.997070 1.182720 1.000001 0.000000
 0.261667 0.996874 -0.996298 0.995628 1.182476 1.000002 0.000000
 0.265000 0.995446 -0.994605 0.993634 1.182138 1.000003 0.000000
 0.268333 0.993524 -0.992324 0.990951 1.181683 1.000006 0.000000
 0.271667 0.991003 -0.989327 0.987438 1.181086 1.000011 0.000000
 0.275000 0.987778 -0.985487 0.982950 1.180321 1.000019 0.000000
 0.278333 0.983753 -0.980681 0.977359 1.179364 1.000031 0.000000
 0.281667 0.978842 -0.974800 0.970552 1.178195 1.000049 0.000000
 0.285000 0.972979 -0.967752 0.962448 1.176795 1.000075 0.000000
 0.288333 0.966119 -0.959467 0.952995 1.175152 1.000110 0.000000
 0.291667 0.958241 -0.949902 0.942178 1.173257 1.000158 0.000000
 0.295000 0.949348 -0.939035 0.930017 1.171107 1.000219 0.000000
 0.298333 0.939466 -0.926870 0.916562 1.168704 1.000296 0.000000
 0.301667 0.928637 -0.913432 0.901891 1.166052 1.000390 0.000000
 0.305000 0.916921 -0.898760 0.886102 1.163161 1.000504 0.000000
 0.308333 0.904390 -0.882909 0.869310 1.160042 1.000638 0.000000
 0.311667 0.891120 -0.865942 0.851637 1.156707 1.000792 0.000000
 0.315000 0.877194 -0.847928 0.833211 1.153171 1.000969 0.000000
 0.318333 0.862696 -0.828938 0.814157 1.149448 1.001168 0.000000
 0.321667 0.847707 -0.809046 0.794598 1.145552 1.001391 0.000000
 0.325000 0.832306 -0.788321 0.774651 1.141499 1.001636 0.000000
 0.328333 0.816568 -0.766834 0.754424 1.137301 1.001904 0.000000
 0.331667 0.800563 -0.744649 0.734018 1.132973 1.002196 0.000000
 0.335000 0.784356 -0.721828 0.713523 1.128525 1.002511 0.000000
 0.338333 0.768005 -0.698429 0.693020 1.123970 1.002849 0.000000
 0.341667 0.751565 -0.674505 0.672583 1.119318 1.003211 0.000000
 0.345000 0.735084 -0.650106 0.652276 1.114580 1.003597 0.000000
 0.348333 0.718607 -0.625280 0.632156 1.109763 1.004006 0.000000
 0.351667 0.702173 -0.600068 0.612273 1.104878 1.004438 0.000000
 0.355000 0.685819 -0.574514 0.592671 1.099932 1.004894 0.000000
 0.358333 0.669577 -0.548654 0.573388 1.094934 1.005373 0.000000
 0.361667 0.653478 -0.522529 0.554457 1.089889 1.005876 0.000000
 0.365000 0.637549 -0.496174 0.535909 1.084807 1.006402 0.000000
 0.368333 0.621816 -0.469627 0.517768 1.079694 1.006952 0.000000
 0.371667 0.606303 -0.442927 0.500060 1.074558 1.007526 0.000000
 0.375000 0.591034 -0.416113 0.482804 1.069407 1.008122 0.000000
 0.378333 0.576033 -0.389229 0.466022 1.064250 1.008742 0.000000
 0.381667 0.561323 -0.362324 0.449733 1.059095 1.009384 0.000000
 0.385000 0.546930 -0.335451 0.433957 1.053954 1.010048 0.000000
 0.388333 0.532880 -0.308673 0.418715 1.048838 1.010734 0.000000
 0.391667 0.519203 -0.282063 0.404029 1.043762 1.011440 0.000000
 0.395000 0.505934 -0.255710 0.389926 1.038744 1.012166 0.000000
 0.398333 0.493109 -0.229716 0.376435 1.033803 1.012908 0.000000
 0.401667 0.480773 -0.204208 0.363590 1.028963 1.013667 0.000000
 0.405000 0.468980 -0.179335 0.351432 1.024255 1.014440 0.000000
 0.408333 0.457787 -0.155275 0.340009 1.019712 1.015225 0.000000
 0.411667 0.447263 -0.132238 0.329374 1.015377 1.016019 0.000000
 0.415000 0.437484 -0.110465 0.319589 1.011298 1.016822 0.000000
 0.418333 0.428532 -0.090219 0.310719 1.007526 1.017633 0.000000
 0.421667 0.420486 -0.071778 0.302826 1.004118 1.018453 0.000000
 0.425000 0.413419 -0.055407 0.295966 1.001130 1.019287 0.000000
 0.428333 0.407381 -0.041324 0.290176 0.998607 1.020143 0.000000
 0.431667 0.402388 -0.029663 0.285458 0.996581 1.021032 0.000000
 0.435000 0.398410 -0.020433 0.281774 0.995060 1.021971 0.000000
 0.438333 0.395362 -0.013497 0.279035 0.994022 1.022977 0.000000
 0.441667 0.393111 -0.008579 0.277110 0.993418 1.024071 0.000000
 0.445000 0.391492 -0.005305 0.275837 0.993183 1.025277 0.000000
 0.448333 0.390327 -0.003262 0.275049 0.993241 1.026620 0.000000
 0.451667 0.389453 -0.002065 0.274590 0.993525 1.028129 0.000000
 0.455000 0.388735 -0.001396 0.274338 0.993985 1.029842 0.000000
 0.458333 0.388070 -0.001029 0.274202 0.994591 1.031804 0.000000
 0.461667 0.387386 -0.000819 0.274128 0.995334 1.034075 0.000000
 0.465000 0.386631 -0.000684 0.274083 0.996225 1.036735 0.000000
 0.468333 0.385761 -0.000583 0.274053 0.997291 1.039892 0.000000
 0.471667 0.384732 -0.000499 0.274029 0.998580 1.043696 0.000000
 0.475000 0.383489 -0.000424 0.274010 1.000162 1.048361 0.000000
 0.478333 0.381955 -0.000356 0.273994 1.002140 1.054202 0.000000
 0.481667 0.380013 -0.000293 0.273980 1.004673 1.061701 0.000000
 0.485000 0.377484 -0.000234 0.273970 1.008013 1.071630 0.000000
 0.488333 0.374069 -0.000179 0.273962 1.012589 1.085319 0.000000
 0.491667 0.369224 -0.000126 0.273956 1.019200 1.105285 0.000000
 0.495000 0.361781 -0.000075 0.273952 1.029624 1.137238 0.000000
 0.498333 0.348657 -0.000025 0.273950 1.048819 1.197607 0.000000
 0.501667 0.348657 0.000025 0.273950 1.048819 1.197607 0.000000
 0.505000 0.361781 0.000075 0.273952 1.029624 1.137238 0.000000
 0.508333 0.369224 0.000126 0.273956 1.019200 1.105285 0.000000
 0.511667 0.374069 0.000179 0.273962 1.012589 1.085319 0.000000
 0.515000 0.377484 0.000234 0.273970 1.008013 1.071630 0.000000
 0.518333 0.380013 0.000293 0.273980 1.004673 1.061701 0.000000
 0.521667 0.381955 0.000356 0.273994 1.002140 1.054202 0.000000
 0.525000 0.383489 0.000424 0.274010 1.000162 1.048361 0.000000
 0.528333 0.384732 0.000499 0.274029 0.998580 1.043696 0.000000
 0.531667 0.385761 0.000583 0.274053 0.997291 1.039892 0.000000
 0.535000 0.386631 0.000684 0.274083 0.996225 1.036735 0.000000
 0.538333 0.387386 0.000819 0.274128 0.995334 1.034075 0.000000
 0.541667 0.388070 0.001029 0.274202 0.994591 1.031804 0.000000
 0.545000 0.388735 0.001396 0.274338 0.993985 1.029842 0.000000
 0.548333 0.389453 0.002065 0.274590 0.993525 1.028129 0.000000
 0.551667 0.390327 0.003262 0.275049 0.993241 1.026620 0.000000
 0.555000 0.391492 0.005305 0.275837 0.993183 1.025277 0.000000
 0.558333 0.393111 0.008579 0.277110 0.993418 1.024071 0.000000
 0.561667 0.395362 0.013497 0.279035 0.994022 1.022977 0.000000
 0.565000 0.398410 0.020433 0.281774 0.995060 1.021971 0.000000
 0.568333 0.402388 0.029663 0.285458 0.996581 1.021032 0.000000
 0.571667 0.407381 0.041324 0.290176 0.998607 1.020143 0.000000
 0.575000 0.413419 0.055407 0.295966 1.001130 1.019287 0.000000
 0.578333 0.420486 0.071778 0.302826 1.004118 1.018453 0.000000
 0.581667 0.428532 0.090219 0.310719 1.007526 1.017633 0.000000
 0.585000 0.437484 0.110465 0.319589 1.011298 1.016822 0.000000
 0.588333 0.447263 0.132238 0.329374 1.015377 1.016019 0.000000
 0.591667 0.457787 0.155275 0.340009 1.019712 1.015225 0.000000
 0.595000 0.468980 0.179335 0.351432 1.024255 1.014440 0.000000
 0.598333 0.480773 0.204208 0.363590 1.028963 1.013667 0.000000
 0.601667 0.493109 0.229716 0.376435 1.033803 1.012908 0.000000
 0.605000 0.505934 0.255710 0.389926 1.038744 1.012166 0.000000
 0.608333 0.519203 0.282063 0.404029 1.043762 1.011440 0.000000
 0.611667 0.532880 0.308673 0.418715 1.048838 1.010734 0.000000
 0.615000 0.546930 0.335451 0.433957 1.053954 1.010048 0.000000
 0.618333 0.561323 0.362324 0.449733 1.059095 1.009384 0.000000
 0.621667 0.576033 0.389229 0.466022 1.064250 1.008742 0.000000
 0.625000 0.591034 0.416113 0.482804 1.069407 1.008122 0.000000
 0.628333 0.606303 0.442927 0.500060 1.074558 1.007526 0.000000
 0.631667 0.621816 0.469627 0.517768 1.079694 1.006952 0.000000
 0.635000 0.637549 0.496174 0.535909 1.084807 1.006402 0.000000
 0.638333 0.653478 0.522529 0.554457 1.089889 1.005876 0.000000
 0.641667 0.669577 0.548654 0.573388 1.094934 1.005373 0.000000
 0.645000 0.685819 0.574514 0.592671 1.099932 1.004894 0.000000
 0.648333 0.702173 0.600068 0.612273 1.104878 1.004438 0.000000
 0.651667 0.718607 0.625280 0.632156 1.109763 1.004006 0.000000
 0.655000 0.735084 0.650106 0.652276 1.114580 1.003597 0.000000
 0.658333 0.751565 0.674505 0.672583 1.119318 1.003211 0.000000
 0.661667 0.768005 0.698429 0.693020 1.123970 1.002849 0.000000
 0.665000 0.784356 0.721828 0.713523 1.128525 1.002511 0.000000
 0.668333 0.800563 0.744649 0.734018 1.132973 1.002196 0.000000
 0.671667 0.816568 0.766834 0.754424 1.137301 1.001904 0.000000
 0.675000 0.832306 0.788321 0.774651 1.141499 1.001636 0.000000
 0.678333 0.847707 0.809046 0.794598 1.145552 1.001391 0.000000
 0.681667 0.862696 0.828938 0.814157 1.149448 1.001168 0.000000
 0.685000 0.877194 0.847928 0.833211 1.153171 1.000969 0.000000
 0.688333 0.891120 0.865942 0.851637 1.156707 1.000792 0.000000
 0.691667 0.904390 0.882909 0.869310 1.160042 1.000638 0.000000
 0.695000 0.916921 0.898760 0.886102 1.163161 1.000504 0.000000
 0.698333 0.928637 0.913432 0.901891 1.166052 1.000390 0.000000
 0.701667 0.939466 0.926870 0.916562 1.168704 1.000296 0.000000
 0.705000 0.949348 0.939035 0.930017 1.171107 1.000219 0.000000
 0.708333 0.958241 0.949902 0.942178 1.173257 1.000158 0.000000
 0.711667 0.966119 0.959467 0.952995 1.175152 1.000110 0.000000
 0.715000 0.972979 0.967752 0.962448 1.176795 1.000075 0.000000
 0.718333 0.978842 0.974800 0.970552 1.178195 1.000049 0.000000
 0.721667 0.983753 0.980681 0.977359 1.179364 1.000031 0.000000
 0.725000 0.987778 0.985487 0.982950 1.180321 1.000019 0.000000
 0.728333 0.991003 0.989327 0.987438 1.181086 1.000011 0.000000
 0.731667 0.993524 0.992324 0.990951 1.181683 1.000006 0.000000
 0.735000 0.995446 0.994605 0.993634 1.182138 1.000003 0.000000
 0.738333 0.996874 0.996298 0.995628 1.182476 1.000002 0.000000
 0.741667 0.997906 0.997521 0.997070 1.182720 1.000001 0.000000
 0.745000 0.998632 0.998381 0.998086 1.182892 1.000000 0.000000
 0.748333 0.999129 0.998969 0.998781 1.183010 1.000000 0.000000
 0.751667 0.999459 0.999360 0.999243 1.183088 1.000000 0.000000
 0.755000 0.999673 0.999613 0.999542 1.183139 1.000000 0.000000
 0.758333 0.999807 0.999772 0.999731 1.183170 1.000000 0.000000
 0.761667 0.999890 0.999869 0.999845 1.183190 1.000000 0.000000
 0.765000 0.999938 0.999927 0.999914 1.183201 1.000000 0.000000
 0.768333 0.999966 0.999960 0.999953 1.183208 1.000000 0.000000
 0.771667 0.999982 0.999979 0.999975 1.183212 1.000000 0.000000
 0.775000 0.999991 0.999989 0.999987 1.183214 1.000000 0.000000
 0.778333 0.999995 0.999995 0.999994 1.183215 1.000000 0.000000
 0.781667 0.999998 0.999997 0.999997 1.183215 1.000000 0.000000
 0.785000 0.999999 0.999999 0.999999 1.183216 1.000000 0.000000
 0.788333 1.000000 0.999999 0.999999 1.183216 1.000000 0.000000
 0.791667 1.000000 1.000000 1.000000 1.183216 1.000000 0.000000
 0.795000 1.000000 1.000000 1.000000 1.183216 1.000000 0.000000
 0.798333 1.000000 1.000000 1.000000 1.183216 1.000000 0.000000
 0.801667 1.000000 1.000000 1.000000 1.183216 1.000000 0.000000
 0.805000 1.000000 1.000000 1.000000 1.183216 1.000000 0.000000
 0.808333 1.000000 1.000000 1.000000 1.183216 1.000000 0.000000
 0.811667 1.000000 1.000000 1.000000 1.183216 1.000000 0.000000
 0.815000 1.000000 1.000000 1.000000 1.183216 1.000000 0.000000
 0.818333 1.000000 1.000000 1.000000 1.183216 1.000000 0.000000
 0.821667 1.000000 1.000000 1.000000 1.183216 1.000000 0.000000
 0.825000 1.000000 1.000000 1.000000 1.183216 1.000000 0.000000
 0.828333 1.000000 1.000000 1.000000 1.183216 1.000000 0.000000
 0.831667 1.000000 1.000000 1.000000 1.183216 1.000000 0.000000
 0.835000 1.000000 1.000000 1.000000 1.183216 1.000000 0.000000
 0.838333 1.000000 1.000000 1.000000 1.183216 1.000000 0.000000
 0.841667 1.000000 1.000000 1.000000 1.183216 1.000000 0.000000
 0.845000 1.000000 1.000000 1.000000 1.183216 1.000000 0.000000
 0.848333 1.000000 1.000000 1.000000 1.183216 1.000000 0.000000
 0.851667 1.000000 1.000000 1.000000 1.183216 1.000000 0.000000
 0.855000 1.000000 1.000000 1.000000 1.183216 1.000000 0.000000
 0.858333 1.000000 1.000000 1.000000 1.183216 1.000000 0.000000
 0.861667 1.000000 1.000000 1.000000 1.183216 1.000000 0.000000
 0.865000 1.000000 1.000000 1.000000 1.183216 1.000000 0.000000
 0.868333 1.000000 1.000000 1.000000 1.183216 1.000000 0.000000
 0.871667 1.000000 1.000000 1.000000 1.183216 1.000000 0.000000
 0.875000 1.000000 1.000000 1.000000 1.183216 1.000000 0.000000
 0.878333 1.000000 1.000000 1.000000 1.183216 1.000000 0.000000
 0.881667 1.000000 1.000000 1.000000 1.183216 1.000000 0.000000
 0.885000 1.000000 1.000000 1.000000 1.183216 1.000000 0.000000
 0.888333 1.000000 1.000000 1.000000 1.183216 1.000000 0.000000
 0.891667 1.000000 1.000000 1.000000 1.183216 1.000000 0.000000
 0.895000 1.000000 1.000000 1.000000 1.183216 1.000000 0.000000
 0.898333 1.000000 1.000000 1.000000 1.183216 1.000000 0.000000
 0.901667 1.000000 1.000000 1.000000 1.183216 1.000000 0.000000
 0.905000 1.000000 1.000000 1.000000 1.183216 1.000000 0.000000
 0.908333 1.000000 1.000000 1.000000 1.183216 1.000000 0.000000
 0.911667 1.000000 1.000000 1.000000 1.183216 1.000000 0.000000
 0.915000 1.000000 1.000000 1.000000 1.183216 1.000000 0.000000
 0.918333 1.000000 1.000000 1.000000 1.183216 1.000000 0.000000
 0.921667 1.000000 1.000000 1.000000 1.183216 1.000000 0.000000
 0.925000 1.000000 1.000000 1.000000 1.183216 1.000000 0.000000
 0.928333 1.000000 1.000000 1.000000 1.183216 1.000000 0.000000
 0.931667 1.000000 1.000000 1.000000 1.183216 1.000000 0.000000
 0.935000 1.000000 1.000000 1.000000 1.183216 1.000000 0.000000
 0.938333 1.000000 1.000000 1.000000 1.183216 1.000000 0.000000
 0.941667 1.000000 1.000000 1.000000 1.183216 1.000000 0.000000
 0.945000 1.000000 1.000000 1.000000 1.183216 1.000000 0.000000
 0.948333 1.000000 1.000000 1.000000 1.183216 1.000000 0.000000
 0.951667 1.000000 1.000000 1.000000 1.183216 1.000000 0.000000
 0.955000 1.000000 1.000000 1.000000 1.183216 1.000000 0.000000
 0.958333 1.000000 1.000000 1.000000 1.183216 1.000000 0.000000
 0.961667 1.000000 1.000000 1.000000 1.183216 1.000000 0.000000
 0.965000 1.000000 1.000000 1.000000 1.183216 1.000000 0.000000
 0.968333 1.000000 1.000000 1.000000 1.183216 1.000000 0.000000
 0.971667 1.000000 1.000000 1.000000 1.183216 1.000000 0.000000
 0.975000 1.000000 1.000000 1.000000 1.183216 1.000000 0.000000
 0.978333 1.000000 1.000000 1.000000 1.183216 1.000000 0.000000
 0.981667 1.000000 1.000000 1.000000 1.183216 1.000000 0.000000
 0.985000 1.000000 1.000000 1.000000 1.183216 1.000000 0.000000
 0.988333 1.000000 1.000000 1.000000 1.183216 1.000000 0.000000
 0.991667 1.000000 1.000000 1.000000 1.183216 1.000000 0.000000
 0.995000 1.000000 1.000000 1.000000 1.183216 1.000000 0.000000
 0.998333 1.000000 1.000000 1.000000 1.183216 1.000000 0.000000
