Timer: 0.105267
 0.032335 1.263870 0.293142 1.401793 1.246106 0.009903 0.000000
 0.035029 1.263876 0.293141 1.401803 1.246107 0.009903 0.000000
 0.037695 1.263883 0.293140 1.401812 1.246108 0.009902 0.000000
 0.040347 1.263894 0.293139 1.401822 1.246106 0.009896 0.000000
 0.042992 1.263921 0.293138 1.401831 1.246097 0.009872 0.000002
 0.045633 1.263989 0.293138 1.401840 1.246067 0.009804 0.000006
 0.048272 1.264136 0.293138 1.401849 1.245999 0.009647 0.000012
 0.050909 1.264404 0.293138 1.401858 1.245871 0.009357 0.000023
 0.053544 1.264822 0.293139 1.401867 1.245669 0.008901 0.000036
 0.056178 1.265389 0.293139 1.401876 1.245394 0.008280 0.000048
 0.058811 1.266068 0.293140 1.401885 1.245064 0.007536 0.000057
 0.061443 1.266798 0.293141 1.401894 1.244709 0.006734 0.000061
 0.064074 1.267514 0.293143 1.401904 1.244362 0.005950 0.000060
 0.066705 1.268162 0.293144 1.401913 1.244048 0.005241 0.000054
 0.069335 1.268712 0.293146 1.401922 1.243783 0.004641 0.000045
 0.071965 1.269156 0.293148 1.401932 1.243570 0.004159 0.000036
 0.074594 1.269502 0.293150 1.401942 1.243404 0.003784 0.000028
 0.077223 1.269769 0.293153 1.401952 1.243278 0.003497 0.000021
 0.079852 1.269975 0.293156 1.401962 1.243182 0.003277 0.000016
 0.082480 1.270137 0.293159 1.401973 1.243107 0.003106 0.000013
 0.085108 1.270267 0.293162 1.401984 1.243048 0.002970 0.000010
 0.087735 1.270376 0.293166 1.401995 1.243000 0.002858 0.000008
 0.090362 1.270468 0.293170 1.402006 1.242960 0.002765 0.000007
 0.092989 1.270548 0.293175 1.402018 1.242926 0.002685 0.000006
 0.095616 1.270619 0.293179 1.402030 1.242897 0.002615 0.000005
 0.098243 1.270682 0.293183 1.402041 1.242871 0.002554 0.000005
 0.100869 1.270738 0.293186 1.402051 1.242847 0.002499 0.000004
 0.103495 1.270786 0.293186 1.402055 1.242826 0.002449 0.000004
 0.106121 1.270822 0.293179 1.402047 1.242805 0.002404 0.000003
 0.108747 1.270837 0.293154 1.402013 1.242783 0.002363 0.000003
 0.111373 1.270813 0.293095 1.401923 1.242754 0.002326 0.000003
 0.113998 1.270715 0.292966 1.401723 1.242714 0.002291 0.000003
 0.116624 1.270479 0.292704 1.401314 1.242648 0.002259 0.000002
 0.119251 1.269994 0.292201 1.400524 1.242534 0.002229 0.000002
 0.121879 1.269072 0.291272 1.399062 1.242337 0.002202 0.000002
 0.124509 1.267413 0.289621 1.396466 1.241995 0.002175 0.000002
 0.127143 1.264556 0.286791 1.392023 1.241419 0.002149 0.000003
 0.129785 1.259827 0.282112 1.384704 1.240472 0.002122 0.000005
 0.132438 1.252318 0.274657 1.373116 1.238969 0.002088 0.000009
 0.135111 1.240910 0.263259 1.355569 1.236672 0.002038 0.000019
 0.137812 1.224449 0.246642 1.330349 1.233322 0.001954 0.000038
 0.140555 1.202121 0.223777 1.296323 1.228702 0.001809 0.000067
 0.143354 1.174035 0.194482 1.253830 1.222765 0.001578 0.000102
 0.146225 1.141761 0.160091 1.205453 1.215771 0.001255 0.000129
 0.149180 1.108343 0.123674 1.155917 1.208343 0.000882 0.000130
 0.152222 1.077422 0.089257 1.110637 1.201316 0.000535 0.000104
 0.155347 1.051851 0.060273 1.073634 1.195405 0.000278 0.000066
 0.158540 1.032772 0.038336 1.046310 1.190946 0.000125 0.000034
 0.161785 1.019723 0.023174 1.027772 1.187876 0.000050 0.000015
 0.165066 1.011397 0.013429 1.016010 1.185911 0.000018 0.000006
 0.168368 1.006363 0.007511 1.008925 1.184721 0.000006 0.000002
 0.171685 1.003446 0.004072 1.004830 1.184031 0.000002 0.000001
 0.175009 1.001815 0.002146 1.002543 1.183645 0.000001 0.000000
 0.178338 1.000931 0.001101 1.001303 1.183436 0.000000 0.000000
 0.181669 1.000465 0.000550 1.000651 1.183326 0.000000 0.000000
 0.185001 1.000226 0.000267 1.000316 1.183269 0.000000 0.000000
 0.188334 1.000107 0.000126 1.000150 1.183241 0.000000 0.000000
 0.191667 1.000049 0.000058 1.000069 1.183228 0.000000 0.000000
 0.195000 1.000022 0.000026 1.000031 1.183221 0.000000 0.000000
 0.198333 1.000010 0.000011 1.000013 1.183218 0.000000 0.000000
 0.201667 1.000004 0.000005 1.000006 1.183217 0.000000 0.000000
 0.205000 1.000002 0.000002 1.000002 1.183216 0.000000 0.000000
 0.208333 1.000001 0.000001 1.000001 1.183216 0.000000 0.000000
 0.211667 1.000000 0.000000 1.000000 1.183216 0.000000 0.000000
 0.215000 1.000000 0.000000 1.000000 1.183216 0.000000 0.000000
 0.218333 1.000000 0.000000 1.000000 1.183216 0.000000 0.000000
 0.221667 1.000000 0.000000 1.000000 1.183216 -0.000000 -0.000000
 0.225000 1.000000 0.000000 1.000000 1.183216 0.000000 0.000000
 0.228333 1.000000 0.000000 1.000000 1.183216 0.000000 0.000000
 0.231667 1.000000 0.000000 1.000000 1.183216 -0.000000 0.000000
 0.235000 1.000000 0.000000 1.000000 1.183216 0.000000 0.000000
 0.238333 1.000000 0.000000 1.000000 1.183216 0.000000 0.000000
 0.241667 1.000000 0.000000 1.000000 1.183216 0.000000 0.000000
 0.245000 1.000000 0.000000 1.000000 1.183216 -0.000000 0.000000
 0.248333 1.000000 0.000000 1.000000 1.183216 0.000000 0.000000
 0.251667 1.000000 0.000000 1.000000 1.183216 -0.000000 -0.000000
 0.255000 1.000000 0.000000 1.000000 1.183216 0.000000 0.000000
 0.258333 1.000000 0.000000 1.000000 1.183216 0.000000 0.000000
 0.261667 1.000000 0.000000 1.000000 1.183216 0.000000 0.000000
 0.265000 1.000000 0.000000 1.000000 1.183216 0.000000 0.000000
 0.268333 1.000000 0.000000 1.000000 1.183216 0.000000 0.000000
 0.271667 1.000000 0.000000 1.000000 1.183216 0.000000 0.000000
 0.275000 1.000000 0.000000 1.000000 1.183216 0.000000 0.000000
 0.278333 1.000000 -0.000000 1.000000 1.183216 0.000000 0.000000
 0.281667 1.000000 0.000000 1.000000 1.183216 0.000000 0.000000
 0.285000 1.000000 -0.000000 1.000000 1.183216 0.000000 0.000000
 0.288333 1.000000 0.000000 1.000000 1.183216 0.000000 0.000000
 0.291667 1.000000 -0.000000 1.000000 1.183216 0.000000 0.000000
 0.295000 1.000000 0.000000 1.000000 1.183216 0.000000 0.000000
 0.298333 1.000000 -0.000000 1.000000 1.183216 0.000000 0.000000
 0.301667 1.000000 0.000000 1.000000 1.183216 0.000000 0.000000
 0.305000 1.000000 -0.000000 1.000000 1.183216 0.000000 0.000000
 0.308333 1.000000 0.000000 1.000000 1.183216 0.000000 0.000000
 0.311667 1.000000 -0.000000 1.000000 1.183216 0.000000 0.000000
 0.315000 1.000000 0.000000 1.000000 1.183216 0.000000 0.000000
 0.318333 1.000000 -0.000000 1.000000 1.183216 0.000000 0.000000
 0.321667 1.000000 0.000000 1.000000 1.183216 0.000000 0.000000
 0.325000 1.000000 -0.000000 1.000000 1.183216 0.000000 0.000000
 0.328333 1.000000 0.000000 1.000000 1.183216 0.000000 0.000000
 0.331667 1.000000 -0.000000 1.000000 1.183216 0.000000 0.000000
 0.335000 1.000000 0.000000 1.000000 1.183216 0.000000 0.000000
 0.338333 1.000000 -0.000000 1.000000 1.183216 0.000000 0.000000
 0.341667 1.000000 0.000000 1.000000 1.183216 0.000000 0.000000
 0.345000 1.000000 -0.000000 1.000000 1.183216 0.000000 0.000000
 0.348333 1.000000 0.000000 1.000000 1.183216 0.000000 0.000000
 0.351667 1.000000 -0.000000 1.000000 1.183216 0.000000 0.000000
 0.355000 1.000000 0.000000 1.000000 1.183216 0.000000 0.000000
 0.358333 1.000000 -0.000000 1.000000 1.183216 0.000000 0.000000
 0.361667 1.000000 0.000000 1.000000 1.183216 0.000000 0.000000
 0.365000 1.000000 -0.000000 1.000000 1.183216 0.000000 0.000000
 0.368333 1.000000 0.000000 1.000000 1.183216 0.000000 0.000000
 0.371667 1.000000 -0.000000 1.000000 1.183216 0.000000 0.000000
 0.375000 1.000000 0.000000 1.000000 1.183216 0.000000 0.000000
 0.378333 1.000000 -0.000000 1.000000 1.183216 0.000000 0.000000
 0.381667 1.000000 0.000000 1.000000 1.183216 0.000000 0.000000
 0.385000 1.000000 -0.000000 1.000000 1.183216 0.000000 0.000000
 0.388333 1.000000 0.000000 1.000000 1.183216 0.000000 0.000000
 0.391667 1.000000 -0.000000 1.000000 1.183216 0.000000 0.000000
 0.395000 1.000000 0.000000 1.000000 1.183216 0.000000 0.000000
 0.398333 1.000000 -0.000000 1.000000 1.183216 0.000000 0.000000
 0.401667 1.000000 0.000000 1.000000 1.183216 0.000000 0.000000
 0.405000 1.000000 0.000000 1.000000 1.183216 0.000000 0.000000
 0.408333 1.000000 0.000000 1.000000 1.183216 0.000000 0.000000
 0.411667 1.000000 0.000000 1.000000 1.183216 0.000000 0.000000
 0.415000 1.000000 0.000000 1.000000 1.183216 0.000000 0.000000
 0.418333 1.000000 0.000000 1.000000 1.183216 0.000000 0.000000
 0.421667 1.000000 0.000000 1.000000 1.183216 0.000000 0.000000
 0.425000 1.000000 0.000000 1.000000 1.183216 0.000000 0.000000
 0.428333 1.000000 0.000000 1.000000 1.183216 0.000000 0.000000
 0.431667 1.000000 0.000000 1.000000 1.183216 0.000000 0.000000
 0.435000 1.000000 0.000000 1.000000 1.183216 0.000000 0.000000
 0.438333 1.000000 0.000000 1.000000 1.183216 0.000000 0.000000
 0.441667 1.000000 0.000000 1.000000 1.183216 0.000000 0.000000
 0.445000 1.000000 0.000000 1.000000 1.183216 0.000000 0.000000
 0.448333 1.000000 0.000000 1.000000 1.183216 0.000000 0.000000
 0.451667 1.000000 0.000000 1.000000 1.183216 0.000000 0.000000
 0.455000 1.000000 0.000000 1.000000 1.183216 0.000000 0.000000
 0.458333 1.000000 0.000000 1.000000 1.183216 0.000000 0.000000
 0.461667 1.000000 0.000000 1.000000 1.183216 0.000000 0.000000
 0.465000 1.000000 0.000000 1.000000 1.183216 0.000000 0.000000
 0.468333 1.000000 0.000000 1.000000 1.183216 0.000000 0.000000
 0.471667 1.000000 0.000000 1.000000 1.183216 0.000000 0.000000
 0.475000 1.000000 0.000000 1.000000 1.183216 0.000000 0.000000
 0.478333 1.000000 0.000000 1.000000 1.183216 0.000000 0.000000
 0.481667 1.000000 0.000000 1.000000 1.183216 0.000000 0.000000
 0.485000 1.000000 0.000000 1.000000 1.183216 0.000000 0.000000
 0.488333 1.000000 0.000000 1.000000 1.183216 0.000000 0.000000
 0.491667 1.000000 0.000000 1.000000 1.183216 0.000000 0.000000
 0.495000 1.000000 0.000000 1.000000 1.183216 0.000000 0.000000
 0.498333 1.000000 0.000000 1.000000 1.183216 0.000000 0.000000
 0.501667 1.000000 0.000000 1.000000 1.183216 0.000000 0.000000
 0.505000 1.000000 0.000000 1.000000 1.183216 0.000000 0.000000
 0.508333 1.000000 0.000000 1.000000 1.183216 0.000000 0.000000
 0.511667 1.000000 0.000000 1.000000 1.183216 0.000000 0.000000
 0.515000 1.000000 0.000000 1.000000 1.183216 0.000000 0.000000
 0.518333 1.000000 0.000000 1.000000 1.183216 0.000000 0.000000
 0.521667 1.000000 0.000000 1.000000 1.183216 0.000000 0.000000
 0.525000 1.000000 0.000000 1.000000 1.183216 0.000000 0.000000
 0.528333 1.000000 0.000000 1.000000 1.183216 0.000000 0.000000
 0.531667 1.000000 0.000000 1.000000 1.183216 0.000000 0.000000
 0.535000 1.000000 0.000000 1.000000 1.183216 0.000000 0.000000
 0.538333 1.000000 0.000000 1.000000 1.183216 0.000000 0.000000
 0.541667 1.000000 0.000000 1.000000 1.183216 0.000000 0.000000
 0.545000 1.000000 0.000000 1.000000 1.183216 0.000000 0.000000
 0.548333 1.000000 0.000000 1.000000 1.183216 0.000000 0.000000
 0.551667 1.000000 0.000000 1.000000 1.183216 0.000000 0.000000
 0.555000 1.000000 0.000000 1.000000 1.183216 0.000000 0.000000
 0.558333 1.000000 0.000000 1.000000 1.183216 0.000000 0.000000
 0.561667 1.000000 0.000000 1.000000 1.183216 0.000000 0.000000
 0.565000 1.000000 0.000000 1.000000 1.183216 0.000000 0.000000
 0.568333 1.000000 0.000000 1.000000 1.183216 0.000000 0.000000
 0.571667 1.000000 0.000000 1.000000 1.183216 0.000000 0.000000
 0.575000 1.000000 0.000000 1.000000 1.183216 0.000000 0.000000
 0.578333 1.000000 0.000000 1.000000 1.183216 0.000000 0.000000
 0.581667 1.000000 0.000000 1.000000 1.183216 0.000000 0.000000
 0.585000 1.000000 0.000000 1.000000 1.183216 0.000000 0.000000
 0.588333 1.000000 0.000000 1.000000 1.183216 0.000000 0.000000
 0.591667 1.000000 0.000000 1.000000 1.183216 0.000000 0.000000
 0.595000 1.000000 0.000000 1.000000 1.183216 0.000000 0.000000
 0.598333 1.000000 0.000000 1.000000 1.183216 0.000000 0.000000
 0.601667 1.000000 0.000000 1.000000 1.183216 0.000000 0.000000
 0.605000 1.000000 0.000000 1.000000 1.183216 0.000000 0.000000
 0.608333 1.000000 0.000000 1.000000 1.183216 0.000000 0.000000
 0.611667 1.000000 0.000000 1.000000 1.183216 0.000000 0.000000
 0.615000 1.000000 0.000000 1.000000 1.183216 0.000000 0.000000
 0.618333 1.000000 0.000000 1.000000 1.183216 0.000000 0.000000
 0.621667 1.000000 0.000000 1.000000 1.183216 0.000000 0.000000
 0.625000 1.000000 0.000000 1.000000 1.183216 0.000000 0.000000
 0.628333 1.000000 0.000000 1.000000 1.183216 0.000000 0.000000
 0.631667 1.000000 0.000000 1.000000 1.183216 0.000000 0.000000
 0.635000 1.000000 0.000000 1.000000 1.183216 0.000000 0.000000
 0.638333 1.000000 0.000000 1.000000 1.183216 0.000000 0.000000
 0.641667 1.000000 0.000000 1.000000 1.183216 0.000000 0.000000
 0.645000 1.000000 0.000000 1.000000 1.183216 0.000000 0.000000
 0.648333 1.000000 0.000000 1.000000 1.183216 0.000000 0.000000
 0.651667 1.000000 0.000000 1.000000 1.183216 0.000000 0.000000
 0.655000 1.000000 0.000000 1.000000 1.183216 0.000000 0.000000
 0.658333 1.000000 0.000000 1.000000 1.183216 0.000000 0.000000
 0.661667 1.000000 0.000000 1.000000 1.183216 0.000000 0.000000
 0.665000 1.000000 0.000000 1.000000 1.183216 0.000000 0.000000
 0.668333 1.000000 0.000000 1.000000 1.183216 0.000000 0.000000
 0.671667 1.000000 0.000000 1.000000 1.183216 0.000000 0.000000
 0.675000 1.000000 0.000000 1.000000 1.183216 0.000000 0.000000
 0.678333 1.000000 0.000000 1.000000 1.183216 0.000000 0.000000
 0.681667 1.000000 0.000000 1.000000 1.183216 0.000000 0.000000
 0.685000 1.000000 0.000000 1.000000 1.183216 0.000000 0.000000
 0.688333 1.000000 0.000000 1.000000 1.183216 0.000000 0.000000
 0.691667 1.000000 0.000000 1.000000 1.183216 0.000000 0.000000
 0.695000 1.000000 0.000000 1.000000 1.183216 0.000000 0.000000
 0.698333 1.000000 0.000000 1.000000 1.183216 0.000000 0.000000
 0.701667 1.000000 0.000000 1.000000 1.183216 0.000000 0.000000
 0.705000 1.000000 0.000000 1.000000 1.183216 0.000000 0.000000
 0.708333 1.000000 0.000000 1.000000 1.183216 0.000000 0.000000
 0.711667 1.000000 0.000000 1.000000 1.183216 0.000000 0.000000
 0.715000 1.000000 0.000000 1.000000 1.183216 0.000000 0.000000
 0.718333 1.000000 0.000000 1.000000 1.183216 0.000000 0.000000
 0.721667 1.000000 0.000000 1.000000 1.183216 0.000000 0.000000
 0.725000 1.000000 0.000000 1.000000 1.183216 0.000000 0.000000
 0.728333 1.000000 0.000000 1.000000 1.183216 0.000000 0.000000
 0.731667 1.000000 0.000000 1.000000 1.183216 0.000000 0.000000
 0.735000 1.000000 0.000000 1.000000 1.183216 0.000000 0.000000
 0.738333 1.000000 0.000000 1.000000 1.183216 0.000000 0.000000
 0.741667 1.000000 0.000000 1.000000 1.183216 0.000000 0.000000
 0.745000 1.000000 0.000000 1.000000 1.183216 0.000000 0.000000
 0.748333 1.000000 0.000000 1.000000 1.183216 0.000000 0.000000
 0.751667 1.000000 0.000000 1.000000 1.183216 0.000000 0.000000
 0.755000 1.000000 0.000000 1.000000 1.183216 0.000000 0.000000
 0.758333 1.000000 0.000000 1.000000 1.183216 0.000000 0.000000
 0.761667 1.000000 0.000000 1.000000 1.183216 0.000000 0.000000
 0.765000 1.000000 0.000000 1.000000 1.183216 0.000000 0.000000
 0.768333 1.000000 0.000000 1.000000 1.183216 0.000000 0.000000
 0.771667 1.000000 0.000000 1.000000 1.183216 0.000000 0.000000
 0.775000 1.000000 0.000000 1.000000 1.183216 0.000000 0.000000
 0.778333 1.000000 0.000000 1.000000 1.183216 0.000000 0.000000
 0.781667 1.000000 0.000000 1.000000 1.183216 0.000000 0.000000
 0.785000 1.000000 0.000000 1.000000 1.183216 0.000000 0.000000
 0.788333 1.000000 0.000000 1.000000 1.183216 0.000000 0.000000
 0.791667 1.000000 0.000000 1.000000 1.183216 0.000000 0.000000
 0.795000 1.000000 0.000000 1.000000 1.183216 0.000000 0.000000
 0.798333 1.000000 0.000000 1.000000 1.183216 0.000000 0.000000
 0.801667 1.000000 0.000000 1.000000 1.183216 0.000000 0.000000
 0.805000 1.000000 0.000000 1.000000 1.183216 0.000000 0.000000
 0.808333 1.000000 0.000000 1.000000 1.183216 0.000000 0.000000
 0.811667 1.000000 0.000000 1.000000 1.183216 0.000000 0.000000
 0.815000 1.000000 0.000000 1.000000 1.183216 0.000000 0.000000
 0.818333 1.000000 0.000000 1.000000 1.183216 0.000000 0.000000
 0.821667 1.000000 0.000000 1.000000 1.183216 0.000000 0.000000
 0.825000 1.000000 0.000000 1.000000 1.183216 0.000000 0.000000
 0.828333 1.000000 0.000000 1.000000 1.183216 0.000000 0.000000
 0.831667 1.000000 0.000000 1.000000 1.183216 0.000000 0.000000
 0.835000 1.000000 0.000000 1.000000 1.183216 0.000000 0.000000
 0.838333 1.000000 0.000000 1.000000 1.183216 0.000000 0.000000
 0.841667 1.000000 0.000000 1.000000 1.183216 0.000000 0.000000
 0.845000 1.000000 0.000000 1.000000 1.183216 0.000000 0.000000
 0.848333 1.000000 0.000000 1.000000 1.183216 0.000000 0.000000
 0.851667 1.000000 0.000000 1.000000 1.183216 0.000000 0.000000
 0.855000 1.000000 0.000000 1.000000 1.183216 0.000000 0.000000
 0.858333 1.000000 0.000000 1.000000 1.183216 0.000000 0.000000
 0.861667 1.000000 0.000000 1.000000 1.183216 0.000000 0.000000
 0.865000 1.000000 0.000000 1.000000 1.183216 0.000000 0.000000
 0.868333 1.000000 0.000000 1.000000 1.183216 0.000000 0.000000
 0.871667 1.000000 0.000000 1.000000 1.183216 0.000000 0.000000
 0.875000 1.000000 0.000000 1.000000 1.183216 0.000000 0.000000
 0.878333 1.000000 0.000000 1.000000 1.183216 0.000000 0.000000
 0.881667 1.000000 0.000000 1.000000 1.183216 0.000000 0.000000
 0.885000 1.000000 0.000000 1.000000 1.183216 0.000000 0.000000
 0.888333 1.000000 0.000000 1.000000 1.183216 0.000000 0.000000
 0.891667 1.000000 0.000000 1.000000 1.183216 0.000000 0.000000
 0.895000 1.000000 0.000000 1.000000 1.183216 0.000000 0.000000
 0.898333 1.000000 0.000000 1.000000 1.183216 0.000000 0.000000
 0.901667 1.000000 0.000000 1.000000 1.183216 0.000000 0.000000
 0.905000 1.000000 0.000000 1.000000 1.183216 0.000000 0.000000
 0.908333 1.000000 0.000000 1.000000 1.183216 0.000000 0.000000
 0.911667 1.000000 0.000000 1.000000 1.183216 0.000000 0.000000
 0.915000 1.000000 0.000000 1.000000 1.183216 0.000000 0.000000
 0.918333 1.000000 0.000000 1.000000 1.183216 0.000000 0.000000
 0.921667 1.000000 0.000000 1.000000 1.183216 0.000000 0.000000
 0.925000 1.000000 0.000000 1.000000 1.183216 0.000000 0.000000
 0.928333 1.000000 0.000000 1.000000 1.183216 0.000000 0.000000
 0.931667 1.000000 0.000000 1.000000 1.183216 0.000000 0.000000
 0.935000 1.000000 0.000000 1.000000 1.183216 0.000000 0.000000
 0.938333 1.000000 0.000000 1.000000 1.183216 0.000000 0.000000
 0.941667 1.000000 0.000000 1.000000 1.183216 0.000000 0.000000
 0.945000 1.000000 0.000000 1.000000 1.183216 0.000000 0.000000
 0.948333 1.000000 0.000000 1.000000 1.183216 0.000000 0.000000
 0.951667 1.000000 0.000000 1.000000 1.183216 0.000000 0.000000
 0.955000 1.000000 0.000000 1.000000 1.183216 0.000000 0.000000
 0.958333 1.000000 0.000000 1.000000 1.183216 0.000000 0.000000
 0.961667 1.000000 0.000000 1.000000 1.183216 0.000000 0.000000
 0.965000 1.000000 0.000000 1.000000 1.183216 0.000000 0.000000
 0.968333 1.000000 0.000000 1.000000 1.183216 0.000000 0.000000
 0.971667 1.000000 0.000000 1.000000 1.183216 0.000000 0.000000
 0.975000 1.000000 0.000000 1.000000 1.183216 0.000000 0.000000
 0.978333 1.000000 0.000000 1.000000 1.183216 0.000000 0.000000
 0.981667 1.000000 0.000000 1.000000 1.183216 0.000000 0.000000
 0.985000 1.000000 0.000000 1.000000 1.183216 0.000000 0.000000
 0.988333 1.000000 0.000000 1.000000 1.183216 0.000000 0.000000
 0.991667 1.000000 0.000000 1.000000 1.183216 0.000000 0.000000
 0.995000 1.000000 0.000000 1.000000 1.183216 0.000000 0.000000
 0.998333 1.000000 0.000000 1.000000 1.183216 0.000000 0.000000
