 0.001667 2.000000 0.000000 2.000000 
 0.005000 2.000000 0.000000 2.000000 
 0.008333 2.000000 0.000000 2.000000 
 0.011667 2.000000 0.000000 2.000000 
 0.015000 2.000000 0.000000 2.000000 
 0.018333 2.000000 0.000000 2.000000 
 0.021667 2.000000 0.000000 2.000000 
 0.025000 2.000000 0.000000 2.000000 
 0.028333 2.000000 0.000000 2.000000 
 0.031667 2.000000 0.000000 2.000000 
 0.035000 2.000000 0.000000 2.000000 
 0.038333 2.000000 0.000000 2.000000 
 0.041667 2.000000 0.000000 2.000000 
 0.045000 2.000000 0.000000 2.000000 
 0.048333 2.000000 0.000000 2.000000 
 0.051667 2.000000 0.000000 2.000000 
 0.055000 2.000000 0.000000 2.000000 
 0.058333 2.000000 0.000000 2.000000 
 0.061667 2.000000 0.000000 2.000000 
 0.065000 2.000000 0.000000 2.000000 
 0.068333 2.000000 0.000000 2.000000 
 0.071667 2.000000 0.000000 2.000000 
 0.075000 2.000000 0.000000 2.000000 
 0.078333 2.000000 0.000000 2.000000 
 0.081667 2.000000 0.000000 2.000000 
 0.085000 2.000000 0.000000 2.000000 
 0.088333 2.000000 0.000000 2.000000 
 0.091667 2.000000 0.000000 2.000000 
 0.095000 2.000000 0.000000 2.000000 
 0.098333 2.000000 0.000000 2.000000 
 0.101667 2.000000 0.000000 2.000000 
 0.105000 2.000000 0.000000 2.000000 
 0.108333 2.000000 0.000000 2.000000 
 0.111667 2.000000 0.000000 2.000000 
 0.115000 2.000000 0.000000 2.000000 
 0.118333 2.000000 0.000000 2.000000 
 0.121667 2.000000 0.000000 2.000000 
 0.125000 2.000000 0.000000 2.000000 
 0.128333 2.000000 0.000000 2.000000 
 0.131667 2.000000 0.000000 2.000000 
 0.135000 2.000000 0.000000 2.000000 
 0.138333 2.000000 0.000000 2.000000 
 0.141667 2.000000 0.000000 2.000000 
 0.145000 2.000000 0.000000 2.000000 
 0.148333 2.000000 0.000000 2.000000 
 0.151667 2.000000 0.000000 2.000000 
 0.155000 1.994303 0.003374 1.992029 
 0.158333 1.978343 0.012868 1.969746 
 0.161667 1.962485 0.022363 1.947677 
 0.165000 1.946729 0.031857 1.925820 
 0.168333 1.931075 0.041351 1.904174 
 0.171667 1.915521 0.050845 1.882737 
 0.175000 1.900068 0.060339 1.861508 
 0.178333 1.884715 0.069833 1.840483 
 0.181667 1.869461 0.079327 1.819663 
 0.185000 1.854306 0.088821 1.799044 
 0.188333 1.839249 0.098315 1.778627 
 0.191667 1.824291 0.107809 1.758408 
 0.195000 1.809429 0.117303 1.738386 
 0.198333 1.794665 0.126798 1.718561 
 0.201667 1.779998 0.136292 1.698929 
 0.205000 1.765426 0.145786 1.679490 
 0.208333 1.750950 0.155280 1.660242 
 0.211667 1.736570 0.164774 1.641183 
 0.215000 1.722283 0.174268 1.622312 
 0.218333 1.708091 0.183762 1.603628 
 0.221667 1.693993 0.193256 1.585128 
 0.225000 1.679988 0.202750 1.566811 
 0.228333 1.666076 0.212244 1.548676 
 0.231667 1.652256 0.221739 1.530722 
 0.235000 1.638528 0.231233 1.512946 
 0.238333 1.624891 0.240727 1.495347 
 0.241667 1.611346 0.250221 1.477924 
 0.245000 1.597890 0.259715 1.460676 
 0.248333 1.584525 0.269209 1.443600 
 0.251667 1.571249 0.278703 1.426695 
 0.255000 1.558063 0.288197 1.409961 
 0.258333 1.551608 0.292868 1.401790 
 0.261667 1.551608 0.292868 1.401790 
 0.265000 1.551608 0.292868 1.401790 
 0.268333 1.551608 0.292868 1.401790 
 0.271667 1.551608 0.292868 1.401790 
 0.275000 1.551608 0.292868 1.401790 
 0.278333 1.551608 0.292868 1.401790 
 0.281667 1.551608 0.292868 1.401790 
 0.285000 1.551608 0.292868 1.401790 
 0.288333 1.551608 0.292868 1.401790 
 0.291667 1.551608 0.292868 1.401790 
 0.295000 1.551608 0.292868 1.401790 
 0.298333 1.551608 0.292868 1.401790 
 0.301667 1.551608 0.292868 1.401790 
 0.305000 1.551608 0.292868 1.401790 
 0.308333 1.551608 0.292868 1.401790 
 0.311667 1.551608 0.292868 1.401790 
 0.315000 1.551608 0.292868 1.401790 
 0.318333 1.551608 0.292868 1.401790 
 0.321667 1.551608 0.292868 1.401790 
 0.325000 1.551608 0.292868 1.401790 
 0.328333 1.551608 0.292868 1.401790 
 0.331667 1.551608 0.292868 1.401790 
 0.335000 1.551608 0.292868 1.401790 
 0.338333 1.551608 0.292868 1.401790 
 0.341667 1.551608 0.292868 1.401790 
 0.345000 1.551608 0.292868 1.401790 
 0.348333 1.551608 0.292868 1.401790 
 0.351667 1.551608 0.292868 1.401790 
 0.355000 1.551608 0.292868 1.401790 
 0.358333 1.551608 0.292868 1.401790 
 0.361667 1.551608 0.292868 1.401790 
 0.365000 1.551608 0.292868 1.401790 
 0.368333 1.551608 0.292868 1.401790 
 0.371667 1.551608 0.292868 1.401790 
 0.375000 1.551608 0.292868 1.401790 
 0.378333 1.551608 0.292868 1.401790 
 0.381667 1.551608 0.292868 1.401790 
 0.385000 1.551608 0.292868 1.401790 
 0.388333 1.551608 0.292868 1.401790 
 0.391667 1.551608 0.292868 1.401790 
 0.395000 1.551608 0.292868 1.401790 
 0.398333 1.551608 0.292868 1.401790 
 0.401667 1.551608 0.292868 1.401790 
 0.405000 1.551608 0.292868 1.401790 
 0.408333 1.551608 0.292868 1.401790 
 0.411667 1.551608 0.292868 1.401790 
 0.415000 1.551608 0.292868 1.401790 
 0.418333 1.551608 0.292868 1.401790 
 0.421667 1.551608 0.292868 1.401790 
 0.425000 1.551608 0.292868 1.401790 
 0.428333 1.551608 0.292868 1.401790 
 0.431667 1.551608 0.292868 1.401790 
 0.435000 1.551608 0.292868 1.401790 
 0.438333 1.551608 0.292868 1.401790 
 0.441667 1.551608 0.292868 1.401790 
 0.445000 1.551608 0.292868 1.401790 
 0.448333 1.551608 0.292868 1.401790 
 0.451667 1.551608 0.292868 1.401790 
 0.455000 1.551608 0.292868 1.401790 
 0.458333 1.551608 0.292868 1.401790 
 0.461667 1.551608 0.292868 1.401790 
 0.465000 1.551608 0.292868 1.401790 
 0.468333 1.551608 0.292868 1.401790 
 0.471667 1.551608 0.292868 1.401790 
 0.475000 1.551608 0.292868 1.401790 
 0.478333 1.551608 0.292868 1.401790 
 0.481667 1.551608 0.292868 1.401790 
 0.485000 1.551608 0.292868 1.401790 
 0.488333 1.551608 0.292868 1.401790 
 0.491667 1.551608 0.292868 1.401790 
 0.495000 1.551608 0.292868 1.401790 
 0.498333 1.551608 0.292868 1.401790 
 0.501667 1.551608 0.292868 1.401790 
 0.505000 1.551608 0.292868 1.401790 
 0.508333 1.551608 0.292868 1.401790 
 0.511667 1.551608 0.292868 1.401790 
 0.515000 1.551608 0.292868 1.401790 
 0.518333 1.551608 0.292868 1.401790 
 0.521667 1.551608 0.292868 1.401790 
 0.525000 1.551608 0.292868 1.401790 
 0.528333 1.551608 0.292868 1.401790 
 0.531667 1.551608 0.292868 1.401790 
 0.535000 1.551608 0.292868 1.401790 
 0.538333 1.551608 0.292868 1.401790 
 0.541667 1.551608 0.292868 1.401790 
 0.545000 1.551608 0.292868 1.401790 
 0.548333 1.551608 0.292868 1.401790 
 0.551667 1.551608 0.292868 1.401790 
 0.555000 1.551608 0.292868 1.401790 
 0.558333 1.551608 0.292868 1.401790 
 0.561667 1.551608 0.292868 1.401790 
 0.565000 1.551608 0.292868 1.401790 
 0.568333 1.551608 0.292868 1.401790 
 0.571667 1.551608 0.292868 1.401790 
 0.575000 1.551608 0.292868 1.401790 
 0.578333 1.551608 0.292868 1.401790 
 0.581667 1.551608 0.292868 1.401790 
 0.585000 1.551608 0.292868 1.401790 
 0.588333 1.271414 0.292868 1.401790 
 0.591667 1.271414 0.292868 1.401790 
 0.595000 1.271414 0.292868 1.401790 
 0.598333 1.271414 0.292868 1.401790 
 0.601667 1.271414 0.292868 1.401790 
 0.605000 1.271414 0.292868 1.401790 
 0.608333 1.271414 0.292868 1.401790 
 0.611667 1.271414 0.292868 1.401790 
 0.615000 1.271414 0.292868 1.401790 
 0.618333 1.271414 0.292868 1.401790 
 0.621667 1.271414 0.292868 1.401790 
 0.625000 1.271414 0.292868 1.401790 
 0.628333 1.271414 0.292868 1.401790 
 0.631667 1.271414 0.292868 1.401790 
 0.635000 1.271414 0.292868 1.401790 
 0.638333 1.271414 0.292868 1.401790 
 0.641667 1.271414 0.292868 1.401790 
 0.645000 1.271414 0.292868 1.401790 
 0.648333 1.271414 0.292868 1.401790 
 0.651667 1.271414 0.292868 1.401790 
 0.655000 1.271414 0.292868 1.401790 
 0.658333 1.271414 0.292868 1.401790 
 0.661667 1.271414 0.292868 1.401790 
 0.665000 1.271414 0.292868 1.401790 
 0.668333 1.271414 0.292868 1.401790 
 0.671667 1.271414 0.292868 1.401790 
 0.675000 1.271414 0.292868 1.401790 
 0.678333 1.271414 0.292868 1.401790 
 0.681667 1.271414 0.292868 1.401790 
 0.685000 1.271414 0.292868 1.401790 
 0.688333 1.271414 0.292868 1.401790 
 0.691667 1.271414 0.292868 1.401790 
 0.695000 1.271414 0.292868 1.401790 
 0.698333 1.271414 0.292868 1.401790 
 0.701667 1.271414 0.292868 1.401790 
 0.705000 1.271414 0.292868 1.401790 
 0.708333 1.271414 0.292868 1.401790 
 0.711667 1.271414 0.292868 1.401790 
 0.715000 1.271414 0.292868 1.401790 
 0.718333 1.271414 0.292868 1.401790 
 0.721667 1.271414 0.292868 1.401790 
 0.725000 1.271414 0.292868 1.401790 
 0.728333 1.271414 0.292868 1.401790 
 0.731667 1.271414 0.292868 1.401790 
 0.735000 1.271414 0.292868 1.401790 
 0.738333 1.271414 0.292868 1.401790 
 0.741667 1.271414 0.292868 1.401790 
 0.745000 1.271414 0.292868 1.401790 
 0.748333 1.271414 0.292868 1.401790 
 0.751667 1.271414 0.292868 1.401790 
 0.755000 1.271414 0.292868 1.401790 
 0.758333 1.271414 0.292868 1.401790 
 0.761667 1.271414 0.292868 1.401790 
 0.765000 1.271414 0.292868 1.401790 
 0.768333 1.271414 0.292868 1.401790 
 0.771667 1.271414 0.292868 1.401790 
 0.775000 1.271414 0.292868 1.401790 
 0.778333 1.271414 0.292868 1.401790 
 0.781667 1.271414 0.292868 1.401790 
 0.785000 1.271414 0.292868 1.401790 
 0.788333 1.271414 0.292868 1.401790 
 0.791667 1.271414 0.292868 1.401790 
 0.795000 1.271414 0.292868 1.401790 
 0.798333 1.271414 0.292868 1.401790 
 0.801667 1.271414 0.292868 1.401790 
 0.805000 1.271414 0.292868 1.401790 
 0.808333 1.271414 0.292868 1.401790 
 0.811667 1.271414 0.292868 1.401790 
 0.815000 1.271414 0.292868 1.401790 
 0.818333 1.271414 0.292868 1.401790 
 0.821667 1.271414 0.292868 1.401790 
 0.825000 1.271414 0.292868 1.401790 
 0.828333 1.271414 0.292868 1.401790 
 0.831667 1.271414 0.292868 1.401790 
 0.835000 1.271414 0.292868 1.401790 
 0.838333 1.271414 0.292868 1.401790 
 0.841667 1.271414 0.292868 1.401790 
 0.845000 1.271414 0.292868 1.401790 
 0.848333 1.271414 0.292868 1.401790 
 0.851667 1.271414 0.292868 1.401790 
 0.855000 1.271414 0.292868 1.401790 
 0.858333 1.271414 0.292868 1.401790 
 0.861667 1.271414 0.292868 1.401790 
 0.865000 1.271414 0.292868 1.401790 
 0.868333 1.271414 0.292868 1.401790 
 0.871667 1.271414 0.292868 1.401790 
 0.875000 1.271414 0.292868 1.401790 
 0.878333 1.271414 0.292868 1.401790 
 0.881667 1.271414 0.292868 1.401790 
 0.885000 1.271414 0.292868 1.401790 
 0.888333 1.271414 0.292868 1.401790 
 0.891667 1.271414 0.292868 1.401790 
 0.895000 1.271414 0.292868 1.401790 
 0.898333 1.271414 0.292868 1.401790 
 0.901667 1.000000 0.000000 1.000000 
 0.905000 1.000000 0.000000 1.000000 
 0.908333 1.000000 0.000000 1.000000 
 0.911667 1.000000 0.000000 1.000000 
 0.915000 1.000000 0.000000 1.000000 
 0.918333 1.000000 0.000000 1.000000 
 0.921667 1.000000 0.000000 1.000000 
 0.925000 1.000000 0.000000 1.000000 
 0.928333 1.000000 0.000000 1.000000 
 0.931667 1.000000 0.000000 1.000000 
 0.935000 1.000000 0.000000 1.000000 
 0.938333 1.000000 0.000000 1.000000 
 0.941667 1.000000 0.000000 1.000000 
 0.945000 1.000000 0.000000 1.000000 
 0.948333 1.000000 0.000000 1.000000 
 0.951667 1.000000 0.000000 1.000000 
 0.955000 1.000000 0.000000 1.000000 
 0.958333 1.000000 0.000000 1.000000 
 0.961667 1.000000 0.000000 1.000000 
 0.965000 1.000000 0.000000 1.000000 
 0.968333 1.000000 0.000000 1.000000 
 0.971667 1.000000 0.000000 1.000000 
 0.975000 1.000000 0.000000 1.000000 
 0.978333 1.000000 0.000000 1.000000 
 0.981667 1.000000 0.000000 1.000000 
 0.985000 1.000000 0.000000 1.000000 
 0.988333 1.000000 0.000000 1.000000 
 0.991667 1.000000 0.000000 1.000000 
 0.995000 1.000000 0.000000 1.000000 
 0.998333 1.000000 0.000000 1.000000 
