Timer: 0.612728
 0.181003 1.263867 0.292901 1.401790 1.246105 0.009903 0.000000
 0.183697 1.263868 0.292901 1.401790 1.246105 0.009903 0.000000
 0.186363 1.263868 0.292901 1.401791 1.246105 0.009903 0.000000
 0.189015 1.263868 0.292901 1.401791 1.246105 0.009903 0.000000
 0.191660 1.263869 0.292901 1.401792 1.246105 0.009903 0.000000
 0.194301 1.263869 0.292901 1.401792 1.246106 0.009903 0.000000
 0.196940 1.263869 0.292901 1.401793 1.246106 0.009903 0.000000
 0.199576 1.263869 0.292901 1.401793 1.246106 0.009903 0.000000
 0.202211 1.263870 0.292901 1.401793 1.246106 0.009903 0.000000
 0.204845 1.263870 0.292901 1.401794 1.246106 0.009903 0.000000
 0.207478 1.263870 0.292900 1.401794 1.246106 0.009903 0.000000
 0.210111 1.263870 0.292900 1.401795 1.246106 0.009903 0.000000
 0.212742 1.263871 0.292900 1.401795 1.246106 0.009903 0.000000
 0.215373 1.263871 0.292900 1.401795 1.246106 0.009903 0.000000
 0.218003 1.263871 0.292900 1.401796 1.246106 0.009903 0.000000
 0.220633 1.263872 0.292900 1.401796 1.246106 0.009903 0.000000
 0.223262 1.263872 0.292900 1.401797 1.246106 0.009903 0.000000
 0.225891 1.263872 0.292900 1.401797 1.246106 0.009903 0.000000
 0.228520 1.263872 0.292900 1.401798 1.246106 0.009903 0.000000
 0.231148 1.263873 0.292900 1.401798 1.246106 0.009903 0.000000
 0.233776 1.263873 0.292900 1.401798 1.246106 0.009903 0.000000
 0.236404 1.263873 0.292900 1.401799 1.246106 0.009903 0.000000
 0.239031 1.263873 0.292900 1.401799 1.246106 0.009903 0.000000
 0.241658 1.263874 0.292900 1.401800 1.246106 0.009903 0.000000
 0.244285 1.263874 0.292900 1.401800 1.246107 0.009903 0.000000
 0.246912 1.263874 0.292900 1.401800 1.246107 0.009903 0.000000
 0.249538 1.263874 0.292900 1.401801 1.246107 0.009903 0.000000
 0.252165 1.263875 0.292900 1.401801 1.246107 0.009903 0.000000
 0.254791 1.263875 0.292900 1.401802 1.246107 0.009903 0.000000
 0.257417 1.263875 0.292900 1.401802 1.246107 0.009903 0.000000
 0.260043 1.263876 0.292900 1.401802 1.246107 0.009903 0.000000
 0.262669 1.263876 0.292900 1.401803 1.246107 0.009902 0.000000
 0.265295 1.263877 0.292900 1.401803 1.246106 0.009902 0.000000
 0.267920 1.263878 0.292900 1.401804 1.246106 0.009901 0.000000
 0.270546 1.263880 0.292900 1.401804 1.246105 0.009899 0.000000
 0.273171 1.263883 0.292900 1.401804 1.246104 0.009896 0.000000
 0.275796 1.263887 0.292900 1.401805 1.246102 0.009892 0.000000
 0.278421 1.263894 0.292900 1.401805 1.246099 0.009885 0.000001
 0.281046 1.263904 0.292901 1.401806 1.246094 0.009874 0.000001
 0.283671 1.263919 0.292901 1.401806 1.246087 0.009857 0.000001
 0.286296 1.263941 0.292901 1.401806 1.246076 0.009833 0.000002
 0.288921 1.263972 0.292901 1.401807 1.246061 0.009800 0.000003
 0.291545 1.264014 0.292901 1.401807 1.246041 0.009753 0.000004
 0.294170 1.264071 0.292901 1.401808 1.246013 0.009690 0.000005
 0.296794 1.264146 0.292901 1.401808 1.245976 0.009607 0.000006
 0.299419 1.264242 0.292901 1.401808 1.245929 0.009501 0.000008
 0.302043 1.264362 0.292901 1.401809 1.245870 0.009369 0.000010
 0.304667 1.264508 0.292901 1.401809 1.245798 0.009207 0.000013
 0.307291 1.264684 0.292901 1.401810 1.245712 0.009013 0.000015
 0.309916 1.264889 0.292901 1.401810 1.245611 0.008786 0.000017
 0.312540 1.265124 0.292901 1.401810 1.245495 0.008526 0.000020
 0.315164 1.265387 0.292901 1.401811 1.245366 0.008235 0.000022
 0.317788 1.265677 0.292901 1.401811 1.245224 0.007915 0.000025
 0.320412 1.265989 0.292901 1.401812 1.245070 0.007570 0.000026
 0.323035 1.266320 0.292901 1.401812 1.244908 0.007205 0.000028
 0.325659 1.266662 0.292902 1.401812 1.244740 0.006827 0.000029
 0.328283 1.267011 0.292902 1.401813 1.244568 0.006441 0.000029
 0.330907 1.267361 0.292902 1.401813 1.244397 0.006055 0.000029
 0.333530 1.267705 0.292902 1.401814 1.244228 0.005675 0.000029
 0.336154 1.268039 0.292902 1.401814 1.244065 0.005307 0.000028
 0.338778 1.268357 0.292902 1.401814 1.243909 0.004956 0.000027
 0.341401 1.268656 0.292902 1.401815 1.243762 0.004626 0.000025
 0.344025 1.268933 0.292902 1.401815 1.243627 0.004321 0.000023
 0.346648 1.269187 0.292902 1.401816 1.243503 0.004042 0.000021
 0.349272 1.269416 0.292902 1.401816 1.243391 0.003789 0.000019
 0.351895 1.269620 0.292902 1.401817 1.243291 0.003564 0.000017
 0.354518 1.269802 0.292903 1.401817 1.243202 0.003364 0.000015
 0.357142 1.269961 0.292903 1.401817 1.243124 0.003189 0.000013
 0.359765 1.270100 0.292903 1.401818 1.243056 0.003036 0.000012
 0.362388 1.270221 0.292903 1.401818 1.242998 0.002903 0.000010
 0.365011 1.270325 0.292903 1.401819 1.242947 0.002788 0.000009
 0.367634 1.270415 0.292903 1.401819 1.242903 0.002689 0.000007
 0.370258 1.270493 0.292903 1.401820 1.242865 0.002604 0.000006
 0.372881 1.270561 0.292903 1.401820 1.242832 0.002530 0.000006
 0.375504 1.270619 0.292903 1.401820 1.242803 0.002465 0.000005
 0.378127 1.270671 0.292904 1.401821 1.242779 0.002409 0.000004
 0.380750 1.270716 0.292904 1.401821 1.242757 0.002360 0.000004
 0.383373 1.270756 0.292904 1.401822 1.242737 0.002316 0.000003
 0.385996 1.270792 0.292904 1.401822 1.242720 0.002277 0.000003
 0.388619 1.270824 0.292904 1.401823 1.242705 0.002242 0.000003
 0.391242 1.270853 0.292904 1.401823 1.242691 0.002210 0.000002
 0.393865 1.270879 0.292904 1.401824 1.242678 0.002181 0.000002
 0.396488 1.270904 0.292905 1.401824 1.242666 0.002155 0.000002
 0.399110 1.270926 0.292905 1.401824 1.242655 0.002130 0.000002
 0.401733 1.270947 0.292905 1.401825 1.242645 0.002108 0.000002
 0.404356 1.270967 0.292905 1.401825 1.242636 0.002086 0.000002
 0.406979 1.270985 0.292905 1.401826 1.242627 0.002067 0.000001
 0.409602 1.271002 0.292905 1.401826 1.242619 0.002048 0.000001
 0.412224 1.271018 0.292906 1.401827 1.242611 0.002031 0.000001
 0.414847 1.271033 0.292906 1.401827 1.242604 0.002014 0.000001
 0.417470 1.271047 0.292906 1.401828 1.242597 0.001999 0.000001
 0.420092 1.271061 0.292906 1.401828 1.242591 0.001984 0.000001
 0.422715 1.271074 0.292906 1.401829 1.242585 0.001970 0.000001
 0.425338 1.271086 0.292906 1.401829 1.242579 0.001957 0.000001
 0.427960 1.271098 0.292907 1.401830 1.242574 0.001945 0.000001
 0.430583 1.271109 0.292907 1.401830 1.242568 0.001933 0.000001
 0.433206 1.271120 0.292907 1.401831 1.242563 0.001921 0.000001
 0.435828 1.271130 0.292907 1.401831 1.242559 0.001910 0.000001
 0.438451 1.271140 0.292907 1.401831 1.242554 0.001900 0.000001
 0.441073 1.271149 0.292908 1.401832 1.242550 0.001890 0.000001
 0.443696 1.271158 0.292908 1.401832 1.242545 0.001881 0.000001
 0.446318 1.271167 0.292908 1.401833 1.242541 0.001871 0.000001
 0.448941 1.271175 0.292908 1.401834 1.242538 0.001863 0.000001
 0.451563 1.271183 0.292908 1.401834 1.242534 0.001854 0.000001
 0.454186 1.271191 0.292909 1.401835 1.242530 0.001846 0.000001
 0.456808 1.271198 0.292909 1.401835 1.242527 0.001838 0.000001
 0.459431 1.271205 0.292909 1.401836 1.242524 0.001831 0.000001
 0.462053 1.271212 0.292909 1.401836 1.242521 0.001824 0.000001
 0.464676 1.271219 0.292910 1.401837 1.242518 0.001817 0.000001
 0.467298 1.271225 0.292910 1.401837 1.242515 0.001810 0.000001
 0.469920 1.271231 0.292910 1.401838 1.242512 0.001804 0.000000
 0.472543 1.271237 0.292910 1.401838 1.242509 0.001798 0.000000
 0.475165 1.271243 0.292911 1.401839 1.242507 0.001792 0.000000
 0.477787 1.271249 0.292911 1.401839 1.242504 0.001786 0.000000
 0.480410 1.271254 0.292911 1.401840 1.242502 0.001780 0.000000
 0.483032 1.271259 0.292911 1.401840 1.242500 0.001775 0.000000
 0.485654 1.271264 0.292912 1.401841 1.242497 0.001770 0.000000
 0.488277 1.271269 0.292912 1.401842 1.242495 0.001765 0.000000
 0.490899 1.271274 0.292912 1.401842 1.242493 0.001760 0.000000
 0.493521 1.271279 0.292912 1.401843 1.242491 0.001755 0.000000
 0.496144 1.271283 0.292913 1.401843 1.242489 0.001750 0.000000
 0.498766 1.271288 0.292913 1.401844 1.242487 0.001746 0.000000
 0.501388 1.271292 0.292913 1.401845 1.242485 0.001742 0.000000
 0.504010 1.271296 0.292913 1.401845 1.242484 0.001737 0.000000
 0.506633 1.271300 0.292914 1.401846 1.242482 0.001733 0.000000
 0.509255 1.271304 0.292914 1.401846 1.242480 0.001729 0.000000
 0.511877 1.271308 0.292914 1.401847 1.242479 0.001726 0.000000
 0.514499 1.271312 0.292915 1.401848 1.242477 0.001722 0.000000
 0.517121 1.271316 0.292915 1.401848 1.242475 0.001718 0.000000
 0.519744 1.271319 0.292915 1.401849 1.242474 0.001715 0.000000
 0.522366 1.271323 0.292916 1.401849 1.242473 0.001712 0.000000
 0.524988 1.271326 0.292916 1.401850 1.242471 0.001708 0.000000
 0.527610 1.271329 0.292916 1.401851 1.242470 0.001705 0.000000
 0.530232 1.271333 0.292917 1.401851 1.242469 0.001702 0.000000
 0.532854 1.271336 0.292917 1.401852 1.242467 0.001699 0.000000
 0.535477 1.271339 0.292917 1.401853 1.242466 0.001696 0.000000
 0.538099 1.271342 0.292918 1.401853 1.242465 0.001693 0.000000
 0.540721 1.271345 0.292918 1.401854 1.242464 0.001690 0.000000
 0.543343 1.271348 0.292918 1.401855 1.242463 0.001688 0.000000
 0.545965 1.271351 0.292919 1.401856 1.242462 0.001685 0.000000
 0.548587 1.271353 0.292919 1.401856 1.242461 0.001682 0.000000
 0.551209 1.271356 0.292920 1.401857 1.242460 0.001680 0.000000
 0.553831 1.271359 0.292920 1.401858 1.242459 0.001678 0.000000
 0.556453 1.271361 0.292920 1.401858 1.242458 0.001675 0.000000
 0.559075 1.271364 0.292921 1.401859 1.242457 0.001673 0.000000
 0.561697 1.271366 0.292921 1.401860 1.242456 0.001671 0.000000
 0.564319 1.271369 0.292922 1.401861 1.242455 0.001668 0.000000
 0.566941 1.271371 0.292922 1.401861 1.242454 0.001666 0.000000
 0.569564 1.271374 0.292922 1.401862 1.242453 0.001664 0.000000
 0.572186 1.271376 0.292923 1.401863 1.242452 0.001662 0.000000
 0.574808 1.271378 0.292923 1.401864 1.242452 0.001660 0.000000
 0.577430 1.271381 0.292924 1.401865 1.242451 0.001658 0.000000
 0.580052 1.271383 0.292924 1.401865 1.242450 0.001657 0.000000
 0.582674 1.271385 0.292925 1.401866 1.242450 0.001655 0.000000
 0.585296 1.271387 0.292925 1.401867 1.242449 0.001653 0.000000
 0.587918 1.271389 0.292926 1.401868 1.242448 0.001651 0.000000
 0.590540 1.271392 0.292926 1.401869 1.242448 0.001649 0.000000
 0.593162 1.271394 0.292926 1.401870 1.242447 0.001648 0.000000
 0.595783 1.271396 0.292927 1.401871 1.242446 0.001646 0.000000
 0.598405 1.271398 0.292927 1.401871 1.242446 0.001645 0.000000
 0.601027 1.271400 0.292928 1.401872 1.242445 0.001643 0.000000
 0.603649 1.271402 0.292928 1.401873 1.242445 0.001642 0.000000
 0.606271 1.271403 0.292929 1.401874 1.242444 0.001640 0.000000
 0.608893 1.271405 0.292930 1.401875 1.242444 0.001639 0.000000
 0.611515 1.271407 0.292930 1.401876 1.242443 0.001637 0.000000
 0.614137 1.271409 0.292931 1.401877 1.242443 0.001636 0.000000
 0.616759 1.271411 0.292931 1.401878 1.242442 0.001635 0.000000
 0.619381 1.271413 0.292932 1.401879 1.242442 0.001633 0.000000
 0.622003 1.271415 0.292932 1.401880 1.242441 0.001632 0.000000
 0.624625 1.271416 0.292933 1.401881 1.242441 0.001631 0.000000
 0.627247 1.271418 0.292934 1.401882 1.242440 0.001630 0.000000
 0.629869 1.271420 0.292934 1.401883 1.242440 0.001628 0.000000
 0.632490 1.271422 0.292935 1.401884 1.242440 0.001627 0.000000
 0.635112 1.271423 0.292935 1.401885 1.242439 0.001626 0.000000
 0.637734 1.271425 0.292936 1.401886 1.242439 0.001625 0.000000
 0.640356 1.271427 0.292937 1.401888 1.242439 0.001624 0.000000
 0.642978 1.271429 0.292937 1.401889 1.242438 0.001623 0.000000
 0.645600 1.271430 0.292938 1.401890 1.242438 0.001622 0.000000
 0.648222 1.271432 0.292939 1.401891 1.242438 0.001621 0.000000
 0.650843 1.271434 0.292939 1.401892 1.242437 0.001620 0.000000
 0.653465 1.271435 0.292940 1.401893 1.242437 0.001619 0.000000
 0.656087 1.271437 0.292941 1.401895 1.242437 0.001618 0.000000
 0.658709 1.271439 0.292942 1.401896 1.242436 0.001617 0.000000
 0.661331 1.271440 0.292942 1.401897 1.242436 0.001616 0.000000
 0.663953 1.271442 0.292943 1.401898 1.242436 0.001615 0.000000
 0.666574 1.271444 0.292944 1.401900 1.242436 0.001614 0.000000
 0.669196 1.271445 0.292945 1.401901 1.242436 0.001613 0.000000
 0.671818 1.271447 0.292945 1.401902 1.242435 0.001613 0.000000
 0.674440 1.271448 0.292946 1.401904 1.242435 0.001612 0.000000
 0.677062 1.271450 0.292947 1.401905 1.242435 0.001611 0.000000
 0.679684 1.271452 0.292948 1.401907 1.242435 0.001610 0.000000
 0.682305 1.271453 0.292949 1.401908 1.242435 0.001609 0.000000
 0.684927 1.271455 0.292950 1.401909 1.242435 0.001609 0.000000
 0.687549 1.271457 0.292951 1.401911 1.242434 0.001608 0.000000
 0.690171 1.271458 0.292952 1.401913 1.242434 0.001607 0.000000
 0.692792 1.271460 0.292953 1.401914 1.242434 0.001606 0.000000
 0.695414 1.271462 0.292953 1.401916 1.242434 0.001606 0.000000
 0.698036 1.271463 0.292954 1.401917 1.242434 0.001605 0.000000
 0.700658 1.271465 0.292955 1.401919 1.242434 0.001604 0.000000
 0.703280 1.271467 0.292957 1.401921 1.242434 0.001604 0.000000
 0.705901 1.271468 0.292958 1.401922 1.242434 0.001603 0.000000
 0.708523 1.271470 0.292959 1.401924 1.242434 0.001603 0.000000
 0.711145 1.271472 0.292960 1.401926 1.242434 0.001602 0.000000
 0.713766 1.271473 0.292961 1.401928 1.242434 0.001601 0.000000
 0.716388 1.271475 0.292962 1.401930 1.242434 0.001601 0.000000
 0.719010 1.271477 0.292963 1.401932 1.242434 0.001600 0.000000
 0.721632 1.271479 0.292964 1.401933 1.242434 0.001600 0.000000
 0.724253 1.271480 0.292966 1.401935 1.242434 0.001599 0.000000
 0.726875 1.271482 0.292967 1.401938 1.242434 0.001599 0.000000
 0.729497 1.271484 0.292968 1.401940 1.242434 0.001598 0.000000
 0.732118 1.271486 0.292969 1.401942 1.242434 0.001598 0.000000
 0.734740 1.271488 0.292971 1.401944 1.242434 0.001597 0.000000
 0.737362 1.271490 0.292972 1.401946 1.242434 0.001597 0.000000
 0.739984 1.271492 0.292974 1.401948 1.242434 0.001596 0.000000
 0.742605 1.271494 0.292975 1.401951 1.242434 0.001596 0.000000
 0.745227 1.271495 0.292976 1.401953 1.242434 0.001595 0.000000
 0.747849 1.271497 0.292978 1.401955 1.242434 0.001595 0.000000
 0.750470 1.271499 0.292979 1.401958 1.242434 0.001594 0.000000
 0.753092 1.271501 0.292981 1.401960 1.242434 0.001594 0.000000
 0.755714 1.271503 0.292982 1.401963 1.242434 0.001593 0.000000
 0.758335 1.271505 0.292984 1.401965 1.242435 0.001593 0.000000
 0.760957 1.271507 0.292985 1.401967 1.242435 0.001592 0.000000
 0.763579 1.271508 0.292986 1.401969 1.242435 0.001592 0.000000
 0.766200 1.271510 0.292987 1.401970 1.242435 0.001592 0.000000
 0.768822 1.271510 0.292987 1.401971 1.242435 0.001591 0.000000
 0.771443 1.271510 0.292987 1.401970 1.242434 0.001591 0.000000
 0.774065 1.271509 0.292985 1.401968 1.242434 0.001591 0.000000
 0.776687 1.271506 0.292982 1.401962 1.242433 0.001590 0.000000
 0.779308 1.271500 0.292976 1.401953 1.242432 0.001590 0.000000
 0.781930 1.271490 0.292966 1.401937 1.242430 0.001589 0.000000
 0.784552 1.271475 0.292950 1.401913 1.242426 0.001589 0.000000
 0.787173 1.271450 0.292926 1.401875 1.242421 0.001589 0.000000
 0.789795 1.271413 0.292889 1.401816 1.242414 0.001588 0.000000
 0.792417 1.271357 0.292834 1.401729 1.242403 0.001588 0.000000
 0.795039 1.271273 0.292752 1.401599 1.242386 0.001588 0.000000
 0.797661 1.271149 0.292630 1.401408 1.242362 0.001587 0.000000
 0.800284 1.270966 0.292452 1.401125 1.242326 0.001587 0.000000
 0.802907 1.270699 0.292190 1.400712 1.242273 0.001587 0.000000
 0.805530 1.270309 0.291808 1.400110 1.242197 0.001587 0.000000
 0.808155 1.269741 0.291253 1.399233 1.242086 0.001586 0.000000
 0.810781 1.268919 0.290447 1.397964 1.241924 0.001586 0.000000
 0.813409 1.267732 0.289284 1.396133 1.241692 0.001585 0.000000
 0.816039 1.266026 0.287611 1.393502 1.241357 0.001584 0.000000
 0.818674 1.263587 0.285216 1.389744 1.240877 0.001583 0.000001
 0.821315 1.260125 0.281807 1.384411 1.240194 0.001579 0.000002
 0.823965 1.255254 0.276997 1.376917 1.239230 0.001574 0.000003
 0.826626 1.248487 0.270285 1.366521 1.237885 0.001563 0.000006
 0.829303 1.239244 0.261061 1.352350 1.236033 0.001542 0.000011
 0.832004 1.226907 0.248649 1.333488 1.233539 0.001504 0.000020
 0.834735 1.210938 0.232414 1.309167 1.230271 0.001438 0.000033
 0.837505 1.191085 0.211963 1.279082 1.226145 0.001332 0.000050
 0.840326 1.167630 0.187419 1.243763 1.221182 0.001175 0.000068
 0.843206 1.141582 0.159680 1.204845 1.215559 0.000970 0.000082
 0.846154 1.114648 0.130465 1.164964 1.209627 0.000736 0.000084
 0.849172 1.088873 0.102003 1.127167 1.203842 0.000506 0.000074
 0.852260 1.066068 0.076406 1.094045 1.198641 0.000314 0.000055
 0.855409 1.047321 0.055072 1.067059 1.194314 0.000177 0.000036
 0.858610 1.032868 0.038440 1.046411 1.190948 0.000092 0.000020
 0.861850 1.022291 0.026166 1.031391 1.188471 0.000044 0.000011
 0.865121 1.014853 0.017481 1.020877 1.186722 0.000020 0.000005
 0.868412 1.009773 0.011523 1.013719 1.185525 0.000009 0.000002
 0.871718 1.006374 0.007525 1.008939 1.184723 0.000004 0.000001
 0.875033 1.004131 0.004881 1.005791 1.184193 0.000002 0.000000
 0.878354 1.002666 0.003151 1.003735 1.183847 0.000001 0.000000
 0.881680 1.001715 0.002028 1.002402 1.183622 0.000000 0.000000
 0.885009 1.001100 0.001301 1.001541 1.183476 0.000000 0.000000
 0.888339 1.000705 0.000833 1.000987 1.183383 0.000000 0.000000
 0.891670 1.000450 0.000533 1.000630 1.183323 0.000000 0.000000
 0.895002 1.000287 0.000340 1.000402 1.183284 0.000000 0.000000
 0.898335 1.000183 0.000217 1.000256 1.183259 0.000000 0.000000
 0.901668 1.000116 0.000138 1.000163 1.183244 0.000000 0.000000
 0.905001 1.000074 0.000087 1.000103 1.183233 0.000000 0.000000
 0.908334 1.000047 0.000055 1.000066 1.183227 0.000000 0.000000
 0.911667 1.000030 0.000035 1.000041 1.183223 0.000000 0.000000
 0.915000 1.000019 0.000022 1.000026 1.183220 0.000000 0.000000
 0.918333 1.000012 0.000014 1.000016 1.183219 0.000000 0.000000
 0.921667 1.000007 0.000009 1.000010 1.183218 0.000000 0.000000
 0.925000 1.000005 0.000005 1.000007 1.183217 0.000000 0.000000
 0.928333 1.000003 0.000003 1.000004 1.183217 0.000000 0.000000
 0.931667 1.000002 0.000002 1.000003 1.183216 0.000000 0.000000
 0.935000 1.000001 0.000001 1.000002 1.183216 0.000000 0.000000
 0.938333 1.000001 0.000001 1.000001 1.183216 0.000000 0.000000
 0.941667 1.000000 0.000001 1.000001 1.183216 0.000000 0.000000
 0.945000 1.000000 0.000000 1.000000 1.183216 0.000000 0.000000
 0.948333 1.000000 0.000000 1.000000 1.183216 0.000000 0.000000
 0.951667 1.000000 0.000000 1.000000 1.183216 0.000000 0.000000
 0.955000 1.000000 0.000000 1.000000 1.183216 0.000000 0.000000
 0.958333 1.000000 0.000000 1.000000 1.183216 -0.000000 0.000000
 0.961667 1.000000 0.000000 1.000000 1.183216 0.000000 0.000000
 0.965000 1.000000 0.000000 1.000000 1.183216 0.000000 -0.000000
 0.968333 1.000000 0.000000 1.000000 1.183216 0.000000 0.000000
 0.971667 1.000000 0.000000 1.000000 1.183216 0.000000 0.000000
 0.975000 1.000000 0.000000 1.000000 1.183216 0.000000 0.000000
 0.978333 1.000000 0.000000 1.000000 1.183216 -0.000000 -0.000000
 0.981667 1.000000 0.000000 1.000000 1.183216 0.000000 0.000000
 0.985000 1.000000 0.000000 1.000000 1.183216 -0.000000 0.000000
 0.988333 1.000000 0.000000 1.000000 1.183216 0.000000 0.000000
 0.991667 1.000000 0.000000 1.000000 1.183216 0.000000 0.000000
 0.995000 1.000000 0.000000 1.000000 1.183216 0.000000 0.000000
 0.998333 1.000000 0.000000 1.000000 1.183216 0.000000 0.000000
