Timer: 0.015245
 0.001667 1.000000 -1.000000 1.000000 1.183216 -0.000000 0.000000
 0.005000 1.000000 -1.000000 1.000000 1.183216 0.000000 0.000000
 0.008333 1.000000 -1.000000 1.000000 1.183216 0.000000 0.000000
 0.011667 1.000000 -1.000000 1.000000 1.183216 0.000000 0.000000
 0.015000 1.000000 -1.000000 1.000000 1.183216 0.000000 0.000000
 0.018333 1.000000 -1.000000 1.000000 1.183216 0.000000 0.000000
 0.021667 1.000000 -1.000000 1.000000 1.183216 0.000000 0.000000
 0.025000 1.000000 -1.000000 1.000000 1.183216 0.000000 0.000000
 0.028333 1.000000 -1.000000 1.000000 1.183216 0.000000 0.000000
 0.031667 1.000000 -1.000000 1.000000 1.183216 0.000000 0.000000
 0.035000 1.000000 -1.000000 1.000000 1.183216 0.000000 0.000000
 0.038333 1.000000 -1.000000 1.000000 1.183216 0.000000 0.000000
 0.041667 1.000000 -1.000000 1.000000 1.183216 0.000000 0.000000
 0.045000 1.000000 -1.000000 1.000000 1.183216 0.000000 0.000000
 0.048333 1.000000 -1.000000 1.000000 1.183216 0.000000 0.000000
 0.051667 1.000000 -1.000000 1.000000 1.183216 0.000000 0.000000
 0.055000 1.000000 -1.000000 1.000000 1.183216 0.000000 0.000000
 0.058333 1.000000 -1.000000 1.000000 1.183216 0.000000 0.000000
 0.061667 1.000000 -1.000000 1.000000 1.183216 0.000000 0.000000
 0.065000 1.000000 -1.000000 1.000000 1.183216 0.000000 0.000000
 0.068333 1.000000 -1.000000 1.000000 1.183216 0.000000 0.000000
 0.071667 1.000000 -1.000000 1.000000 1.183216 0.000000 0.000000
 0.075000 1.000000 -1.000000 1.000000 1.183216 0.000000 0.000000
 0.078333 1.000000 -1.000000 1.000000 1.183216 0.000000 0.000000
 0.081667 1.000000 -1.000000 1.000000 1.183216 0.000000 0.000000
 0.085000 1.000000 -1.000000 1.000000 1.183216 0.000000 0.000000
 0.088333 1.000000 -1.000000 1.000000 1.183216 0.000000 0.000000
 0.091667 1.000000 -1.000000 1.000000 1.183216 0.000000 0.000000
 0.095000 1.000000 -1.000000 1.000000 1.183216 0.000000 0.000000
 0.098333 1.000000 -1.000000 1.000000 1.183216 0.000000 0.000000
 0.101667 1.000000 -1.000000 1.000000 1.183216 0.000000 0.000000
 0.105000 1.000000 -1.000000 1.000000 1.183216 0.000000 0.000000
 0.108333 1.000000 -1.000000 1.000000 1.183216 0.000000 0.000000
 0.111667 1.000000 -1.000000 1.000000 1.183216 0.000000 0.000000
 0.115000 1.000000 -1.000000 1.000000 1.183216 0.000000 0.000000
 0.118333 1.000000 -1.000000 1.000000 1.183216 0.000000 0.000000
 0.121667 1.000000 -1.000000 1.000000 1.183216 0.000000 0.000000
 0.125000 1.000000 -1.000000 1.000000 1.183216 0.000000 0.000000
 0.128333 1.000000 -1.000000 1.000000 1.183216 0.000000 0.000000
 0.131667 1.000000 -1.000000 1.000000 1.183216 0.000000 0.000000
 0.135000 1.000000 -1.000000 1.000000 1.183216 0.000000 0.000000
 0.138333 1.000000 -1.000000 1.000000 1.183216 0.000000 0.000000
 0.141667 1.000000 -1.000000 1.000000 1.183216 0.000000 0.000000
 0.145000 1.000000 -1.000000 1.000000 1.183216 0.000000 0.000000
 0.148333 1.000000 -1.000000 1.000000 1.183216 0.000000 0.000000
 0.151667 1.000000 -1.000000 1.000000 1.183216 0.000000 0.000000
 0.155000 1.000000 -1.000000 1.000000 1.183216 0.000000 0.000000
 0.158333 1.000000 -1.000000 1.000000 1.183216 0.000000 0.000000
 0.161667 1.000000 -1.000000 1.000000 1.183216 0.000000 0.000000
 0.165000 1.000000 -1.000000 1.000000 1.183216 0.000000 0.000000
 0.168333 1.000000 -1.000000 1.000000 1.183216 0.000000 0.000000
 0.171667 1.000000 -1.000000 1.000000 1.183216 0.000000 0.000000
 0.175000 1.000000 -1.000000 1.000000 1.183216 0.000000 0.000000
 0.178333 1.000000 -1.000000 1.000000 1.183216 0.000000 0.000000
 0.181667 1.000000 -1.000000 1.000000 1.183216 0.000000 0.000000
 0.185000 1.000000 -1.000000 1.000000 1.183216 0.000000 0.000000
 0.188333 1.000000 -1.000000 1.000000 1.183216 0.000000 0.000000
 0.191667 1.000000 -1.000000 1.000000 1.183216 0.000000 0.000000
 0.195000 1.000000 -1.000000 1.000000 1.183216 0.000000 0.000000
 0.198333 1.000000 -1.000000 1.000000 1.183216 0.000000 0.000000
 0.201667 1.000000 -1.000000 1.000000 1.183216 0.000000 0.000000
 0.205000 1.000000 -1.000000 1.000000 1.183216 0.000000 0.000000
 0.208333 1.000000 -1.000000 1.000000 1.183216 0.000000 0.000000
 0.211667 1.000000 -1.000000 1.000000 1.183216 0.000000 0.000000
 0.215000 1.000000 -1.000000 1.000000 1.183216 0.000000 0.000000
 0.218333 1.000000 -1.000000 1.000000 1.183216 0.000000 0.000000
 0.221667 1.000000 -1.000000 1.000000 1.183216 0.000000 0.000000
 0.225000 1.000000 -1.000000 1.000000 1.183216 0.000000 0.000000
 0.228333 1.000000 -1.000000 1.000000 1.183216 0.000000 0.000000
 0.231667 1.000000 -1.000000 1.000000 1.183216 0.000000 0.000000
 0.235000 1.000000 -1.000000 1.000000 1.183216 0.000000 0.000000
 0.238333 1.000000 -1.000000 1.000000 1.183216 0.000000 0.000000
 0.241667 1.000000 -1.000000 1.000000 1.183216 0.000000 0.000000
 0.245000 1.000000 -1.000000 1.000000 1.183216 0.000000 0.000000
 0.248333 1.000000 -1.000000 1.000000 1.183216 0.000000 0.000000
 0.251667 1.000000 -1.000000 1.000000 1.183216 0.000000 0.000000
 0.255000 1.000000 -1.000000 1.000000 1.183216 0.000000 0.000000
 0.258333 1.000000 -1.000000 1.000000 1.183216 0.000000 0.000000
 0.261667 1.000000 -1.000000 1.000000 1.183216 0.000000 0.000000
 0.265000 1.000000 -1.000000 1.000000 1.183216 0.000000 0.000000
 0.268333 1.000000 -1.000000 1.000000 1.183216 0.000000 0.000000
 0.271667 1.000000 -1.000000 1.000000 1.183216 0.000000 0.000000
 0.275000 1.000000 -1.000000 1.000000 1.183216 0.000000 0.000000
 0.278333 1.000000 -1.000000 1.000000 1.183216 0.000000 0.000000
 0.281667 1.000000 -1.000000 1.000000 1.183216 0.000000 0.000000
 0.285000 1.000000 -1.000000 1.000000 1.183216 0.000000 0.000000
 0.288333 1.000000 -1.000000 1.000000 1.183216 0.000000 0.000000
 0.291667 1.000000 -1.000000 1.000000 1.183216 0.000000 0.000000
 0.295000 1.000000 -1.000000 1.000000 1.183216 0.000000 0.000000
 0.298333 1.000000 -1.000000 1.000000 1.183216 0.000000 0.000000
 0.301667 1.000000 -1.000000 1.000000 1.183216 0.000000 0.000000
 0.305000 1.000000 -1.000000 1.000000 1.183216 0.000000 0.000000
 0.308333 1.000000 -1.000000 1.000000 1.183216 0.000000 0.000000
 0.311667 1.000000 -1.000000 1.000000 1.183216 0.000000 0.000000
 0.315000 1.000000 -1.000000 1.000000 1.183216 0.000000 0.000000
 0.318333 1.000000 -1.000000 1.000000 1.183216 0.000000 0.000000
 0.321667 1.000000 -1.000000 1.000000 1.183216 0.000000 0.000000
 0.325000 1.000000 -1.000000 1.000000 1.183216 0.000000 0.000000
 0.328333 1.000000 -1.000000 1.000000 1.183216 0.000000 0.000000
 0.331667 1.000000 -1.000000 1.000000 1.183216 0.000000 0.000000
 0.335000 1.000000 -1.000000 1.000000 1.183216 0.000000 0.000000
 0.338333 1.000000 -1.000000 1.000000 1.183216 0.000000 0.000000
 0.341667 1.000000 -1.000000 1.000000 1.183216 0.000000 0.000000
 0.345000 1.000000 -1.000000 1.000000 1.183216 0.000000 0.000000
 0.348333 1.000000 -1.000000 1.000000 1.183216 0.000000 0.000000
 0.351667 1.000000 -1.000000 1.000000 1.183216 0.000000 0.000000
 0.355000 1.000000 -1.000000 1.000000 1.183216 0.000000 0.000000
 0.358333 1.000000 -1.000000 1.000000 1.183216 0.000000 0.000000
 0.361667 1.000000 -1.000000 1.000000 1.183216 0.000000 0.000000
 0.365000 1.000000 -1.000000 1.000000 1.183216 0.000000 0.000000
 0.368333 1.000000 -1.000000 1.000000 1.183216 0.000000 0.000000
 0.371667 1.000000 -1.000000 1.000000 1.183216 0.000000 0.000000
 0.375000 1.000000 -1.000000 1.000000 1.183216 0.000000 0.000000
 0.378333 1.000000 -1.000000 1.000000 1.183216 0.000000 0.000000
 0.381667 1.000000 -1.000000 1.000000 1.183216 0.000000 0.000000
 0.385000 1.000000 -1.000000 1.000000 1.183216 0.000000 0.000000
 0.388333 1.000000 -1.000000 1.000000 1.183216 0.000000 0.000000
 0.391667 1.000000 -1.000000 1.000000 1.183216 0.000000 0.000000
 0.395000 1.000000 -1.000000 1.000000 1.183216 0.000000 0.000000
 0.398333 1.000000 -1.000000 1.000000 1.183216 0.000000 0.000000
 0.401667 1.000000 -1.000000 1.000000 1.183216 0.000000 0.000000
 0.405000 1.000000 -1.000000 1.000000 1.183216 0.000000 0.000000
 0.408333 1.000000 -1.000000 1.000000 1.183216 0.000000 0.000000
 0.411667 1.000000 -1.000000 1.000000 1.183216 0.000000 0.000000
 0.415000 1.000000 -1.000000 1.000000 1.183216 0.000000 0.000000
 0.418333 1.000000 -1.000000 1.000000 1.183216 0.000000 0.000000
 0.421667 1.000000 -1.000000 1.000000 1.183216 0.000000 0.000000
 0.425000 1.000000 -1.000000 1.000000 1.183216 0.000000 0.000000
 0.428333 1.000000 -1.000000 1.000000 1.183216 0.000000 0.000000
 0.431667 1.000000 -1.000000 1.000000 1.183216 0.000000 0.000000
 0.435000 0.999999 -0.999998 0.999998 1.183216 0.000000 0.000000
 0.438333 0.999985 -0.999982 0.999978 1.183212 0.000000 0.000000
 0.441667 0.999890 -0.999870 0.999846 1.183190 0.000000 0.000000
 0.445000 0.999438 -0.999335 0.999214 1.183083 0.000000 0.000000
 0.448333 0.997822 -0.997424 0.996956 1.182702 0.000003 0.000003
 0.451667 0.993300 -0.992074 0.990657 1.181641 0.000025 0.000016
 0.455000 0.983096 -0.979977 0.976535 1.179261 0.000122 0.000068
 0.458333 0.963998 -0.957196 0.950390 1.174834 0.000449 0.000206
 0.461667 0.933497 -0.920325 0.909318 1.167792 0.001284 0.000472
 0.465000 0.890735 -0.867433 0.853027 1.157901 0.003029 0.000873
 0.468333 0.836694 -0.798249 0.783911 1.145286 0.006156 0.001370
 0.471667 0.773701 -0.713747 0.706086 1.130333 0.011180 0.001891
 0.475000 0.704726 -0.615581 0.624200 1.113565 0.018641 0.002352
 0.478333 0.632845 -0.505718 0.542571 1.095579 0.029105 0.002662
 0.481667 0.560993 -0.386414 0.464820 1.077029 0.043160 0.002719
 0.485000 0.491947 -0.260679 0.393874 1.058726 0.061414 0.002420
 0.488333 0.428475 -0.133478 0.332225 1.041878 0.084587 0.001674
 0.491667 0.373138 -0.013920 0.282345 1.029246 0.115503 0.000993
 0.495000 0.327321 0.083330 0.247012 1.027865 0.165220 -0.000425
 0.498333 0.282796 0.145179 0.228546 1.063688 0.292222 -0.004064
 0.501667 0.433991 0.185594 0.228837 0.859186 -0.306120 0.018052
 0.505000 0.575306 0.242916 0.249315 0.778913 -0.615042 0.011509
 0.508333 0.713293 0.326778 0.293592 0.759106 -0.752554 0.007824
 0.511667 0.865673 0.429484 0.357402 0.760266 -0.826946 0.006849
 0.515000 1.034701 0.536086 0.436910 0.768869 -0.875786 0.006385
 0.518333 1.213027 0.637553 0.527360 0.780157 -0.910240 0.005669
 0.521667 1.390218 0.729046 0.623053 0.792109 -0.934368 0.004626
 0.525000 1.555355 0.807821 0.717419 0.803592 -0.950480 0.003409
 0.528333 1.698687 0.872244 0.803589 0.813813 -0.960464 0.002225
 0.531667 1.813088 0.921668 0.875457 0.822190 -0.966053 0.001251
 0.535000 1.895724 0.956543 0.929277 0.828417 -0.968790 0.000585
 0.538333 1.948695 0.978648 0.964744 0.832527 -0.969916 0.000218
 0.541667 1.978185 0.990913 0.984877 0.834875 -0.970290 0.000062
 0.545000 1.992145 0.996723 0.994526 0.836010 -0.970385 0.000013
 0.548333 1.997653 0.999020 0.998360 0.836465 -0.970403 0.000002
 0.551667 1.999431 0.999762 0.999602 0.836613 -0.970406 0.000000
 0.555000 1.999891 0.999954 0.999924 0.836651 -0.970406 0.000000
 0.558333 1.999984 0.999993 0.999989 0.836659 -0.970406 0.000000
 0.561667 1.999998 0.999999 0.999999 0.836660 -0.970406 0.000000
 0.565000 2.000000 1.000000 1.000000 0.836660 -0.970406 0.000000
 0.568333 2.000000 1.000000 1.000000 0.836660 -0.970406 0.000000
 0.571667 2.000000 1.000000 1.000000 0.836660 -0.970406 0.000000
 0.575000 2.000000 1.000000 1.000000 0.836660 -0.970406 0.000000
 0.578333 2.000000 1.000000 1.000000 0.836660 -0.970406 0.000000
 0.581667 2.000000 1.000000 1.000000 0.836660 -0.970406 0.000000
 0.585000 2.000000 1.000000 1.000000 0.836660 -0.970406 0.000000
 0.588333 2.000000 1.000000 1.000000 0.836660 -0.970406 0.000000
 0.591667 2.000000 1.000000 1.000000 0.836660 -0.970406 0.000000
 0.595000 2.000000 1.000000 1.000000 0.836660 -0.970406 0.000000
 0.598333 2.000000 1.000000 1.000000 0.836660 -0.970406 0.000000
 0.601667 2.000000 1.000000 1.000000 0.836660 -0.970406 0.000000
 0.605000 2.000000 1.000000 1.000000 0.836660 -0.970406 0.000000
 0.608333 2.000000 1.000000 1.000000 0.836660 -0.970406 0.000000
 0.611667 2.000000 1.000000 1.000000 0.836660 -0.970406 0.000000
 0.615000 2.000000 1.000000 1.000000 0.836660 -0.970406 0.000000
 0.618333 2.000000 1.000000 1.000000 0.836660 -0.970406 0.000000
 0.621667 2.000000 1.000000 1.000000 0.836660 -0.970406 0.000000
 0.625000 2.000000 1.000000 1.000000 0.836660 -0.970406 0.000000
 0.628333 2.000000 1.000000 1.000000 0.836660 -0.970406 0.000000
 0.631667 2.000000 1.000000 1.000000 0.836660 -0.970406 0.000000
 0.635000 2.000000 1.000000 1.000000 0.836660 -0.970406 0.000000
 0.638333 2.000000 1.000000 1.000000 0.836660 -0.970406 0.000000
 0.641667 2.000000 1.000000 1.000000 0.836660 -0.970406 0.000000
 0.645000 2.000000 1.000000 1.000000 0.836660 -0.970406 0.000000
 0.648333 2.000000 1.000000 1.000000 0.836660 -0.970406 0.000000
 0.651667 2.000000 1.000000 1.000000 0.836660 -0.970406 0.000000
 0.655000 2.000000 1.000000 1.000000 0.836660 -0.970406 0.000000
 0.658333 2.000000 1.000000 1.000000 0.836660 -0.970406 0.000000
 0.661667 2.000000 1.000000 1.000000 0.836660 -0.970406 0.000000
 0.665000 2.000000 1.000000 1.000000 0.836660 -0.970406 0.000000
 0.668333 2.000000 1.000000 1.000000 0.836660 -0.970406 0.000000
 0.671667 2.000000 1.000000 1.000000 0.836660 -0.970406 0.000000
 0.675000 2.000000 1.000000 1.000000 0.836660 -0.970406 0.000000
 0.678333 2.000000 1.000000 1.000000 0.836660 -0.970406 0.000000
 0.681667 2.000000 1.000000 1.000000 0.836660 -0.970406 0.000000
 0.685000 2.000000 1.000000 1.000000 0.836660 -0.970406 0.000000
 0.688333 2.000000 1.000000 1.000000 0.836660 -0.970406 0.000000
 0.691667 2.000000 1.000000 1.000000 0.836660 -0.970406 0.000000
 0.695000 2.000000 1.000000 1.000000 0.836660 -0.970406 0.000000
 0.698333 2.000000 1.000000 1.000000 0.836660 -0.970406 0.000000
 0.701667 2.000000 1.000000 1.000000 0.836660 -0.970406 0.000000
 0.705000 2.000000 1.000000 1.000000 0.836660 -0.970406 0.000000
 0.708333 2.000000 1.000000 1.000000 0.836660 -0.970406 0.000000
 0.711667 2.000000 1.000000 1.000000 0.836660 -0.970406 0.000000
 0.715000 2.000000 1.000000 1.000000 0.836660 -0.970406 0.000000
 0.718333 2.000000 1.000000 1.000000 0.836660 -0.970406 0.000000
 0.721667 2.000000 1.000000 1.000000 0.836660 -0.970406 0.000000
 0.725000 2.000000 1.000000 1.000000 0.836660 -0.970406 0.000000
 0.728333 2.000000 1.000000 1.000000 0.836660 -0.970406 0.000000
 0.731667 2.000000 1.000000 1.000000 0.836660 -0.970406 0.000000
 0.735000 2.000000 1.000000 1.000000 0.836660 -0.970406 0.000000
 0.738333 2.000000 1.000000 1.000000 0.836660 -0.970406 0.000000
 0.741667 2.000000 1.000000 1.000000 0.836660 -0.970406 0.000000
 0.745000 2.000000 1.000000 1.000000 0.836660 -0.970406 0.000000
 0.748333 2.000000 1.000000 1.000000 0.836660 -0.970406 0.000000
 0.751667 2.000000 1.000000 1.000000 0.836660 -0.970406 0.000000
 0.755000 2.000000 1.000000 1.000000 0.836660 -0.970406 0.000000
 0.758333 2.000000 1.000000 1.000000 0.836660 -0.970406 0.000000
 0.761667 2.000000 1.000000 1.000000 0.836660 -0.970406 0.000000
 0.765000 2.000000 1.000000 1.000000 0.836660 -0.970406 0.000000
 0.768333 2.000000 1.000000 1.000000 0.836660 -0.970406 0.000000
 0.771667 2.000000 1.000000 1.000000 0.836660 -0.970406 0.000000
 0.775000 2.000000 1.000000 1.000000 0.836660 -0.970406 0.000000
 0.778333 2.000000 1.000000 1.000000 0.836660 -0.970406 0.000000
 0.781667 2.000000 1.000000 1.000000 0.836660 -0.970406 0.000000
 0.785000 2.000000 1.000000 1.000000 0.836660 -0.970406 0.000000
 0.788333 2.000000 1.000000 1.000000 0.836660 -0.970406 0.000000
 0.791667 2.000000 1.000000 1.000000 0.836660 -0.970406 0.000000
 0.795000 2.000000 1.000000 1.000000 0.836660 -0.970406 0.000000
 0.798333 2.000000 1.000000 1.000000 0.836660 -0.970406 0.000000
 0.801667 2.000000 1.000000 1.000000 0.836660 -0.970406 0.000000
 0.805000 2.000000 1.000000 1.000000 0.836660 -0.970406 0.000000
 0.808333 2.000000 1.000000 1.000000 0.836660 -0.970406 0.000000
 0.811667 2.000000 1.000000 1.000000 0.836660 -0.970406 0.000000
 0.815000 2.000000 1.000000 1.000000 0.836660 -0.970406 0.000000
 0.818333 2.000000 1.000000 1.000000 0.836660 -0.970406 0.000000
 0.821667 2.000000 1.000000 1.000000 0.836660 -0.970406 0.000000
 0.825000 2.000000 1.000000 1.000000 0.836660 -0.970406 0.000000
 0.828333 2.000000 1.000000 1.000000 0.836660 -0.970406 0.000000
 0.831667 2.000000 1.000000 1.000000 0.836660 -0.970406 0.000000
 0.835000 2.000000 1.000000 1.000000 0.836660 -0.970406 0.000000
 0.838333 2.000000 1.000000 1.000000 0.836660 -0.970406 0.000000
 0.841667 2.000000 1.000000 1.000000 0.836660 -0.970406 0.000000
 0.845000 2.000000 1.000000 1.000000 0.836660 -0.970406 0.000000
 0.848333 2.000000 1.000000 1.000000 0.836660 -0.970406 0.000000
 0.851667 2.000000 1.000000 1.000000 0.836660 -0.970406 0.000000
 0.855000 2.000000 1.000000 1.000000 0.836660 -0.970406 0.000000
 0.858333 2.000000 1.000000 1.000000 0.836660 -0.970406 0.000000
 0.861667 2.000000 1.000000 1.000000 0.836660 -0.970406 0.000000
 0.865000 2.000000 1.000000 1.000000 0.836660 -0.970406 0.000000
 0.868333 2.000000 1.000000 1.000000 0.836660 -0.970406 0.000000
 0.871667 2.000000 1.000000 1.000000 0.836660 -0.970406 0.000000
 0.875000 2.000000 1.000000 1.000000 0.836660 -0.970406 0.000000
 0.878333 2.000000 1.000000 1.000000 0.836660 -0.970406 0.000000
 0.881667 2.000000 1.000000 1.000000 0.836660 -0.970406 0.000000
 0.885000 2.000000 1.000000 1.000000 0.836660 -0.970406 0.000000
 0.888333 2.000000 1.000000 1.000000 0.836660 -0.970406 0.000000
 0.891667 2.000000 1.000000 1.000000 0.836660 -0.970406 0.000000
 0.895000 2.000000 1.000000 1.000000 0.836660 -0.970406 0.000000
 0.898333 2.000000 1.000000 1.000000 0.836660 -0.970406 0.000000
 0.901667 2.000000 1.000000 1.000000 0.836660 -0.970406 0.000000
 0.905000 2.000000 1.000000 1.000000 0.836660 -0.970406 0.000000
 0.908333 2.000000 1.000000 1.000000 0.836660 -0.970406 0.000000
 0.911667 2.000000 1.000000 1.000000 0.836660 -0.970406 0.000000
 0.915000 2.000000 1.000000 1.000000 0.836660 -0.970406 0.000000
 0.918333 2.000000 1.000000 1.000000 0.836660 -0.970406 0.000000
 0.921667 2.000000 1.000000 1.000000 0.836660 -0.970406 0.000000
 0.925000 2.000000 1.000000 1.000000 0.836660 -0.970406 0.000000
 0.928333 2.000000 1.000000 1.000000 0.836660 -0.970406 0.000000
 0.931667 2.000000 1.000000 1.000000 0.836660 -0.970406 0.000000
 0.935000 2.000000 1.000000 1.000000 0.836660 -0.970406 0.000000
 0.938333 2.000000 1.000000 1.000000 0.836660 -0.970406 0.000000
 0.941667 2.000000 1.000000 1.000000 0.836660 -0.970406 0.000000
 0.945000 2.000000 1.000000 1.000000 0.836660 -0.970406 0.000000
 0.948333 2.000000 1.000000 1.000000 0.836660 -0.970406 0.000000
 0.951667 2.000000 1.000000 1.000000 0.836660 -0.970406 0.000000
 0.955000 2.000000 1.000000 1.000000 0.836660 -0.970406 0.000000
 0.958333 2.000000 1.000000 1.000000 0.836660 -0.970406 0.000000
 0.961667 2.000000 1.000000 1.000000 0.836660 -0.970406 0.000000
 0.965000 2.000000 1.000000 1.000000 0.836660 -0.970406 0.000000
 0.968333 2.000000 1.000000 1.000000 0.836660 -0.970406 0.000000
 0.971667 2.000000 1.000000 1.000000 0.836660 -0.970406 0.000000
 0.975000 2.000000 1.000000 1.000000 0.836660 -0.970406 0.000000
 0.978333 2.000000 1.000000 1.000000 0.836660 -0.970406 0.000000
 0.981667 2.000000 1.000000 1.000000 0.836660 -0.970406 0.000000
 0.985000 2.000000 1.000000 1.000000 0.836660 -0.970406 0.000000
 0.988333 2.000000 1.000000 1.000000 0.836660 -0.970406 0.000000
 0.991667 2.000000 1.000000 1.000000 0.836660 -0.970406 0.000000
 0.995000 2.000000 1.000000 1.000000 0.836660 -0.970406 0.000000
 0.998333 2.000000 1.000000 1.000000 0.836660 -0.970406 0.000000
