Timer: 0.075366
 0.001667 1.271321 0.292959 1.401647 1.242383 0.001568 0.000000 0.000000
 0.005000 1.271271 0.293008 1.401569 1.242374 0.001568 0.000000 0.000000
 0.008333 1.271204 0.293073 1.401466 1.242361 0.001568 0.000000 0.000000
 0.011667 1.271122 0.293153 1.401339 1.242344 0.001568 0.000000 0.000000
 0.015000 1.271027 0.293246 1.401193 1.242326 0.001568 0.000000 0.000000
 0.018333 1.270927 0.293344 1.401038 1.242306 0.001568 0.000000 0.000000
 0.021667 1.270832 0.293437 1.400891 1.242288 0.001568 0.000000 0.000000
 0.025000 1.270752 0.293515 1.400769 1.242272 0.001568 0.000000 0.000000
 0.028333 1.270699 0.293567 1.400687 1.242262 0.001568 -0.000000 0.000000
 0.031667 1.270678 0.293587 1.400654 1.242258 0.001568 -0.000000 0.000000
 0.035000 1.270690 0.293575 1.400673 1.242260 0.001568 0.000000 0.000000
 0.038333 1.270731 0.293536 1.400735 1.242268 0.001568 0.000000 0.000000
 0.041667 1.270790 0.293478 1.400827 1.242280 0.001568 0.000000 0.000000
 0.045000 1.270858 0.293411 1.400932 1.242293 0.001568 0.000000 0.000000
 0.048333 1.270926 0.293345 1.401036 1.242306 0.001568 0.000000 0.000000
 0.051667 1.270985 0.293287 1.401128 1.242318 0.001568 -0.000000 0.000000
 0.055000 1.271034 0.293239 1.401203 1.242327 0.001568 -0.000000 0.000000
 0.058333 1.271072 0.293202 1.401262 1.242335 0.001568 -0.000000 0.000000
 0.061667 1.271100 0.293174 1.401306 1.242340 0.001568 -0.000000 0.000000
 0.065000 1.271123 0.293153 1.401340 1.242345 0.001568 -0.000000 0.000000
 0.068333 1.271140 0.293136 1.401367 1.242348 0.001568 -0.000000 0.000000
 0.071667 1.271155 0.293121 1.401390 1.242351 0.001568 -0.000000 0.000000
 0.075000 1.271168 0.293109 1.401410 1.242353 0.001568 -0.000000 0.000000
 0.078333 1.271179 0.293097 1.401427 1.242356 0.001568 -0.000000 0.000000
 0.081667 1.271190 0.293087 1.401443 1.242358 0.001568 -0.000000 0.000000
 0.085000 1.271199 0.293078 1.401458 1.242360 0.001568 -0.000000 0.000000
 0.088333 1.271208 0.293070 1.401472 1.242361 0.001568 -0.000000 0.000000
 0.091667 1.271216 0.293062 1.401484 1.242363 0.001568 -0.000000 0.000000
 0.095000 1.271223 0.293055 1.401495 1.242364 0.001569 -0.000000 0.000000
 0.098333 1.271230 0.293048 1.401506 1.242366 0.001569 -0.000000 0.000000
 0.101667 1.271224 0.293042 1.401516 1.242373 0.001582 -0.000001 0.000000
 0.105000 1.271153 0.293036 1.401525 1.242412 0.001667 -0.000007 0.000000
 0.108333 1.270911 0.293030 1.401534 1.242534 0.001939 -0.000022 0.000000
 0.111667 1.270404 0.293025 1.401542 1.242785 0.002504 -0.000045 0.000000
 0.115000 1.269646 0.293020 1.401549 1.243159 0.003344 -0.000066 0.000000
 0.118333 1.268803 0.293016 1.401556 1.243576 0.004280 -0.000072 0.000000
 0.121667 1.268103 0.293011 1.401563 1.243922 0.005057 -0.000058 0.000000
 0.125000 1.267719 0.293007 1.401570 1.244113 0.005485 -0.000031 0.000000
 0.128333 1.267687 0.293004 1.401576 1.244132 0.005526 -0.000001 0.000000
 0.131667 1.267923 0.293000 1.401581 1.244018 0.005269 0.000021 0.000000
 0.135000 1.268298 0.292996 1.401587 1.243837 0.004859 0.000032 0.000000
 0.138333 1.268700 0.292993 1.401592 1.243642 0.004418 0.000034 0.000000
 0.141667 1.269062 0.292990 1.401597 1.243467 0.004023 0.000030 0.000000
 0.145000 1.269360 0.292987 1.401602 1.243323 0.003698 0.000024 0.000000
 0.148333 1.269594 0.292983 1.401606 1.243210 0.003443 0.000019 0.000000
 0.151667 1.269776 0.292980 1.401608 1.243122 0.003244 0.000015 0.000000
 0.155000 1.269918 0.292974 1.401607 1.243052 0.003086 0.000012 0.000000
 0.158333 1.270027 0.292962 1.401597 1.242994 0.002958 0.000010 0.000000
 0.161667 1.270101 0.292934 1.401560 1.242942 0.002852 0.000008 0.000000
 0.165000 1.270121 0.292868 1.401464 1.242890 0.002761 0.000007 0.000000
 0.168333 1.270042 0.292717 1.401234 1.242826 0.002683 0.000006 0.000000
 0.171667 1.269771 0.292386 1.400718 1.242730 0.002614 0.000005 0.000000
 0.175000 1.269126 0.291696 1.399635 1.242565 0.002552 0.000005 0.000000
 0.178333 1.267784 0.290328 1.397486 1.242268 0.002497 0.000004 0.000000
 0.181667 1.265210 0.287753 1.393446 1.241732 0.002446 0.000005 0.000001
 0.185000 1.260580 0.283150 1.386243 1.240791 0.002397 0.000007 0.000003
 0.188333 1.252728 0.275337 1.374094 1.239207 0.002342 0.000012 0.000009
 0.191667 1.240199 0.262793 1.354793 1.236673 0.002269 0.000025 0.000023
 0.195000 1.221520 0.243882 1.326156 1.232853 0.002151 0.000050 0.000050
 0.198333 1.195805 0.217419 1.286979 1.227495 0.001950 0.000090 0.000090
 0.201667 1.163618 0.183595 1.238355 1.220622 0.001635 0.000134 0.000134
 0.205000 1.127605 0.144842 1.184536 1.212717 0.001216 0.000159 0.000156
 0.208333 1.092082 0.105697 1.132121 1.204711 0.000772 0.000143 0.000140
 0.211667 1.061372 0.071132 1.087408 1.197640 0.000410 0.000098 0.000096
 0.215000 1.037976 0.044348 1.053758 1.192177 0.000182 0.000052 0.000051
 0.218333 1.022023 0.025855 1.031038 1.188423 0.000069 0.000022 0.000022
 0.221667 1.012088 0.014240 1.016987 1.186076 0.000023 0.000008 0.000008
 0.225000 1.006329 0.007471 1.008879 1.184714 0.000007 0.000003 0.000003
 0.228333 1.003177 0.003755 1.004453 1.183968 0.000002 0.000001 0.000001
 0.231667 1.001533 0.001813 1.002148 1.183579 0.000000 0.000000 0.000000
 0.235000 1.000712 0.000842 1.000997 1.183384 0.000000 0.000000 0.000000
 0.238333 1.000318 0.000377 1.000446 1.183291 0.000000 0.000000 0.000000
 0.241667 1.000137 0.000162 1.000192 1.183248 0.000000 0.000000 0.000000
 0.245000 1.000057 0.000067 1.000079 1.183229 0.000000 0.000000 0.000000
 0.248333 1.000023 0.000027 1.000032 1.183221 0.000000 0.000000 0.000000
 0.251667 1.000009 0.000010 1.000012 1.183218 0.000000 0.000000 0.000000
 0.255000 1.000003 0.000004 1.000004 1.183217 0.000000 0.000000 0.000000
 0.258333 1.000001 0.000001 1.000002 1.183216 0.000000 0.000000 0.000000
 0.261667 1.000000 0.000000 1.000001 1.183216 0.000000 0.000000 0.000000
 0.265000 1.000000 0.000000 1.000000 1.183216 0.000000 0.000000 0.000000
 0.268333 1.000000 0.000000 1.000000 1.183216 0.000000 0.000000 0.000000
 0.271667 1.000000 0.000000 1.000000 1.183216 -0.000000 -0.000000 -0.000000
 0.275000 1.000000 0.000000 1.000000 1.183216 0.000000 -0.000000 -0.000000
 0.278333 1.000000 0.000000 1.000000 1.183216 -0.000000 0.000000 -0.000000
 0.281667 1.000000 0.000000 1.000000 1.183216 0.000000 0.000000 0.000000
 0.285000 1.000000 0.000000 1.000000 1.183216 -0.000000 -0.000000 -0.000000
 0.288333 1.000000 0.000000 1.000000 1.183216 -0.000000 -0.000000 -0.000000
 0.291667 1.000000 0.000000 1.000000 1.183216 -0.000000 0.000000 0.000000
 0.295000 1.000000 0.000000 1.000000 1.183216 0.000000 0.000000 0.000000
 0.298333 1.000000 0.000000 1.000000 1.183216 -0.000000 0.000000 0.000000
 0.301667 1.000000 0.000000 1.000000 1.183216 0.000000 0.000000 0.000000
 0.305000 1.000000 0.000000 1.000000 1.183216 -0.000000 0.000000 -0.000000
 0.308333 1.000000 0.000000 1.000000 1.183216 0.000000 0.000000 0.000000
 0.311667 1.000000 0.000000 1.000000 1.183216 0.000000 0.000000 0.000000
 0.315000 1.000000 0.000000 1.000000 1.183216 0.000000 0.000000 0.000000
 0.318333 1.000000 -0.000000 1.000000 1.183216 0.000000 0.000000 0.000000
 0.321667 1.000000 0.000000 1.000000 1.183216 0.000000 0.000000 0.000000
 0.325000 1.000000 -0.000000 1.000000 1.183216 0.000000 0.000000 0.000000
 0.328333 1.000000 0.000000 1.000000 1.183216 0.000000 0.000000 0.000000
 0.331667 1.000000 -0.000000 1.000000 1.183216 0.000000 0.000000 0.000000
 0.335000 1.000000 0.000000 1.000000 1.183216 0.000000 0.000000 0.000000
 0.338333 1.000000 -0.000000 1.000000 1.183216 0.000000 0.000000 0.000000
 0.341667 1.000000 0.000000 1.000000 1.183216 0.000000 0.000000 0.000000
 0.345000 1.000000 -0.000000 1.000000 1.183216 0.000000 0.000000 0.000000
 0.348333 1.000000 0.000000 1.000000 1.183216 0.000000 0.000000 0.000000
 0.351667 1.000000 -0.000000 1.000000 1.183216 0.000000 0.000000 0.000000
 0.355000 1.000000 0.000000 1.000000 1.183216 0.000000 0.000000 0.000000
 0.358333 1.000000 -0.000000 1.000000 1.183216 0.000000 0.000000 0.000000
 0.361667 1.000000 0.000000 1.000000 1.183216 0.000000 0.000000 0.000000
 0.365000 1.000000 -0.000000 1.000000 1.183216 0.000000 0.000000 0.000000
 0.368333 1.000000 0.000000 1.000000 1.183216 0.000000 0.000000 0.000000
 0.371667 1.000000 -0.000000 1.000000 1.183216 0.000000 0.000000 0.000000
 0.375000 1.000000 0.000000 1.000000 1.183216 0.000000 0.000000 0.000000
 0.378333 1.000000 -0.000000 1.000000 1.183216 0.000000 0.000000 0.000000
 0.381667 1.000000 0.000000 1.000000 1.183216 0.000000 0.000000 0.000000
 0.385000 1.000000 -0.000000 1.000000 1.183216 0.000000 0.000000 0.000000
 0.388333 1.000000 0.000000 1.000000 1.183216 0.000000 0.000000 0.000000
 0.391667 1.000000 0.000000 1.000000 1.183216 0.000000 0.000000 0.000000
 0.395000 1.000000 0.000000 1.000000 1.183216 0.000000 0.000000 0.000000
 0.398333 1.000000 0.000000 1.000000 1.183216 0.000000 0.000000 0.000000
 0.401667 1.000000 0.000000 1.000000 1.183216 0.000000 0.000000 0.000000
 0.405000 1.000000 0.000000 1.000000 1.183216 0.000000 0.000000 0.000000
 0.408333 1.000000 0.000000 1.000000 1.183216 0.000000 0.000000 0.000000
 0.411667 1.000000 0.000000 1.000000 1.183216 0.000000 0.000000 0.000000
 0.415000 1.000000 0.000000 1.000000 1.183216 0.000000 0.000000 0.000000
 0.418333 1.000000 0.000000 1.000000 1.183216 0.000000 0.000000 0.000000
 0.421667 1.000000 0.000000 1.000000 1.183216 0.000000 0.000000 0.000000
 0.425000 1.000000 0.000000 1.000000 1.183216 0.000000 0.000000 0.000000
 0.428333 1.000000 0.000000 1.000000 1.183216 0.000000 0.000000 0.000000
 0.431667 1.000000 0.000000 1.000000 1.183216 0.000000 0.000000 0.000000
 0.435000 1.000000 0.000000 1.000000 1.183216 0.000000 0.000000 0.000000
 0.438333 1.000000 0.000000 1.000000 1.183216 0.000000 0.000000 0.000000
 0.441667 1.000000 0.000000 1.000000 1.183216 0.000000 0.000000 0.000000
 0.445000 1.000000 0.000000 1.000000 1.183216 0.000000 0.000000 0.000000
 0.448333 1.000000 0.000000 1.000000 1.183216 0.000000 0.000000 0.000000
 0.451667 1.000000 0.000000 1.000000 1.183216 0.000000 0.000000 0.000000
 0.455000 1.000000 0.000000 1.000000 1.183216 0.000000 0.000000 0.000000
 0.458333 1.000000 0.000000 1.000000 1.183216 0.000000 0.000000 0.000000
 0.461667 1.000000 0.000000 1.000000 1.183216 0.000000 0.000000 0.000000
 0.465000 1.000000 0.000000 1.000000 1.183216 0.000000 0.000000 0.000000
 0.468333 1.000000 0.000000 1.000000 1.183216 0.000000 0.000000 0.000000
 0.471667 1.000000 0.000000 1.000000 1.183216 0.000000 0.000000 0.000000
 0.475000 1.000000 0.000000 1.000000 1.183216 0.000000 0.000000 0.000000
 0.478333 1.000000 0.000000 1.000000 1.183216 0.000000 0.000000 0.000000
 0.481667 1.000000 0.000000 1.000000 1.183216 0.000000 0.000000 0.000000
 0.485000 1.000000 0.000000 1.000000 1.183216 0.000000 0.000000 0.000000
 0.488333 1.000000 0.000000 1.000000 1.183216 0.000000 0.000000 0.000000
 0.491667 1.000000 0.000000 1.000000 1.183216 0.000000 0.000000 0.000000
 0.495000 1.000000 0.000000 1.000000 1.183216 0.000000 0.000000 0.000000
 0.498333 1.000000 0.000000 1.000000 1.183216 0.000000 0.000000 0.000000
 0.501667 1.000000 0.000000 1.000000 1.183216 0.000000 0.000000 0.000000
 0.505000 1.000000 0.000000 1.000000 1.183216 0.000000 0.000000 0.000000
 0.508333 1.000000 0.000000 1.000000 1.183216 0.000000 0.000000 0.000000
 0.511667 1.000000 0.000000 1.000000 1.183216 0.000000 0.000000 0.000000
 0.515000 1.000000 0.000000 1.000000 1.183216 0.000000 0.000000 0.000000
 0.518333 1.000000 0.000000 1.000000 1.183216 0.000000 0.000000 0.000000
 0.521667 1.000000 0.000000 1.000000 1.183216 0.000000 0.000000 0.000000
 0.525000 1.000000 0.000000 1.000000 1.183216 0.000000 0.000000 0.000000
 0.528333 1.000000 0.000000 1.000000 1.183216 0.000000 0.000000 0.000000
 0.531667 1.000000 0.000000 1.000000 1.183216 0.000000 0.000000 0.000000
 0.535000 1.000000 0.000000 1.000000 1.183216 0.000000 0.000000 0.000000
 0.538333 1.000000 0.000000 1.000000 1.183216 0.000000 0.000000 0.000000
 0.541667 1.000000 0.000000 1.000000 1.183216 0.000000 0.000000 0.000000
 0.545000 1.000000 0.000000 1.000000 1.183216 0.000000 0.000000 0.000000
 0.548333 1.000000 0.000000 1.000000 1.183216 0.000000 0.000000 0.000000
 0.551667 1.000000 0.000000 1.000000 1.183216 0.000000 0.000000 0.000000
 0.555000 1.000000 0.000000 1.000000 1.183216 0.000000 0.000000 0.000000
 0.558333 1.000000 0.000000 1.000000 1.183216 0.000000 0.000000 0.000000
 0.561667 1.000000 0.000000 1.000000 1.183216 0.000000 0.000000 0.000000
 0.565000 1.000000 0.000000 1.000000 1.183216 0.000000 0.000000 0.000000
 0.568333 1.000000 0.000000 1.000000 1.183216 0.000000 0.000000 0.000000
 0.571667 1.000000 0.000000 1.000000 1.183216 0.000000 0.000000 0.000000
 0.575000 1.000000 0.000000 1.000000 1.183216 0.000000 0.000000 0.000000
 0.578333 1.000000 0.000000 1.000000 1.183216 0.000000 0.000000 0.000000
 0.581667 1.000000 0.000000 1.000000 1.183216 0.000000 0.000000 0.000000
 0.585000 1.000000 0.000000 1.000000 1.183216 0.000000 0.000000 0.000000
 0.588333 1.000000 0.000000 1.000000 1.183216 0.000000 0.000000 0.000000
 0.591667 1.000000 0.000000 1.000000 1.183216 0.000000 0.000000 0.000000
 0.595000 1.000000 0.000000 1.000000 1.183216 0.000000 0.000000 0.000000
 0.598333 1.000000 0.000000 1.000000 1.183216 0.000000 0.000000 0.000000
 0.601667 1.000000 0.000000 1.000000 1.183216 0.000000 0.000000 0.000000
 0.605000 1.000000 0.000000 1.000000 1.183216 0.000000 0.000000 0.000000
 0.608333 1.000000 0.000000 1.000000 1.183216 0.000000 0.000000 0.000000
 0.611667 1.000000 0.000000 1.000000 1.183216 0.000000 0.000000 0.000000
 0.615000 1.000000 0.000000 1.000000 1.183216 0.000000 0.000000 0.000000
 0.618333 1.000000 0.000000 1.000000 1.183216 0.000000 0.000000 0.000000
 0.621667 1.000000 0.000000 1.000000 1.183216 0.000000 0.000000 0.000000
 0.625000 1.000000 0.000000 1.000000 1.183216 0.000000 0.000000 0.000000
 0.628333 1.000000 0.000000 1.000000 1.183216 0.000000 0.000000 0.000000
 0.631667 1.000000 0.000000 1.000000 1.183216 0.000000 0.000000 0.000000
 0.635000 1.000000 0.000000 1.000000 1.183216 0.000000 0.000000 0.000000
 0.638333 1.000000 0.000000 1.000000 1.183216 0.000000 0.000000 0.000000
 0.641667 1.000000 0.000000 1.000000 1.183216 0.000000 0.000000 0.000000
 0.645000 1.000000 0.000000 1.000000 1.183216 0.000000 0.000000 0.000000
 0.648333 1.000000 0.000000 1.000000 1.183216 0.000000 0.000000 0.000000
 0.651667 1.000000 0.000000 1.000000 1.183216 0.000000 0.000000 0.000000
 0.655000 1.000000 0.000000 1.000000 1.183216 0.000000 0.000000 0.000000
 0.658333 1.000000 0.000000 1.000000 1.183216 0.000000 0.000000 0.000000
 0.661667 1.000000 0.000000 1.000000 1.183216 0.000000 0.000000 0.000000
 0.665000 1.000000 0.000000 1.000000 1.183216 0.000000 0.000000 0.000000
 0.668333 1.000000 0.000000 1.000000 1.183216 0.000000 0.000000 0.000000
 0.671667 1.000000 0.000000 1.000000 1.183216 0.000000 0.000000 0.000000
 0.675000 1.000000 0.000000 1.000000 1.183216 0.000000 0.000000 0.000000
 0.678333 1.000000 0.000000 1.000000 1.183216 0.000000 0.000000 0.000000
 0.681667 1.000000 0.000000 1.000000 1.183216 0.000000 0.000000 0.000000
 0.685000 1.000000 0.000000 1.000000 1.183216 0.000000 0.000000 0.000000
 0.688333 1.000000 0.000000 1.000000 1.183216 0.000000 0.000000 0.000000
 0.691667 1.000000 0.000000 1.000000 1.183216 0.000000 0.000000 0.000000
 0.695000 1.000000 0.000000 1.000000 1.183216 0.000000 0.000000 0.000000
 0.698333 1.000000 0.000000 1.000000 1.183216 0.000000 0.000000 0.000000
 0.701667 1.000000 0.000000 1.000000 1.183216 0.000000 0.000000 0.000000
 0.705000 1.000000 0.000000 1.000000 1.183216 0.000000 0.000000 0.000000
 0.708333 1.000000 0.000000 1.000000 1.183216 0.000000 0.000000 0.000000
 0.711667 1.000000 0.000000 1.000000 1.183216 0.000000 0.000000 0.000000
 0.715000 1.000000 0.000000 1.000000 1.183216 0.000000 0.000000 0.000000
 0.718333 1.000000 0.000000 1.000000 1.183216 0.000000 0.000000 0.000000
 0.721667 1.000000 0.000000 1.000000 1.183216 0.000000 0.000000 0.000000
 0.725000 1.000000 0.000000 1.000000 1.183216 0.000000 0.000000 0.000000
 0.728333 1.000000 0.000000 1.000000 1.183216 0.000000 0.000000 0.000000
 0.731667 1.000000 0.000000 1.000000 1.183216 0.000000 0.000000 0.000000
 0.735000 1.000000 0.000000 1.000000 1.183216 0.000000 0.000000 0.000000
 0.738333 1.000000 0.000000 1.000000 1.183216 0.000000 0.000000 0.000000
 0.741667 1.000000 0.000000 1.000000 1.183216 0.000000 0.000000 0.000000
 0.745000 1.000000 0.000000 1.000000 1.183216 0.000000 0.000000 0.000000
 0.748333 1.000000 0.000000 1.000000 1.183216 0.000000 0.000000 0.000000
 0.751667 1.000000 0.000000 1.000000 1.183216 0.000000 0.000000 0.000000
 0.755000 1.000000 0.000000 1.000000 1.183216 0.000000 0.000000 0.000000
 0.758333 1.000000 0.000000 1.000000 1.183216 0.000000 0.000000 0.000000
 0.761667 1.000000 0.000000 1.000000 1.183216 0.000000 0.000000 0.000000
 0.765000 1.000000 0.000000 1.000000 1.183216 0.000000 0.000000 0.000000
 0.768333 1.000000 0.000000 1.000000 1.183216 0.000000 0.000000 0.000000
 0.771667 1.000000 0.000000 1.000000 1.183216 0.000000 0.000000 0.000000
 0.775000 1.000000 0.000000 1.000000 1.183216 0.000000 0.000000 0.000000
 0.778333 1.000000 0.000000 1.000000 1.183216 0.000000 0.000000 0.000000
 0.781667 1.000000 0.000000 1.000000 1.183216 0.000000 0.000000 0.000000
 0.785000 1.000000 0.000000 1.000000 1.183216 0.000000 0.000000 0.000000
 0.788333 1.000000 0.000000 1.000000 1.183216 0.000000 0.000000 0.000000
 0.791667 1.000000 0.000000 1.000000 1.183216 0.000000 0.000000 0.000000
 0.795000 1.000000 0.000000 1.000000 1.183216 0.000000 0.000000 0.000000
 0.798333 1.000000 0.000000 1.000000 1.183216 0.000000 0.000000 0.000000
 0.801667 1.000000 0.000000 1.000000 1.183216 0.000000 0.000000 0.000000
 0.805000 1.000000 0.000000 1.000000 1.183216 0.000000 0.000000 0.000000
 0.808333 1.000000 0.000000 1.000000 1.183216 0.000000 0.000000 0.000000
 0.811667 1.000000 0.000000 1.000000 1.183216 0.000000 0.000000 0.000000
 0.815000 1.000000 0.000000 1.000000 1.183216 0.000000 0.000000 0.000000
 0.818333 1.000000 0.000000 1.000000 1.183216 0.000000 0.000000 0.000000
 0.821667 1.000000 0.000000 1.000000 1.183216 0.000000 0.000000 0.000000
 0.825000 1.000000 0.000000 1.000000 1.183216 0.000000 0.000000 0.000000
 0.828333 1.000000 0.000000 1.000000 1.183216 0.000000 0.000000 0.000000
 0.831667 1.000000 0.000000 1.000000 1.183216 0.000000 0.000000 0.000000
 0.835000 1.000000 0.000000 1.000000 1.183216 0.000000 0.000000 0.000000
 0.838333 1.000000 0.000000 1.000000 1.183216 0.000000 0.000000 0.000000
 0.841667 1.000000 0.000000 1.000000 1.183216 0.000000 0.000000 0.000000
 0.845000 1.000000 0.000000 1.000000 1.183216 0.000000 0.000000 0.000000
 0.848333 1.000000 0.000000 1.000000 1.183216 0.000000 0.000000 0.000000
 0.851667 1.000000 0.000000 1.000000 1.183216 0.000000 0.000000 0.000000
 0.855000 1.000000 0.000000 1.000000 1.183216 0.000000 0.000000 0.000000
 0.858333 1.000000 0.000000 1.000000 1.183216 0.000000 0.000000 0.000000
 0.861667 1.000000 0.000000 1.000000 1.183216 0.000000 0.000000 0.000000
 0.865000 1.000000 0.000000 1.000000 1.183216 0.000000 0.000000 0.000000
 0.868333 1.000000 0.000000 1.000000 1.183216 0.000000 0.000000 0.000000
 0.871667 1.000000 0.000000 1.000000 1.183216 0.000000 0.000000 0.000000
 0.875000 1.000000 0.000000 1.000000 1.183216 0.000000 0.000000 0.000000
 0.878333 1.000000 0.000000 1.000000 1.183216 0.000000 0.000000 0.000000
 0.881667 1.000000 0.000000 1.000000 1.183216 0.000000 0.000000 0.000000
 0.885000 1.000000 0.000000 1.000000 1.183216 0.000000 0.000000 0.000000
 0.888333 1.000000 0.000000 1.000000 1.183216 0.000000 0.000000 0.000000
 0.891667 1.000000 0.000000 1.000000 1.183216 0.000000 0.000000 0.000000
 0.895000 1.000000 0.000000 1.000000 1.183216 0.000000 0.000000 0.000000
 0.898333 1.000000 0.000000 1.000000 1.183216 0.000000 0.000000 0.000000
 0.901667 1.000000 0.000000 1.000000 1.183216 0.000000 0.000000 0.000000
 0.905000 1.000000 0.000000 1.000000 1.183216 0.000000 0.000000 0.000000
 0.908333 1.000000 0.000000 1.000000 1.183216 0.000000 0.000000 0.000000
 0.911667 1.000000 0.000000 1.000000 1.183216 0.000000 0.000000 0.000000
 0.915000 1.000000 0.000000 1.000000 1.183216 0.000000 0.000000 0.000000
 0.918333 1.000000 0.000000 1.000000 1.183216 0.000000 0.000000 0.000000
 0.921667 1.000000 0.000000 1.000000 1.183216 0.000000 0.000000 0.000000
 0.925000 1.000000 0.000000 1.000000 1.183216 0.000000 0.000000 0.000000
 0.928333 1.000000 0.000000 1.000000 1.183216 0.000000 0.000000 0.000000
 0.931667 1.000000 0.000000 1.000000 1.183216 0.000000 0.000000 0.000000
 0.935000 1.000000 0.000000 1.000000 1.183216 0.000000 0.000000 0.000000
 0.938333 1.000000 0.000000 1.000000 1.183216 0.000000 0.000000 0.000000
 0.941667 1.000000 0.000000 1.000000 1.183216 0.000000 0.000000 0.000000
 0.945000 1.000000 0.000000 1.000000 1.183216 0.000000 0.000000 0.000000
 0.948333 1.000000 0.000000 1.000000 1.183216 0.000000 0.000000 0.000000
 0.951667 1.000000 0.000000 1.000000 1.183216 0.000000 0.000000 0.000000
 0.955000 1.000000 0.000000 1.000000 1.183216 0.000000 0.000000 0.000000
 0.958333 1.000000 0.000000 1.000000 1.183216 0.000000 0.000000 0.000000
 0.961667 1.000000 0.000000 1.000000 1.183216 0.000000 0.000000 0.000000
 0.965000 1.000000 0.000000 1.000000 1.183216 0.000000 0.000000 0.000000
 0.968333 1.000000 0.000000 1.000000 1.183216 0.000000 0.000000 0.000000
 0.971667 1.000000 0.000000 1.000000 1.183216 0.000000 0.000000 0.000000
 0.975000 1.000000 0.000000 1.000000 1.183216 0.000000 0.000000 0.000000
 0.978333 1.000000 0.000000 1.000000 1.183216 0.000000 0.000000 0.000000
 0.981667 1.000000 0.000000 1.000000 1.183216 0.000000 0.000000 0.000000
 0.985000 1.000000 0.000000 1.000000 1.183216 0.000000 0.000000 0.000000
 0.988333 1.000000 0.000000 1.000000 1.183216 0.000000 0.000000 0.000000
 0.991667 1.000000 0.000000 1.000000 1.183216 0.000000 0.000000 0.000000
 0.995000 1.000000 0.000000 1.000000 1.183216 0.000000 0.000000 0.000000
 0.998333 1.000000 0.000000 1.000000 1.183216 0.000000 0.000000 0.000000
