Timer: 0.682549
 0.200419 1.263867 0.292869 1.401790 1.246105 0.009903 0.000000
 0.201317 1.263867 0.292869 1.401790 1.246105 0.009903 0.000000
 0.202206 1.263867 0.292869 1.401790 1.246105 0.009903 -0.000000
 0.203090 1.263867 0.292869 1.401790 1.246105 0.009903 0.000000
 0.203971 1.263867 0.292869 1.401790 1.246105 0.009903 -0.000000
 0.204852 1.263867 0.292869 1.401790 1.246105 0.009903 0.000000
 0.205731 1.263867 0.292869 1.401790 1.246105 0.009903 0.000000
 0.206610 1.263867 0.292869 1.401790 1.246105 0.009903 0.000000
 0.207489 1.263867 0.292869 1.401790 1.246105 0.009903 0.000000
 0.208367 1.263867 0.292869 1.401790 1.246105 0.009903 0.000000
 0.209244 1.263867 0.292869 1.401790 1.246105 0.009903 0.000000
 0.210122 1.263867 0.292869 1.401790 1.246105 0.009903 0.000000
 0.210999 1.263867 0.292869 1.401790 1.246105 0.009903 0.000000
 0.211876 1.263867 0.292869 1.401790 1.246105 0.009903 0.000000
 0.212753 1.263867 0.292869 1.401790 1.246105 0.009903 0.000000
 0.213629 1.263867 0.292869 1.401790 1.246105 0.009903 0.000000
 0.214506 1.263867 0.292869 1.401790 1.246105 0.009903 0.000000
 0.215382 1.263867 0.292869 1.401790 1.246105 0.009903 0.000000
 0.216258 1.263867 0.292869 1.401790 1.246105 0.009903 -0.000000
 0.217134 1.263867 0.292869 1.401790 1.246105 0.009903 0.000000
 0.218010 1.263867 0.292869 1.401790 1.246105 0.009903 0.000000
 0.218886 1.263867 0.292869 1.401790 1.246105 0.009903 0.000000
 0.219762 1.263867 0.292869 1.401790 1.246105 0.009903 0.000000
 0.220638 1.263867 0.292869 1.401790 1.246105 0.009903 -0.000000
 0.221513 1.263867 0.292869 1.401790 1.246105 0.009903 0.000000
 0.222389 1.263867 0.292869 1.401790 1.246105 0.009903 0.000000
 0.223264 1.263868 0.292869 1.401790 1.246105 0.009903 0.000000
 0.224140 1.263868 0.292869 1.401790 1.246105 0.009903 0.000000
 0.225015 1.263868 0.292869 1.401790 1.246105 0.009903 0.000000
 0.225891 1.263868 0.292869 1.401790 1.246105 0.009903 0.000000
 0.226766 1.263868 0.292869 1.401790 1.246105 0.009903 0.000000
 0.227641 1.263868 0.292869 1.401790 1.246105 0.009903 0.000000
 0.228516 1.263868 0.292869 1.401790 1.246105 0.009903 -0.000000
 0.229392 1.263868 0.292869 1.401790 1.246105 0.009903 -0.000000
 0.230267 1.263868 0.292869 1.401790 1.246105 0.009903 0.000000
 0.231142 1.263868 0.292869 1.401790 1.246105 0.009903 0.000000
 0.232017 1.263868 0.292869 1.401790 1.246105 0.009903 -0.000000
 0.232892 1.263868 0.292869 1.401790 1.246105 0.009903 0.000000
 0.233767 1.263868 0.292869 1.401790 1.246105 0.009903 0.000000
 0.234642 1.263868 0.292869 1.401790 1.246105 0.009903 0.000000
 0.235517 1.263868 0.292869 1.401790 1.246105 0.009903 0.000000
 0.236392 1.263868 0.292869 1.401790 1.246105 0.009903 0.000000
 0.237267 1.263868 0.292869 1.401790 1.246105 0.009903 0.000000
 0.238141 1.263868 0.292869 1.401790 1.246105 0.009903 0.000000
 0.239016 1.263868 0.292869 1.401790 1.246105 0.009903 0.000000
 0.239891 1.263868 0.292869 1.401790 1.246105 0.009903 -0.000000
 0.240766 1.263868 0.292869 1.401790 1.246105 0.009903 0.000000
 0.241641 1.263868 0.292869 1.401790 1.246105 0.009903 -0.000000
 0.242515 1.263868 0.292869 1.401790 1.246105 0.009903 0.000000
 0.243390 1.263868 0.292869 1.401790 1.246105 0.009903 0.000000
 0.244265 1.263868 0.292869 1.401790 1.246105 0.009903 -0.000000
 0.245139 1.263868 0.292869 1.401790 1.246105 0.009903 0.000000
 0.246014 1.263868 0.292869 1.401790 1.246105 0.009903 0.000000
 0.246889 1.263868 0.292869 1.401790 1.246105 0.009903 0.000000
 0.247763 1.263868 0.292869 1.401790 1.246105 0.009903 0.000000
 0.248638 1.263868 0.292869 1.401790 1.246105 0.009903 0.000000
 0.249513 1.263868 0.292869 1.401790 1.246105 0.009903 0.000000
 0.250387 1.263868 0.292869 1.401790 1.246105 0.009903 0.000000
 0.251262 1.263868 0.292869 1.401790 1.246105 0.009903 0.000000
 0.252136 1.263868 0.292869 1.401790 1.246105 0.009903 0.000000
 0.253011 1.263868 0.292869 1.401790 1.246105 0.009903 0.000000
 0.253885 1.263868 0.292869 1.401790 1.246105 0.009903 0.000000
 0.254760 1.263868 0.292869 1.401790 1.246105 0.009903 0.000000
 0.255634 1.263868 0.292869 1.401790 1.246105 0.009903 -0.000000
 0.256509 1.263868 0.292869 1.401790 1.246105 0.009903 0.000000
 0.257383 1.263868 0.292869 1.401790 1.246105 0.009903 0.000000
 0.258258 1.263868 0.292869 1.401790 1.246105 0.009903 0.000000
 0.259132 1.263868 0.292869 1.401790 1.246105 0.009903 -0.000000
 0.260007 1.263868 0.292869 1.401790 1.246105 0.009903 0.000000
 0.260881 1.263868 0.292869 1.401790 1.246105 0.009903 -0.000000
 0.261755 1.263868 0.292869 1.401790 1.246105 0.009903 0.000000
 0.262630 1.263868 0.292869 1.401790 1.246105 0.009903 0.000000
 0.263504 1.263868 0.292869 1.401790 1.246105 0.009903 0.000000
 0.264379 1.263868 0.292869 1.401790 1.246105 0.009903 0.000000
 0.265253 1.263868 0.292869 1.401790 1.246105 0.009903 0.000000
 0.266127 1.263868 0.292869 1.401790 1.246105 0.009903 0.000000
 0.267002 1.263868 0.292869 1.401790 1.246105 0.009903 0.000000
 0.267876 1.263868 0.292869 1.401790 1.246105 0.009903 0.000000
 0.268750 1.263868 0.292869 1.401790 1.246105 0.009903 0.000000
 0.269625 1.263868 0.292869 1.401790 1.246105 0.009903 -0.000000
 0.270499 1.263868 0.292869 1.401790 1.246105 0.009903 0.000000
 0.271373 1.263868 0.292869 1.401790 1.246105 0.009903 0.000000
 0.272248 1.263868 0.292869 1.401790 1.246105 0.009903 0.000000
 0.273122 1.263868 0.292869 1.401791 1.246105 0.009903 0.000000
 0.273996 1.263868 0.292869 1.401791 1.246105 0.009903 0.000000
 0.274871 1.263868 0.292869 1.401791 1.246105 0.009903 0.000000
 0.275745 1.263868 0.292869 1.401791 1.246105 0.009903 0.000000
 0.276619 1.263868 0.292869 1.401791 1.246105 0.009903 0.000000
 0.277493 1.263868 0.292869 1.401791 1.246105 0.009903 -0.000000
 0.278368 1.263868 0.292869 1.401791 1.246105 0.009903 0.000000
 0.279242 1.263868 0.292869 1.401791 1.246105 0.009903 0.000000
 0.280116 1.263868 0.292869 1.401791 1.246105 0.009903 0.000000
 0.280990 1.263868 0.292870 1.401791 1.246105 0.009903 -0.000000
 0.281865 1.263868 0.292870 1.401791 1.246105 0.009903 0.000000
 0.282739 1.263868 0.292870 1.401791 1.246105 0.009903 0.000000
 0.283613 1.263868 0.292870 1.401791 1.246105 0.009903 -0.000000
 0.284487 1.263868 0.292870 1.401791 1.246105 0.009903 0.000000
 0.285361 1.263868 0.292870 1.401791 1.246105 0.009903 0.000000
 0.286236 1.263868 0.292870 1.401791 1.246105 0.009903 0.000000
 0.287110 1.263868 0.292870 1.401791 1.246105 0.009903 0.000000
 0.287984 1.263868 0.292870 1.401791 1.246105 0.009903 0.000000
 0.288858 1.263868 0.292870 1.401791 1.246105 0.009903 0.000000
 0.289732 1.263868 0.292870 1.401791 1.246105 0.009903 0.000000
 0.290607 1.263868 0.292870 1.401791 1.246105 0.009903 0.000000
 0.291481 1.263868 0.292870 1.401791 1.246105 0.009903 0.000000
 0.292355 1.263868 0.292870 1.401791 1.246105 0.009903 0.000000
 0.293229 1.263868 0.292870 1.401791 1.246105 0.009903 0.000000
 0.294103 1.263868 0.292870 1.401791 1.246105 0.009903 0.000000
 0.294977 1.263868 0.292870 1.401791 1.246105 0.009903 0.000000
 0.295852 1.263868 0.292870 1.401791 1.246105 0.009903 0.000000
 0.296726 1.263868 0.292870 1.401791 1.246105 0.009903 0.000000
 0.297600 1.263868 0.292870 1.401791 1.246105 0.009903 0.000000
 0.298474 1.263868 0.292870 1.401791 1.246105 0.009903 0.000000
 0.299348 1.263868 0.292870 1.401791 1.246105 0.009903 0.000000
 0.300222 1.263868 0.292870 1.401791 1.246105 0.009903 0.000000
 0.301096 1.263868 0.292870 1.401791 1.246105 0.009903 0.000000
 0.301971 1.263868 0.292870 1.401791 1.246105 0.009903 0.000000
 0.302845 1.263868 0.292870 1.401791 1.246105 0.009903 0.000000
 0.303719 1.263868 0.292870 1.401791 1.246105 0.009903 0.000000
 0.304593 1.263868 0.292870 1.401791 1.246105 0.009903 0.000000
 0.305467 1.263868 0.292870 1.401791 1.246105 0.009903 0.000000
 0.306341 1.263868 0.292870 1.401791 1.246105 0.009903 0.000000
 0.307215 1.263868 0.292870 1.401791 1.246105 0.009903 0.000000
 0.308089 1.263868 0.292870 1.401791 1.246105 0.009903 0.000000
 0.308963 1.263868 0.292870 1.401791 1.246105 0.009903 0.000000
 0.309838 1.263868 0.292870 1.401791 1.246105 0.009903 0.000000
 0.310712 1.263868 0.292870 1.401791 1.246105 0.009903 0.000000
 0.311586 1.263868 0.292870 1.401791 1.246105 0.009903 0.000000
 0.312460 1.263868 0.292870 1.401791 1.246105 0.009903 0.000000
 0.313334 1.263868 0.292870 1.401791 1.246105 0.009903 0.000000
 0.314208 1.263868 0.292870 1.401791 1.246105 0.009903 0.000000
 0.315082 1.263868 0.292870 1.401791 1.246105 0.009903 0.000000
 0.315956 1.263868 0.292870 1.401791 1.246105 0.009903 0.000000
 0.316830 1.263868 0.292870 1.401791 1.246105 0.009903 0.000000
 0.317704 1.263868 0.292870 1.401791 1.246105 0.009903 0.000000
 0.318578 1.263869 0.292870 1.401791 1.246105 0.009902 0.000000
 0.319452 1.263869 0.292870 1.401791 1.246105 0.009902 0.000000
 0.320326 1.263869 0.292870 1.401791 1.246105 0.009902 0.000000
 0.321201 1.263869 0.292870 1.401791 1.246105 0.009902 0.000000
 0.322075 1.263870 0.292870 1.401791 1.246105 0.009901 0.000000
 0.322949 1.263871 0.292870 1.401791 1.246104 0.009900 0.000000
 0.323823 1.263871 0.292870 1.401791 1.246104 0.009899 0.000000
 0.324697 1.263872 0.292870 1.401791 1.246103 0.009898 0.000000
 0.325571 1.263874 0.292870 1.401791 1.246103 0.009897 0.000000
 0.326445 1.263876 0.292870 1.401791 1.246102 0.009895 0.000000
 0.327319 1.263878 0.292870 1.401791 1.246101 0.009892 0.000000
 0.328193 1.263881 0.292870 1.401791 1.246099 0.009889 0.000000
 0.329067 1.263885 0.292870 1.401791 1.246097 0.009885 0.000000
 0.329941 1.263890 0.292870 1.401791 1.246095 0.009879 0.000000
 0.330815 1.263895 0.292870 1.401791 1.246092 0.009873 0.000001
 0.331689 1.263903 0.292870 1.401791 1.246088 0.009865 0.000001
 0.332563 1.263912 0.292870 1.401791 1.246084 0.009855 0.000001
 0.333437 1.263923 0.292870 1.401791 1.246079 0.009843 0.000001
 0.334311 1.263936 0.292870 1.401791 1.246072 0.009828 0.000001
 0.335185 1.263952 0.292870 1.401791 1.246064 0.009810 0.000001
 0.336059 1.263971 0.292870 1.401791 1.246055 0.009789 0.000002
 0.336933 1.263993 0.292870 1.401791 1.246044 0.009764 0.000002
 0.337807 1.264020 0.292870 1.401791 1.246031 0.009735 0.000002
 0.338681 1.264051 0.292870 1.401791 1.246015 0.009701 0.000003
 0.339555 1.264087 0.292870 1.401791 1.245998 0.009661 0.000003
 0.340429 1.264129 0.292870 1.401791 1.245977 0.009614 0.000004
 0.341303 1.264177 0.292870 1.401791 1.245953 0.009561 0.000004
 0.342177 1.264232 0.292870 1.401791 1.245926 0.009501 0.000005
 0.343051 1.264294 0.292870 1.401791 1.245896 0.009432 0.000005
 0.343925 1.264363 0.292870 1.401791 1.245861 0.009355 0.000006
 0.344799 1.264441 0.292870 1.401791 1.245823 0.009268 0.000007
 0.345673 1.264528 0.292870 1.401791 1.245780 0.009172 0.000007
 0.346547 1.264624 0.292870 1.401791 1.245733 0.009067 0.000008
 0.347421 1.264729 0.292870 1.401791 1.245682 0.008950 0.000009
 0.348296 1.264843 0.292870 1.401791 1.245625 0.008824 0.000010
 0.349170 1.264967 0.292870 1.401791 1.245564 0.008686 0.000011
 0.350044 1.265101 0.292870 1.401791 1.245498 0.008539 0.000011
 0.350918 1.265244 0.292870 1.401791 1.245428 0.008380 0.000012
 0.351792 1.265396 0.292870 1.401791 1.245353 0.008212 0.000013
 0.352666 1.265557 0.292870 1.401791 1.245274 0.008034 0.000014
 0.353540 1.265726 0.292870 1.401791 1.245191 0.007847 0.000014
 0.354414 1.265903 0.292870 1.401791 1.245104 0.007651 0.000015
 0.355288 1.266087 0.292870 1.401791 1.245013 0.007448 0.000016
 0.356162 1.266277 0.292870 1.401791 1.244920 0.007237 0.000016
 0.357036 1.266472 0.292870 1.401791 1.244824 0.007022 0.000016
 0.357910 1.266672 0.292870 1.401791 1.244726 0.006801 0.000017
 0.358783 1.266874 0.292870 1.401791 1.244626 0.006577 0.000017
 0.359657 1.267079 0.292870 1.401791 1.244526 0.006351 0.000017
 0.360531 1.267285 0.292870 1.401791 1.244425 0.006124 0.000017
 0.361405 1.267490 0.292870 1.401791 1.244324 0.005897 0.000017
 0.362279 1.267694 0.292870 1.401791 1.244224 0.005671 0.000017
 0.363153 1.267896 0.292870 1.401791 1.244125 0.005448 0.000017
 0.364027 1.268095 0.292870 1.401791 1.244027 0.005229 0.000017
 0.364901 1.268289 0.292870 1.401791 1.243932 0.005014 0.000016
 0.365775 1.268479 0.292870 1.401792 1.243839 0.004805 0.000016
 0.366649 1.268662 0.292870 1.401792 1.243749 0.004603 0.000015
 0.367523 1.268839 0.292870 1.401792 1.243662 0.004408 0.000015
 0.368397 1.269009 0.292870 1.401792 1.243579 0.004221 0.000014
 0.369271 1.269171 0.292870 1.401792 1.243500 0.004042 0.000014
 0.370145 1.269325 0.292870 1.401792 1.243424 0.003872 0.000013
 0.371019 1.269471 0.292870 1.401792 1.243353 0.003711 0.000012
 0.371893 1.269608 0.292870 1.401792 1.243285 0.003559 0.000011
 0.372767 1.269738 0.292870 1.401792 1.243222 0.003417 0.000011
 0.373641 1.269858 0.292870 1.401792 1.243163 0.003284 0.000010
 0.374515 1.269971 0.292870 1.401792 1.243108 0.003159 0.000009
 0.375389 1.270076 0.292870 1.401792 1.243057 0.003044 0.000009
 0.376263 1.270172 0.292870 1.401792 1.243009 0.002937 0.000008
 0.377137 1.270262 0.292870 1.401792 1.242966 0.002839 0.000007
 0.378011 1.270344 0.292870 1.401792 1.242926 0.002749 0.000007
 0.378885 1.270419 0.292870 1.401792 1.242889 0.002666 0.000006
 0.379759 1.270488 0.292870 1.401792 1.242855 0.002589 0.000006
 0.380633 1.270551 0.292870 1.401792 1.242824 0.002520 0.000005
 0.381507 1.270609 0.292870 1.401792 1.242796 0.002457 0.000005
 0.382381 1.270661 0.292870 1.401792 1.242770 0.002399 0.000004
 0.383255 1.270709 0.292870 1.401792 1.242747 0.002347 0.000004
 0.384129 1.270752 0.292870 1.401792 1.242726 0.002299 0.000004
 0.385003 1.270791 0.292870 1.401792 1.242707 0.002255 0.000003
 0.385877 1.270827 0.292870 1.401792 1.242689 0.002216 0.000003
 0.386751 1.270860 0.292870 1.401792 1.242673 0.002180 0.000003
 0.387625 1.270889 0.292870 1.401792 1.242659 0.002147 0.000002
 0.388499 1.270916 0.292870 1.401792 1.242646 0.002118 0.000002
 0.389373 1.270941 0.292870 1.401792 1.242634 0.002091 0.000002
 0.390247 1.270964 0.292870 1.401792 1.242622 0.002066 0.000002
 0.391121 1.270984 0.292870 1.401792 1.242612 0.002043 0.000002
 0.391995 1.271003 0.292870 1.401792 1.242603 0.002022 0.000002
 0.392869 1.271021 0.292870 1.401792 1.242595 0.002003 0.000001
 0.393742 1.271037 0.292870 1.401792 1.242587 0.001985 0.000001
 0.394616 1.271052 0.292870 1.401792 1.242579 0.001968 0.000001
 0.395490 1.271066 0.292870 1.401792 1.242573 0.001953 0.000001
 0.396364 1.271079 0.292870 1.401792 1.242566 0.001939 0.000001
 0.397238 1.271091 0.292870 1.401792 1.242560 0.001925 0.000001
 0.398112 1.271102 0.292870 1.401792 1.242555 0.001913 0.000001
 0.398986 1.271113 0.292870 1.401792 1.242549 0.001901 0.000001
 0.399860 1.271123 0.292870 1.401792 1.242545 0.001890 0.000001
 0.400734 1.271133 0.292870 1.401792 1.242540 0.001880 0.000001
 0.401608 1.271142 0.292870 1.401792 1.242536 0.001870 0.000001
 0.402482 1.271150 0.292870 1.401792 1.242531 0.001860 0.000001
 0.403356 1.271158 0.292870 1.401792 1.242527 0.001851 0.000001
 0.404230 1.271166 0.292870 1.401792 1.242524 0.001843 0.000001
 0.405104 1.271173 0.292870 1.401792 1.242520 0.001835 0.000001
 0.405978 1.271180 0.292870 1.401792 1.242517 0.001827 0.000001
 0.406852 1.271187 0.292870 1.401792 1.242513 0.001820 0.000001
 0.407726 1.271194 0.292870 1.401792 1.242510 0.001813 0.000001
 0.408600 1.271200 0.292870 1.401792 1.242507 0.001806 0.000001
 0.409474 1.271206 0.292870 1.401792 1.242504 0.001799 0.000000
 0.410348 1.271211 0.292870 1.401792 1.242501 0.001793 0.000000
 0.411222 1.271217 0.292870 1.401792 1.242499 0.001787 0.000000
 0.412096 1.271222 0.292870 1.401792 1.242496 0.001781 0.000000
 0.412969 1.271227 0.292870 1.401792 1.242494 0.001776 0.000000
 0.413843 1.271232 0.292870 1.401792 1.242491 0.001770 0.000000
 0.414717 1.271237 0.292870 1.401792 1.242489 0.001765 0.000000
 0.415591 1.271242 0.292870 1.401792 1.242487 0.001760 0.000000
 0.416465 1.271246 0.292870 1.401792 1.242485 0.001755 0.000000
 0.417339 1.271250 0.292870 1.401792 1.242483 0.001750 0.000000
 0.418213 1.271254 0.292870 1.401792 1.242481 0.001746 0.000000
 0.419087 1.271258 0.292870 1.401792 1.242479 0.001741 0.000000
 0.419961 1.271262 0.292870 1.401792 1.242477 0.001737 0.000000
 0.420835 1.271266 0.292870 1.401792 1.242475 0.001733 0.000000
 0.421709 1.271270 0.292870 1.401792 1.242473 0.001729 0.000000
 0.422583 1.271273 0.292870 1.401792 1.242471 0.001725 0.000000
 0.423457 1.271277 0.292870 1.401792 1.242470 0.001721 0.000000
 0.424331 1.271280 0.292870 1.401792 1.242468 0.001718 0.000000
 0.425205 1.271283 0.292870 1.401792 1.242467 0.001714 0.000000
 0.426079 1.271286 0.292870 1.401792 1.242465 0.001711 0.000000
 0.426953 1.271289 0.292870 1.401792 1.242464 0.001708 0.000000
 0.427827 1.271292 0.292870 1.401792 1.242462 0.001704 0.000000
 0.428701 1.271295 0.292870 1.401792 1.242461 0.001701 0.000000
 0.429574 1.271298 0.292870 1.401792 1.242459 0.001698 0.000000
 0.430448 1.271300 0.292870 1.401792 1.242458 0.001695 0.000000
 0.431322 1.271303 0.292870 1.401792 1.242457 0.001692 0.000000
 0.432196 1.271306 0.292870 1.401792 1.242456 0.001690 0.000000
 0.433070 1.271308 0.292870 1.401792 1.242454 0.001687 0.000000
 0.433944 1.271311 0.292870 1.401793 1.242453 0.001684 0.000000
 0.434818 1.271313 0.292870 1.401793 1.242452 0.001682 0.000000
 0.435692 1.271315 0.292870 1.401793 1.242451 0.001679 0.000000
 0.436566 1.271317 0.292870 1.401793 1.242450 0.001677 0.000000
 0.437440 1.271319 0.292870 1.401793 1.242449 0.001674 0.000000
 0.438314 1.271322 0.292870 1.401793 1.242448 0.001672 0.000000
 0.439188 1.271324 0.292870 1.401793 1.242447 0.001670 0.000000
 0.440062 1.271326 0.292870 1.401793 1.242446 0.001668 0.000000
 0.440936 1.271328 0.292870 1.401793 1.242445 0.001666 0.000000
 0.441810 1.271329 0.292870 1.401793 1.242444 0.001663 0.000000
 0.442684 1.271331 0.292870 1.401793 1.242443 0.001661 0.000000
 0.443558 1.271333 0.292870 1.401793 1.242442 0.001659 0.000000
 0.444431 1.271335 0.292870 1.401793 1.242441 0.001658 0.000000
 0.445305 1.271337 0.292870 1.401793 1.242441 0.001656 0.000000
 0.446179 1.271338 0.292870 1.401793 1.242440 0.001654 0.000000
 0.447053 1.271340 0.292870 1.401793 1.242439 0.001652 0.000000
 0.447927 1.271341 0.292870 1.401793 1.242438 0.001650 0.000000
 0.448801 1.271343 0.292870 1.401793 1.242438 0.001649 0.000000
 0.449675 1.271344 0.292870 1.401793 1.242437 0.001647 0.000000
 0.450549 1.271346 0.292871 1.401793 1.242436 0.001645 0.000000
 0.451423 1.271347 0.292871 1.401793 1.242435 0.001644 0.000000
 0.452297 1.271349 0.292871 1.401793 1.242435 0.001642 0.000000
 0.453171 1.271350 0.292871 1.401793 1.242434 0.001641 0.000000
 0.454045 1.271351 0.292871 1.401793 1.242433 0.001639 0.000000
 0.454919 1.271353 0.292871 1.401793 1.242433 0.001638 0.000000
 0.455793 1.271354 0.292871 1.401793 1.242432 0.001637 0.000000
 0.456667 1.271355 0.292871 1.401793 1.242432 0.001635 0.000000
 0.457540 1.271357 0.292871 1.401793 1.242431 0.001634 0.000000
 0.458414 1.271358 0.292871 1.401793 1.242430 0.001633 0.000000
 0.459288 1.271359 0.292871 1.401793 1.242430 0.001631 0.000000
 0.460162 1.271360 0.292871 1.401793 1.242429 0.001630 0.000000
 0.461036 1.271361 0.292871 1.401793 1.242429 0.001629 0.000000
 0.461910 1.271362 0.292871 1.401793 1.242428 0.001628 0.000000
 0.462784 1.271363 0.292871 1.401793 1.242428 0.001627 0.000000
 0.463658 1.271364 0.292871 1.401793 1.242427 0.001625 0.000000
 0.464532 1.271365 0.292871 1.401793 1.242427 0.001624 0.000000
 0.465406 1.271366 0.292871 1.401793 1.242426 0.001623 0.000000
 0.466280 1.271367 0.292871 1.401793 1.242426 0.001622 0.000000
 0.467154 1.271368 0.292871 1.401793 1.242425 0.001621 0.000000
 0.468028 1.271369 0.292871 1.401793 1.242425 0.001620 0.000000
 0.468902 1.271370 0.292871 1.401793 1.242424 0.001619 0.000000
 0.469776 1.271371 0.292871 1.401793 1.242424 0.001618 0.000000
 0.470649 1.271372 0.292871 1.401793 1.242424 0.001617 0.000000
 0.471523 1.271373 0.292871 1.401793 1.242423 0.001616 0.000000
 0.472397 1.271373 0.292871 1.401793 1.242423 0.001615 0.000000
 0.473271 1.271374 0.292871 1.401793 1.242422 0.001615 0.000000
 0.474145 1.271375 0.292871 1.401793 1.242422 0.001614 0.000000
 0.475019 1.271376 0.292871 1.401793 1.242422 0.001613 0.000000
 0.475893 1.271377 0.292871 1.401793 1.242421 0.001612 0.000000
 0.476767 1.271377 0.292871 1.401793 1.242421 0.001611 0.000000
 0.477641 1.271378 0.292871 1.401793 1.242421 0.001610 0.000000
 0.478515 1.271379 0.292871 1.401793 1.242420 0.001610 0.000000
 0.479389 1.271380 0.292871 1.401793 1.242420 0.001609 0.000000
 0.480263 1.271380 0.292871 1.401793 1.242420 0.001608 0.000000
 0.481137 1.271381 0.292871 1.401793 1.242419 0.001607 0.000000
 0.482011 1.271382 0.292871 1.401793 1.242419 0.001607 0.000000
 0.482885 1.271382 0.292871 1.401793 1.242419 0.001606 0.000000
 0.483758 1.271383 0.292871 1.401794 1.242418 0.001605 0.000000
 0.484632 1.271383 0.292871 1.401794 1.242418 0.001605 0.000000
 0.485506 1.271384 0.292871 1.401794 1.242418 0.001604 0.000000
 0.486380 1.271385 0.292871 1.401794 1.242418 0.001603 0.000000
 0.487254 1.271385 0.292871 1.401794 1.242417 0.001603 0.000000
 0.488128 1.271386 0.292871 1.401794 1.242417 0.001602 0.000000
 0.489002 1.271386 0.292871 1.401794 1.242417 0.001602 0.000000
 0.489876 1.271387 0.292871 1.401794 1.242416 0.001601 0.000000
 0.490750 1.271387 0.292871 1.401794 1.242416 0.001600 0.000000
 0.491624 1.271388 0.292871 1.401794 1.242416 0.001600 0.000000
 0.492498 1.271388 0.292871 1.401794 1.242416 0.001599 0.000000
 0.493372 1.271389 0.292871 1.401794 1.242415 0.001599 0.000000
 0.494246 1.271389 0.292871 1.401794 1.242415 0.001598 0.000000
 0.495119 1.271390 0.292871 1.401794 1.242415 0.001598 0.000000
 0.495993 1.271390 0.292871 1.401794 1.242415 0.001597 0.000000
 0.496867 1.271391 0.292871 1.401794 1.242415 0.001597 0.000000
 0.497741 1.271391 0.292871 1.401794 1.242414 0.001596 0.000000
 0.498615 1.271392 0.292871 1.401794 1.242414 0.001596 0.000000
 0.499489 1.271392 0.292871 1.401794 1.242414 0.001595 0.000000
 0.500363 1.271393 0.292871 1.401794 1.242414 0.001595 0.000000
 0.501237 1.271393 0.292871 1.401794 1.242414 0.001594 0.000000
 0.502111 1.271394 0.292871 1.401794 1.242413 0.001594 0.000000
 0.502985 1.271394 0.292871 1.401794 1.242413 0.001593 0.000000
 0.503859 1.271394 0.292871 1.401794 1.242413 0.001593 0.000000
 0.504733 1.271395 0.292871 1.401794 1.242413 0.001593 0.000000
 0.505607 1.271395 0.292871 1.401794 1.242413 0.001592 0.000000
 0.506481 1.271395 0.292871 1.401794 1.242412 0.001592 0.000000
 0.507354 1.271396 0.292871 1.401794 1.242412 0.001591 0.000000
 0.508228 1.271396 0.292871 1.401794 1.242412 0.001591 0.000000
 0.509102 1.271397 0.292871 1.401794 1.242412 0.001591 0.000000
 0.509976 1.271397 0.292871 1.401794 1.242412 0.001590 0.000000
 0.510850 1.271397 0.292871 1.401794 1.242412 0.001590 0.000000
 0.511724 1.271398 0.292871 1.401794 1.242411 0.001590 0.000000
 0.512598 1.271398 0.292871 1.401794 1.242411 0.001589 0.000000
 0.513472 1.271398 0.292871 1.401794 1.242411 0.001589 0.000000
 0.514346 1.271399 0.292871 1.401794 1.242411 0.001589 0.000000
 0.515220 1.271399 0.292871 1.401794 1.242411 0.001588 0.000000
 0.516094 1.271399 0.292871 1.401794 1.242411 0.001588 0.000000
 0.516968 1.271399 0.292871 1.401794 1.242411 0.001588 0.000000
 0.517842 1.271400 0.292871 1.401794 1.242410 0.001587 0.000000
 0.518716 1.271400 0.292871 1.401794 1.242410 0.001587 0.000000
 0.519589 1.271400 0.292871 1.401794 1.242410 0.001587 0.000000
 0.520463 1.271401 0.292871 1.401794 1.242410 0.001586 0.000000
 0.521337 1.271401 0.292871 1.401794 1.242410 0.001586 0.000000
 0.522211 1.271401 0.292872 1.401795 1.242410 0.001586 0.000000
 0.523085 1.271401 0.292872 1.401795 1.242410 0.001586 0.000000
 0.523959 1.271402 0.292872 1.401795 1.242410 0.001585 0.000000
 0.524833 1.271402 0.292872 1.401795 1.242410 0.001585 0.000000
 0.525707 1.271402 0.292872 1.401795 1.242409 0.001585 0.000000
 0.526581 1.271402 0.292872 1.401795 1.242409 0.001584 0.000000
 0.527455 1.271403 0.292872 1.401795 1.242409 0.001584 0.000000
 0.528329 1.271403 0.292872 1.401795 1.242409 0.001584 0.000000
 0.529203 1.271403 0.292872 1.401795 1.242409 0.001584 0.000000
 0.530077 1.271403 0.292872 1.401795 1.242409 0.001583 0.000000
 0.530950 1.271404 0.292872 1.401795 1.242409 0.001583 0.000000
 0.531824 1.271404 0.292872 1.401795 1.242409 0.001583 0.000000
 0.532698 1.271404 0.292872 1.401795 1.242409 0.001583 0.000000
 0.533572 1.271404 0.292872 1.401795 1.242408 0.001583 0.000000
 0.534446 1.271405 0.292872 1.401795 1.242408 0.001582 0.000000
 0.535320 1.271405 0.292872 1.401795 1.242408 0.001582 0.000000
 0.536194 1.271405 0.292872 1.401795 1.242408 0.001582 0.000000
 0.537068 1.271405 0.292872 1.401795 1.242408 0.001582 0.000000
 0.537942 1.271405 0.292872 1.401795 1.242408 0.001582 0.000000
 0.538816 1.271406 0.292872 1.401795 1.242408 0.001581 0.000000
 0.539690 1.271406 0.292872 1.401795 1.242408 0.001581 0.000000
 0.540564 1.271406 0.292872 1.401795 1.242408 0.001581 0.000000
 0.541438 1.271406 0.292872 1.401795 1.242408 0.001581 0.000000
 0.542311 1.271406 0.292872 1.401795 1.242408 0.001581 0.000000
 0.543185 1.271406 0.292872 1.401795 1.242408 0.001580 0.000000
 0.544059 1.271407 0.292872 1.401795 1.242407 0.001580 0.000000
 0.544933 1.271407 0.292872 1.401795 1.242407 0.001580 0.000000
 0.545807 1.271407 0.292872 1.401795 1.242407 0.001580 0.000000
 0.546681 1.271407 0.292872 1.401795 1.242407 0.001580 0.000000
 0.547555 1.271407 0.292872 1.401795 1.242407 0.001580 0.000000
 0.548429 1.271408 0.292872 1.401795 1.242407 0.001579 0.000000
 0.549303 1.271408 0.292872 1.401795 1.242407 0.001579 0.000000
 0.550177 1.271408 0.292872 1.401795 1.242407 0.001579 0.000000
 0.551051 1.271408 0.292872 1.401795 1.242407 0.001579 0.000000
 0.551925 1.271408 0.292872 1.401795 1.242407 0.001579 0.000000
 0.552799 1.271408 0.292872 1.401796 1.242407 0.001579 0.000000
 0.553672 1.271408 0.292872 1.401796 1.242407 0.001579 0.000000
 0.554546 1.271409 0.292872 1.401796 1.242407 0.001578 0.000000
 0.555420 1.271409 0.292872 1.401796 1.242407 0.001578 0.000000
 0.556294 1.271409 0.292872 1.401796 1.242407 0.001578 0.000000
 0.557168 1.271409 0.292872 1.401796 1.242407 0.001578 0.000000
 0.558042 1.271409 0.292872 1.401796 1.242406 0.001578 0.000000
 0.558916 1.271409 0.292872 1.401796 1.242406 0.001578 0.000000
 0.559790 1.271409 0.292872 1.401796 1.242406 0.001578 0.000000
 0.560664 1.271410 0.292872 1.401796 1.242406 0.001577 0.000000
 0.561538 1.271410 0.292872 1.401796 1.242406 0.001577 0.000000
 0.562412 1.271410 0.292872 1.401796 1.242406 0.001577 0.000000
 0.563286 1.271410 0.292872 1.401796 1.242406 0.001577 0.000000
 0.564159 1.271410 0.292872 1.401796 1.242406 0.001577 0.000000
 0.565033 1.271410 0.292872 1.401796 1.242406 0.001577 0.000000
 0.565907 1.271410 0.292872 1.401796 1.242406 0.001577 0.000000
 0.566781 1.271410 0.292872 1.401796 1.242406 0.001577 0.000000
 0.567655 1.271411 0.292872 1.401796 1.242406 0.001577 0.000000
 0.568529 1.271411 0.292872 1.401796 1.242406 0.001576 0.000000
 0.569403 1.271411 0.292873 1.401796 1.242406 0.001576 0.000000
 0.570277 1.271411 0.292873 1.401796 1.242406 0.001576 0.000000
 0.571151 1.271411 0.292873 1.401796 1.242406 0.001576 0.000000
 0.572025 1.271411 0.292873 1.401796 1.242406 0.001576 0.000000
 0.572899 1.271411 0.292873 1.401796 1.242406 0.001576 0.000000
 0.573773 1.271411 0.292873 1.401796 1.242406 0.001576 0.000000
 0.574647 1.271412 0.292873 1.401796 1.242406 0.001576 0.000000
 0.575520 1.271412 0.292873 1.401796 1.242406 0.001576 0.000000
 0.576394 1.271412 0.292873 1.401796 1.242406 0.001576 0.000000
 0.577268 1.271412 0.292873 1.401796 1.242406 0.001575 0.000000
 0.578142 1.271412 0.292873 1.401796 1.242405 0.001575 0.000000
 0.579016 1.271412 0.292873 1.401797 1.242405 0.001575 0.000000
 0.579890 1.271412 0.292873 1.401797 1.242405 0.001575 0.000000
 0.580764 1.271412 0.292873 1.401797 1.242405 0.001575 0.000000
 0.581638 1.271412 0.292873 1.401797 1.242405 0.001575 0.000000
 0.582512 1.271412 0.292873 1.401797 1.242405 0.001575 0.000000
 0.583386 1.271413 0.292873 1.401797 1.242405 0.001575 0.000000
 0.584260 1.271413 0.292873 1.401797 1.242405 0.001575 0.000000
 0.585134 1.271413 0.292873 1.401797 1.242405 0.001575 0.000000
 0.586008 1.271413 0.292873 1.401797 1.242405 0.001575 0.000000
 0.586881 1.271413 0.292873 1.401797 1.242405 0.001575 0.000000
 0.587755 1.271413 0.292873 1.401797 1.242405 0.001574 0.000000
 0.588629 1.271413 0.292873 1.401797 1.242405 0.001574 0.000000
 0.589503 1.271413 0.292873 1.401797 1.242405 0.001574 0.000000
 0.590377 1.271413 0.292873 1.401797 1.242405 0.001574 0.000000
 0.591251 1.271413 0.292873 1.401797 1.242405 0.001574 0.000000
 0.592125 1.271413 0.292873 1.401797 1.242405 0.001574 0.000000
 0.592999 1.271414 0.292873 1.401797 1.242405 0.001574 0.000000
 0.593873 1.271414 0.292873 1.401797 1.242405 0.001574 0.000000
 0.594747 1.271414 0.292873 1.401797 1.242405 0.001574 0.000000
 0.595621 1.271414 0.292873 1.401797 1.242405 0.001574 0.000000
 0.596495 1.271414 0.292873 1.401797 1.242405 0.001574 0.000000
 0.597368 1.271414 0.292873 1.401797 1.242405 0.001574 0.000000
 0.598242 1.271414 0.292873 1.401797 1.242405 0.001574 0.000000
 0.599116 1.271414 0.292873 1.401797 1.242405 0.001574 0.000000
 0.599990 1.271414 0.292873 1.401797 1.242405 0.001574 0.000000
 0.600864 1.271414 0.292873 1.401798 1.242405 0.001574 0.000000
 0.601738 1.271414 0.292873 1.401798 1.242405 0.001573 0.000000
 0.602612 1.271414 0.292873 1.401798 1.242405 0.001573 0.000000
 0.603486 1.271415 0.292873 1.401798 1.242405 0.001573 0.000000
 0.604360 1.271415 0.292873 1.401798 1.242405 0.001573 0.000000
 0.605234 1.271415 0.292874 1.401798 1.242405 0.001573 0.000000
 0.606108 1.271415 0.292874 1.401798 1.242405 0.001573 0.000000
 0.606982 1.271415 0.292874 1.401798 1.242405 0.001573 0.000000
 0.607855 1.271415 0.292874 1.401798 1.242405 0.001573 0.000000
 0.608729 1.271415 0.292874 1.401798 1.242405 0.001573 0.000000
 0.609603 1.271415 0.292874 1.401798 1.242405 0.001573 0.000000
 0.610477 1.271415 0.292874 1.401798 1.242405 0.001573 0.000000
 0.611351 1.271415 0.292874 1.401798 1.242405 0.001573 0.000000
 0.612225 1.271415 0.292874 1.401798 1.242405 0.001573 0.000000
 0.613099 1.271415 0.292874 1.401798 1.242405 0.001573 0.000000
 0.613973 1.271415 0.292874 1.401798 1.242405 0.001573 0.000000
 0.614847 1.271415 0.292874 1.401798 1.242405 0.001573 0.000000
 0.615721 1.271416 0.292874 1.401798 1.242405 0.001573 0.000000
 0.616595 1.271416 0.292874 1.401798 1.242405 0.001573 0.000000
 0.617469 1.271416 0.292874 1.401798 1.242405 0.001573 0.000000
 0.618343 1.271416 0.292874 1.401798 1.242404 0.001573 0.000000
 0.619216 1.271416 0.292874 1.401798 1.242404 0.001573 0.000000
 0.620090 1.271416 0.292874 1.401799 1.242404 0.001572 0.000000
 0.620964 1.271416 0.292874 1.401799 1.242404 0.001572 0.000000
 0.621838 1.271416 0.292874 1.401799 1.242404 0.001572 0.000000
 0.622712 1.271416 0.292874 1.401799 1.242404 0.001572 0.000000
 0.623586 1.271416 0.292874 1.401799 1.242404 0.001572 0.000000
 0.624460 1.271416 0.292874 1.401799 1.242404 0.001572 0.000000
 0.625334 1.271416 0.292874 1.401799 1.242404 0.001572 0.000000
 0.626208 1.271416 0.292874 1.401799 1.242404 0.001572 0.000000
 0.627082 1.271416 0.292874 1.401799 1.242404 0.001572 0.000000
 0.627956 1.271416 0.292874 1.401799 1.242404 0.001572 0.000000
 0.628830 1.271417 0.292874 1.401799 1.242404 0.001572 0.000000
 0.629703 1.271417 0.292874 1.401799 1.242404 0.001572 0.000000
 0.630577 1.271417 0.292874 1.401799 1.242404 0.001572 0.000000
 0.631451 1.271417 0.292874 1.401799 1.242404 0.001572 0.000000
 0.632325 1.271417 0.292874 1.401799 1.242404 0.001572 0.000000
 0.633199 1.271417 0.292874 1.401799 1.242404 0.001572 0.000000
 0.634073 1.271417 0.292875 1.401799 1.242404 0.001572 0.000000
 0.634947 1.271417 0.292875 1.401799 1.242404 0.001572 0.000000
 0.635821 1.271417 0.292875 1.401799 1.242404 0.001572 0.000000
 0.636695 1.271417 0.292875 1.401800 1.242404 0.001572 0.000000
 0.637569 1.271417 0.292875 1.401800 1.242404 0.001572 0.000000
 0.638443 1.271417 0.292875 1.401800 1.242404 0.001572 0.000000
 0.639317 1.271417 0.292875 1.401800 1.242404 0.001572 0.000000
 0.640190 1.271417 0.292875 1.401800 1.242404 0.001572 0.000000
 0.641064 1.271417 0.292875 1.401800 1.242404 0.001572 0.000000
 0.641938 1.271417 0.292875 1.401800 1.242404 0.001572 0.000000
 0.642812 1.271418 0.292875 1.401800 1.242404 0.001572 0.000000
 0.643686 1.271418 0.292875 1.401800 1.242404 0.001572 0.000000
 0.644560 1.271418 0.292875 1.401800 1.242404 0.001572 0.000000
 0.645434 1.271418 0.292875 1.401800 1.242404 0.001572 0.000000
 0.646308 1.271418 0.292875 1.401800 1.242404 0.001572 0.000000
 0.647182 1.271418 0.292875 1.401800 1.242404 0.001572 0.000000
 0.648056 1.271418 0.292875 1.401800 1.242404 0.001572 0.000000
 0.648930 1.271418 0.292875 1.401800 1.242404 0.001571 0.000000
 0.649804 1.271418 0.292875 1.401800 1.242404 0.001571 0.000000
 0.650677 1.271418 0.292875 1.401800 1.242404 0.001571 0.000000
 0.651551 1.271418 0.292875 1.401801 1.242404 0.001571 0.000000
 0.652425 1.271418 0.292875 1.401801 1.242404 0.001571 0.000000
 0.653299 1.271418 0.292875 1.401801 1.242404 0.001571 0.000000
 0.654173 1.271418 0.292875 1.401801 1.242404 0.001571 0.000000
 0.655047 1.271418 0.292875 1.401801 1.242404 0.001571 0.000000
 0.655921 1.271418 0.292875 1.401801 1.242404 0.001571 0.000000
 0.656795 1.271418 0.292875 1.401801 1.242404 0.001571 0.000000
 0.657669 1.271419 0.292876 1.401801 1.242404 0.001571 0.000000
 0.658543 1.271419 0.292876 1.401801 1.242404 0.001571 0.000000
 0.659417 1.271419 0.292876 1.401801 1.242404 0.001571 0.000000
 0.660291 1.271419 0.292876 1.401801 1.242404 0.001571 0.000000
 0.661164 1.271419 0.292876 1.401801 1.242404 0.001571 0.000000
 0.662038 1.271419 0.292876 1.401801 1.242404 0.001571 0.000000
 0.662912 1.271419 0.292876 1.401801 1.242404 0.001571 0.000000
 0.663786 1.271419 0.292876 1.401801 1.242404 0.001571 0.000000
 0.664660 1.271419 0.292876 1.401802 1.242404 0.001571 0.000000
 0.665534 1.271419 0.292876 1.401802 1.242404 0.001571 0.000000
 0.666408 1.271419 0.292876 1.401802 1.242404 0.001571 0.000000
 0.667282 1.271419 0.292876 1.401802 1.242404 0.001571 0.000000
 0.668156 1.271419 0.292876 1.401802 1.242404 0.001571 0.000000
 0.669030 1.271419 0.292876 1.401802 1.242404 0.001571 0.000000
 0.669904 1.271419 0.292876 1.401802 1.242404 0.001571 0.000000
 0.670778 1.271419 0.292876 1.401802 1.242404 0.001571 0.000000
 0.671651 1.271420 0.292876 1.401802 1.242404 0.001571 0.000000
 0.672525 1.271420 0.292876 1.401802 1.242404 0.001571 0.000000
 0.673399 1.271420 0.292876 1.401802 1.242404 0.001571 0.000000
 0.674273 1.271420 0.292876 1.401802 1.242404 0.001571 0.000000
 0.675147 1.271420 0.292876 1.401802 1.242404 0.001571 0.000000
 0.676021 1.271420 0.292876 1.401802 1.242404 0.001571 0.000000
 0.676895 1.271420 0.292876 1.401802 1.242404 0.001571 0.000000
 0.677769 1.271420 0.292877 1.401803 1.242404 0.001571 0.000000
 0.678643 1.271420 0.292877 1.401803 1.242404 0.001571 0.000000
 0.679517 1.271420 0.292877 1.401803 1.242404 0.001571 0.000000
 0.680391 1.271420 0.292877 1.401803 1.242404 0.001571 0.000000
 0.681265 1.271420 0.292877 1.401803 1.242404 0.001571 0.000000
 0.682138 1.271420 0.292877 1.401803 1.242404 0.001571 0.000000
 0.683012 1.271420 0.292877 1.401803 1.242404 0.001571 0.000000
 0.683886 1.271420 0.292877 1.401803 1.242404 0.001571 0.000000
 0.684760 1.271420 0.292877 1.401803 1.242404 0.001571 0.000000
 0.685634 1.271421 0.292877 1.401803 1.242404 0.001571 0.000000
 0.686508 1.271421 0.292877 1.401803 1.242404 0.001571 0.000000
 0.687382 1.271421 0.292877 1.401803 1.242404 0.001571 0.000000
 0.688256 1.271421 0.292877 1.401804 1.242404 0.001571 0.000000
 0.689130 1.271421 0.292877 1.401804 1.242404 0.001571 0.000000
 0.690004 1.271421 0.292877 1.401804 1.242404 0.001571 0.000000
 0.690878 1.271421 0.292877 1.401804 1.242404 0.001571 0.000000
 0.691752 1.271421 0.292877 1.401804 1.242404 0.001571 0.000000
 0.692625 1.271421 0.292877 1.401804 1.242404 0.001571 0.000000
 0.693499 1.271421 0.292877 1.401804 1.242404 0.001571 0.000000
 0.694373 1.271421 0.292877 1.401804 1.242404 0.001571 0.000000
 0.695247 1.271421 0.292878 1.401804 1.242404 0.001571 0.000000
 0.696121 1.271421 0.292878 1.401804 1.242404 0.001571 0.000000
 0.696995 1.271421 0.292878 1.401804 1.242404 0.001571 0.000000
 0.697869 1.271421 0.292878 1.401804 1.242404 0.001571 0.000000
 0.698743 1.271422 0.292878 1.401805 1.242404 0.001571 0.000000
 0.699617 1.271422 0.292878 1.401805 1.242404 0.001571 0.000000
 0.700491 1.271422 0.292878 1.401805 1.242404 0.001571 0.000000
 0.701365 1.271422 0.292878 1.401805 1.242404 0.001571 0.000000
 0.702238 1.271422 0.292878 1.401805 1.242404 0.001571 0.000000
 0.703112 1.271422 0.292878 1.401805 1.242404 0.001571 0.000000
 0.703986 1.271422 0.292878 1.401805 1.242404 0.001570 0.000000
 0.704860 1.271422 0.292878 1.401805 1.242404 0.001570 0.000000
 0.705734 1.271422 0.292878 1.401805 1.242404 0.001570 0.000000
 0.706608 1.271422 0.292878 1.401805 1.242404 0.001570 0.000000
 0.707482 1.271422 0.292878 1.401805 1.242404 0.001570 0.000000
 0.708356 1.271422 0.292878 1.401806 1.242404 0.001570 0.000000
 0.709230 1.271422 0.292878 1.401806 1.242404 0.001570 0.000000
 0.710104 1.271422 0.292879 1.401806 1.242404 0.001570 0.000000
 0.710978 1.271422 0.292879 1.401806 1.242404 0.001570 0.000000
 0.711852 1.271423 0.292879 1.401806 1.242404 0.001570 0.000000
 0.712725 1.271423 0.292879 1.401806 1.242404 0.001570 0.000000
 0.713599 1.271423 0.292879 1.401806 1.242404 0.001570 0.000000
 0.714473 1.271423 0.292879 1.401806 1.242405 0.001570 0.000000
 0.715347 1.271423 0.292879 1.401806 1.242405 0.001570 0.000000
 0.716221 1.271423 0.292879 1.401806 1.242405 0.001570 0.000000
 0.717095 1.271423 0.292879 1.401807 1.242405 0.001570 0.000000
 0.717969 1.271423 0.292879 1.401807 1.242405 0.001570 0.000000
 0.718843 1.271423 0.292879 1.401807 1.242405 0.001570 0.000000
 0.719717 1.271423 0.292879 1.401807 1.242405 0.001570 0.000000
 0.720591 1.271423 0.292879 1.401807 1.242405 0.001570 0.000000
 0.721465 1.271423 0.292879 1.401807 1.242405 0.001570 0.000000
 0.722338 1.271423 0.292879 1.401807 1.242405 0.001570 0.000000
 0.723212 1.271423 0.292879 1.401807 1.242405 0.001570 0.000000
 0.724086 1.271424 0.292880 1.401807 1.242405 0.001570 0.000000
 0.724960 1.271424 0.292880 1.401807 1.242405 0.001570 0.000000
 0.725834 1.271424 0.292880 1.401808 1.242405 0.001570 0.000000
 0.726708 1.271424 0.292880 1.401808 1.242405 0.001570 0.000000
 0.727582 1.271424 0.292880 1.401808 1.242405 0.001570 0.000000
 0.728456 1.271424 0.292880 1.401808 1.242405 0.001570 0.000000
 0.729330 1.271424 0.292880 1.401808 1.242405 0.001570 0.000000
 0.730204 1.271424 0.292880 1.401808 1.242405 0.001570 0.000000
 0.731078 1.271424 0.292880 1.401808 1.242405 0.001570 0.000000
 0.731952 1.271424 0.292880 1.401808 1.242405 0.001570 0.000000
 0.732825 1.271424 0.292880 1.401808 1.242405 0.001570 0.000000
 0.733699 1.271424 0.292880 1.401809 1.242405 0.001570 0.000000
 0.734573 1.271425 0.292880 1.401809 1.242405 0.001570 0.000000
 0.735447 1.271425 0.292880 1.401809 1.242405 0.001570 0.000000
 0.736321 1.271425 0.292881 1.401809 1.242405 0.001570 0.000000
 0.737195 1.271425 0.292881 1.401809 1.242405 0.001570 0.000000
 0.738069 1.271425 0.292881 1.401809 1.242405 0.001570 0.000000
 0.738943 1.271425 0.292881 1.401809 1.242405 0.001570 0.000000
 0.739817 1.271425 0.292881 1.401809 1.242405 0.001570 0.000000
 0.740691 1.271425 0.292881 1.401810 1.242405 0.001570 0.000000
 0.741565 1.271425 0.292881 1.401810 1.242405 0.001570 0.000000
 0.742438 1.271425 0.292881 1.401810 1.242405 0.001570 0.000000
 0.743312 1.271425 0.292881 1.401810 1.242405 0.001570 0.000000
 0.744186 1.271425 0.292881 1.401810 1.242405 0.001570 0.000000
 0.745060 1.271426 0.292881 1.401810 1.242405 0.001570 0.000000
 0.745934 1.271426 0.292881 1.401810 1.242405 0.001570 0.000000
 0.746808 1.271426 0.292881 1.401810 1.242405 0.001570 0.000000
 0.747682 1.271426 0.292882 1.401811 1.242405 0.001570 0.000000
 0.748556 1.271426 0.292882 1.401811 1.242405 0.001570 0.000000
 0.749430 1.271426 0.292882 1.401811 1.242405 0.001570 0.000000
 0.750304 1.271426 0.292882 1.401811 1.242405 0.001570 0.000000
 0.751178 1.271426 0.292882 1.401811 1.242405 0.001570 0.000000
 0.752051 1.271426 0.292882 1.401811 1.242405 0.001570 0.000000
 0.752925 1.271426 0.292882 1.401811 1.242405 0.001570 0.000000
 0.753799 1.271426 0.292882 1.401812 1.242405 0.001570 0.000000
 0.754673 1.271427 0.292882 1.401812 1.242405 0.001570 0.000000
 0.755547 1.271427 0.292882 1.401812 1.242405 0.001570 0.000000
 0.756421 1.271427 0.292882 1.401812 1.242405 0.001570 0.000000
 0.757295 1.271427 0.292883 1.401812 1.242405 0.001570 0.000000
 0.758169 1.271427 0.292883 1.401812 1.242405 0.001570 0.000000
 0.759043 1.271427 0.292883 1.401812 1.242405 0.001570 0.000000
 0.759917 1.271427 0.292883 1.401813 1.242405 0.001570 0.000000
 0.760791 1.271427 0.292883 1.401813 1.242405 0.001570 0.000000
 0.761665 1.271427 0.292883 1.401813 1.242405 0.001570 0.000000
 0.762538 1.271427 0.292883 1.401813 1.242405 0.001570 0.000000
 0.763412 1.271428 0.292883 1.401813 1.242405 0.001570 0.000000
 0.764286 1.271428 0.292883 1.401813 1.242405 0.001570 0.000000
 0.765160 1.271428 0.292883 1.401813 1.242405 0.001570 0.000000
 0.766034 1.271428 0.292883 1.401814 1.242405 0.001570 0.000000
 0.766908 1.271428 0.292884 1.401814 1.242405 0.001570 0.000000
 0.767782 1.271428 0.292884 1.401814 1.242405 0.001570 0.000000
 0.768656 1.271428 0.292884 1.401814 1.242405 0.001570 0.000000
 0.769530 1.271428 0.292884 1.401814 1.242405 0.001570 0.000000
 0.770404 1.271428 0.292884 1.401814 1.242405 0.001570 0.000000
 0.771278 1.271428 0.292884 1.401814 1.242405 0.001570 0.000000
 0.772151 1.271429 0.292884 1.401815 1.242405 0.001570 0.000000
 0.773025 1.271429 0.292884 1.401815 1.242405 0.001570 0.000000
 0.773899 1.271429 0.292884 1.401815 1.242405 0.001570 0.000000
 0.774773 1.271429 0.292884 1.401815 1.242405 0.001570 0.000000
 0.775647 1.271429 0.292885 1.401815 1.242405 0.001570 0.000000
 0.776521 1.271429 0.292885 1.401815 1.242405 0.001570 0.000000
 0.777395 1.271429 0.292885 1.401816 1.242406 0.001570 0.000000
 0.778269 1.271429 0.292885 1.401816 1.242406 0.001570 0.000000
 0.779143 1.271430 0.292885 1.401816 1.242406 0.001570 0.000000
 0.780017 1.271430 0.292885 1.401816 1.242406 0.001570 0.000000
 0.780891 1.271430 0.292885 1.401816 1.242406 0.001570 0.000000
 0.781764 1.271430 0.292885 1.401817 1.242406 0.001570 0.000000
 0.782638 1.271430 0.292885 1.401817 1.242406 0.001570 0.000000
 0.783512 1.271430 0.292886 1.401817 1.242406 0.001570 0.000000
 0.784386 1.271430 0.292886 1.401817 1.242406 0.001570 0.000000
 0.785260 1.271430 0.292886 1.401817 1.242406 0.001570 0.000000
 0.786134 1.271430 0.292886 1.401817 1.242406 0.001570 0.000000
 0.787008 1.271431 0.292886 1.401818 1.242406 0.001570 0.000000
 0.787882 1.271431 0.292886 1.401818 1.242406 0.001570 0.000000
 0.788756 1.271431 0.292886 1.401818 1.242406 0.001570 0.000000
 0.789630 1.271431 0.292886 1.401818 1.242406 0.001570 0.000000
 0.790503 1.271431 0.292886 1.401818 1.242406 0.001570 0.000000
 0.791377 1.271431 0.292887 1.401819 1.242406 0.001570 0.000000
 0.792251 1.271431 0.292887 1.401819 1.242406 0.001570 0.000000
 0.793125 1.271431 0.292887 1.401819 1.242406 0.001570 0.000000
 0.793999 1.271432 0.292887 1.401819 1.242406 0.001570 0.000000
 0.794873 1.271432 0.292887 1.401819 1.242406 0.001570 0.000000
 0.795747 1.271432 0.292887 1.401820 1.242406 0.001570 0.000000
 0.796621 1.271432 0.292887 1.401820 1.242406 0.001570 0.000000
 0.797495 1.271432 0.292887 1.401820 1.242406 0.001570 0.000000
 0.798369 1.271432 0.292888 1.401820 1.242406 0.001570 0.000000
 0.799243 1.271432 0.292888 1.401820 1.242406 0.001570 0.000000
 0.800116 1.271433 0.292888 1.401821 1.242406 0.001570 0.000000
 0.800990 1.271433 0.292888 1.401821 1.242406 0.001570 0.000000
 0.801864 1.271433 0.292888 1.401821 1.242406 0.001570 0.000000
 0.802738 1.271433 0.292888 1.401821 1.242406 0.001570 0.000000
 0.803612 1.271433 0.292888 1.401821 1.242406 0.001570 0.000000
 0.804486 1.271433 0.292889 1.401822 1.242406 0.001570 0.000000
 0.805360 1.271433 0.292889 1.401822 1.242406 0.001570 0.000000
 0.806234 1.271434 0.292889 1.401822 1.242406 0.001570 0.000000
 0.807108 1.271434 0.292889 1.401822 1.242406 0.001570 0.000000
 0.807982 1.271434 0.292889 1.401823 1.242406 0.001570 0.000000
 0.808856 1.271434 0.292889 1.401823 1.242406 0.001570 0.000000
 0.809729 1.271434 0.292889 1.401823 1.242406 0.001570 0.000000
 0.810603 1.271434 0.292890 1.401823 1.242406 0.001570 0.000000
 0.811477 1.271434 0.292890 1.401823 1.242406 0.001570 0.000000
 0.812351 1.271435 0.292890 1.401824 1.242406 0.001570 0.000000
 0.813225 1.271435 0.292890 1.401824 1.242406 0.001570 0.000000
 0.814099 1.271435 0.292890 1.401824 1.242407 0.001570 0.000000
 0.814973 1.271435 0.292890 1.401824 1.242407 0.001570 0.000000
 0.815847 1.271435 0.292890 1.401825 1.242407 0.001570 0.000000
 0.816721 1.271435 0.292891 1.401825 1.242407 0.001570 0.000000
 0.817595 1.271436 0.292891 1.401825 1.242407 0.001570 0.000000
 0.818468 1.271436 0.292891 1.401825 1.242407 0.001570 0.000000
 0.819342 1.271436 0.292891 1.401826 1.242407 0.001570 0.000000
 0.820216 1.271436 0.292891 1.401826 1.242407 0.001570 0.000000
 0.821090 1.271436 0.292891 1.401826 1.242407 0.001570 0.000000
 0.821964 1.271436 0.292892 1.401826 1.242407 0.001570 0.000000
 0.822838 1.271437 0.292892 1.401827 1.242407 0.001570 0.000000
 0.823712 1.271437 0.292892 1.401827 1.242407 0.001570 0.000000
 0.824586 1.271437 0.292892 1.401827 1.242407 0.001570 0.000000
 0.825460 1.271437 0.292892 1.401828 1.242407 0.001570 0.000000
 0.826334 1.271437 0.292892 1.401828 1.242407 0.001570 0.000000
 0.827208 1.271437 0.292893 1.401828 1.242407 0.001570 0.000000
 0.828081 1.271438 0.292893 1.401828 1.242407 0.001570 0.000000
 0.828955 1.271438 0.292893 1.401829 1.242407 0.001570 0.000000
 0.829829 1.271438 0.292893 1.401829 1.242407 0.001570 0.000000
 0.830703 1.271438 0.292893 1.401829 1.242407 0.001570 0.000000
 0.831577 1.271438 0.292893 1.401829 1.242407 0.001570 0.000000
 0.832451 1.271439 0.292894 1.401830 1.242407 0.001570 0.000000
 0.833325 1.271439 0.292894 1.401830 1.242407 0.001570 0.000000
 0.834199 1.271439 0.292894 1.401830 1.242407 0.001570 0.000000
 0.835073 1.271439 0.292894 1.401831 1.242407 0.001570 0.000000
 0.835947 1.271439 0.292894 1.401831 1.242407 0.001570 0.000000
 0.836820 1.271440 0.292895 1.401831 1.242407 0.001570 0.000000
 0.837694 1.271440 0.292895 1.401832 1.242407 0.001570 0.000000
 0.838568 1.271440 0.292895 1.401832 1.242407 0.001570 0.000000
 0.839442 1.271440 0.292895 1.401832 1.242407 0.001570 0.000000
 0.840316 1.271440 0.292895 1.401833 1.242408 0.001570 0.000000
 0.841190 1.271441 0.292896 1.401833 1.242408 0.001570 0.000000
 0.842064 1.271441 0.292896 1.401833 1.242408 0.001570 0.000000
 0.842938 1.271441 0.292896 1.401833 1.242408 0.001570 0.000000
 0.843812 1.271441 0.292896 1.401834 1.242408 0.001570 0.000000
 0.844686 1.271441 0.292896 1.401834 1.242408 0.001570 0.000000
 0.845559 1.271442 0.292897 1.401834 1.242408 0.001570 0.000000
 0.846433 1.271442 0.292897 1.401835 1.242408 0.001570 0.000000
 0.847307 1.271442 0.292897 1.401835 1.242408 0.001570 0.000000
 0.848181 1.271442 0.292897 1.401835 1.242408 0.001570 0.000000
 0.849055 1.271443 0.292898 1.401836 1.242408 0.001570 0.000000
 0.849929 1.271443 0.292898 1.401836 1.242408 0.001570 0.000000
 0.850803 1.271443 0.292898 1.401837 1.242408 0.001570 0.000000
 0.851677 1.271443 0.292898 1.401837 1.242408 0.001570 0.000000
 0.852551 1.271444 0.292898 1.401837 1.242408 0.001570 0.000000
 0.853425 1.271444 0.292899 1.401838 1.242408 0.001570 0.000000
 0.854298 1.271444 0.292899 1.401838 1.242408 0.001570 0.000000
 0.855172 1.271444 0.292899 1.401838 1.242408 0.001570 0.000000
 0.856046 1.271445 0.292899 1.401839 1.242408 0.001570 0.000000
 0.856920 1.271445 0.292900 1.401839 1.242408 0.001570 0.000000
 0.857794 1.271445 0.292900 1.401840 1.242408 0.001570 0.000000
 0.858668 1.271445 0.292900 1.401840 1.242408 0.001570 0.000000
 0.859542 1.271446 0.292900 1.401840 1.242408 0.001570 0.000000
 0.860416 1.271446 0.292901 1.401841 1.242409 0.001570 0.000000
 0.861290 1.271446 0.292901 1.401841 1.242409 0.001570 0.000000
 0.862163 1.271446 0.292901 1.401842 1.242409 0.001570 0.000000
 0.863037 1.271447 0.292901 1.401842 1.242409 0.001570 0.000000
 0.863911 1.271447 0.292902 1.401842 1.242409 0.001570 0.000000
 0.864785 1.271447 0.292902 1.401843 1.242409 0.001570 0.000000
 0.865659 1.271447 0.292902 1.401843 1.242409 0.001570 0.000000
 0.866533 1.271448 0.292902 1.401844 1.242409 0.001570 0.000000
 0.867407 1.271448 0.292903 1.401844 1.242409 0.001570 0.000000
 0.868281 1.271448 0.292903 1.401845 1.242409 0.001570 0.000000
 0.869155 1.271449 0.292903 1.401845 1.242409 0.001570 0.000000
 0.870029 1.271449 0.292904 1.401845 1.242409 0.001570 0.000000
 0.870902 1.271449 0.292904 1.401846 1.242409 0.001570 0.000000
 0.871776 1.271449 0.292904 1.401846 1.242409 0.001570 0.000000
 0.872650 1.271450 0.292904 1.401847 1.242409 0.001570 0.000000
 0.873524 1.271450 0.292905 1.401847 1.242409 0.001570 0.000000
 0.874398 1.271450 0.292905 1.401848 1.242409 0.001570 0.000000
 0.875272 1.271451 0.292905 1.401848 1.242409 0.001570 0.000000
 0.876146 1.271451 0.292906 1.401849 1.242410 0.001570 0.000000
 0.877020 1.271451 0.292906 1.401849 1.242410 0.001570 0.000000
 0.877894 1.271452 0.292906 1.401850 1.242410 0.001570 0.000000
 0.878767 1.271452 0.292907 1.401850 1.242410 0.001570 0.000000
 0.879641 1.271452 0.292907 1.401851 1.242410 0.001570 0.000000
 0.880515 1.271453 0.292907 1.401851 1.242410 0.001570 0.000000
 0.881389 1.271453 0.292908 1.401852 1.242410 0.001570 0.000000
 0.882263 1.271453 0.292908 1.401852 1.242410 0.001570 0.000000
 0.883137 1.271454 0.292908 1.401853 1.242410 0.001570 0.000000
 0.884011 1.271454 0.292909 1.401853 1.242410 0.001570 0.000000
 0.884885 1.271454 0.292909 1.401854 1.242410 0.001570 0.000000
 0.885759 1.271455 0.292909 1.401854 1.242410 0.001570 0.000000
 0.886633 1.271455 0.292910 1.401855 1.242410 0.001570 0.000000
 0.887506 1.271455 0.292910 1.401856 1.242410 0.001570 0.000000
 0.888380 1.271456 0.292910 1.401856 1.242410 0.001570 0.000000
 0.889254 1.271456 0.292911 1.401857 1.242411 0.001570 0.000000
 0.890128 1.271457 0.292911 1.401857 1.242411 0.001570 0.000000
 0.891002 1.271457 0.292911 1.401858 1.242411 0.001570 0.000000
 0.891876 1.271457 0.292912 1.401858 1.242411 0.001570 0.000000
 0.892750 1.271458 0.292912 1.401859 1.242411 0.001570 0.000000
 0.893624 1.271458 0.292913 1.401860 1.242411 0.001570 0.000000
 0.894498 1.271459 0.292913 1.401860 1.242411 0.001570 0.000000
 0.895371 1.271459 0.292913 1.401861 1.242411 0.001570 0.000000
 0.896245 1.271459 0.292914 1.401862 1.242411 0.001570 0.000000
 0.897119 1.271460 0.292914 1.401862 1.242411 0.001570 0.000000
 0.897993 1.271460 0.292915 1.401863 1.242411 0.001570 0.000000
 0.898867 1.271461 0.292915 1.401864 1.242411 0.001570 0.000000
 0.899741 1.271461 0.292915 1.401864 1.242411 0.001570 0.000000
 0.900615 1.271462 0.292916 1.401865 1.242412 0.001570 0.000000
 0.901489 1.271462 0.292916 1.401866 1.242412 0.001570 0.000000
 0.902362 1.271462 0.292917 1.401866 1.242412 0.001570 0.000000
 0.903236 1.271463 0.292917 1.401867 1.242412 0.001570 0.000000
 0.904110 1.271463 0.292917 1.401867 1.242412 0.001570 0.000000
 0.904984 1.271464 0.292918 1.401868 1.242412 0.001570 0.000000
 0.905858 1.271464 0.292918 1.401868 1.242412 0.001570 0.000000
 0.906732 1.271464 0.292918 1.401869 1.242412 0.001570 0.000000
 0.907606 1.271464 0.292919 1.401869 1.242412 0.001570 0.000000
 0.908480 1.271464 0.292919 1.401869 1.242412 0.001570 0.000000
 0.909354 1.271464 0.292918 1.401869 1.242412 0.001570 0.000000
 0.910227 1.271464 0.292918 1.401868 1.242412 0.001570 0.000000
 0.911101 1.271463 0.292917 1.401867 1.242412 0.001570 0.000000
 0.911975 1.271461 0.292916 1.401864 1.242411 0.001569 0.000000
 0.912849 1.271459 0.292913 1.401861 1.242411 0.001569 0.000000
 0.913723 1.271455 0.292910 1.401855 1.242410 0.001569 0.000000
 0.914597 1.271450 0.292904 1.401847 1.242409 0.001569 0.000000
 0.915471 1.271442 0.292896 1.401834 1.242408 0.001569 0.000000
 0.916345 1.271430 0.292885 1.401815 1.242405 0.001569 0.000000
 0.917219 1.271412 0.292867 1.401788 1.242402 0.001569 0.000000
 0.918093 1.271386 0.292842 1.401749 1.242397 0.001569 0.000000
 0.918966 1.271349 0.292806 1.401692 1.242390 0.001569 0.000000
 0.919840 1.271296 0.292754 1.401609 1.242379 0.001569 0.000000
 0.920714 1.271218 0.292678 1.401490 1.242364 0.001569 0.000000
 0.921589 1.271107 0.292569 1.401317 1.242342 0.001569 0.000000
 0.922463 1.270946 0.292412 1.401069 1.242311 0.001569 0.000000
 0.923337 1.270715 0.292186 1.400712 1.242265 0.001569 0.000000
 0.924211 1.270381 0.291860 1.400198 1.242200 0.001569 0.000000
 0.925086 1.269903 0.291392 1.399459 1.242107 0.001569 0.000000
 0.925961 1.269216 0.290719 1.398399 1.241972 0.001569 0.000000
 0.926837 1.268231 0.289755 1.396880 1.241779 0.001569 0.000000
 0.927714 1.266824 0.288376 1.394710 1.241503 0.001569 0.000000
 0.928591 1.264820 0.286409 1.391620 1.241110 0.001568 0.000001
 0.929470 1.261978 0.283616 1.387243 1.240550 0.001566 0.000001
 0.930352 1.257978 0.279672 1.381086 1.239761 0.001562 0.000002
 0.931237 1.252399 0.274153 1.372509 1.238655 0.001555 0.000004
 0.932126 1.244724 0.266522 1.360728 1.237124 0.001541 0.000008
 0.933022 1.234358 0.256145 1.344855 1.235040 0.001514 0.000014
 0.933926 1.220709 0.242357 1.324019 1.232268 0.001467 0.000024
 0.934841 1.203331 0.224601 1.297604 1.228691 0.001388 0.000038
 0.935771 1.182154 0.202656 1.265590 1.224260 0.001265 0.000056
 0.936719 1.157716 0.176914 1.228902 1.219050 0.001092 0.000073
 0.937687 1.131294 0.148579 1.189559 1.213303 0.000876 0.000083
 0.938679 1.104747 0.119586 1.150394 1.207413 0.000642 0.000081
 0.939693 1.080066 0.092162 1.114335 1.201840 0.000426 0.000067
 0.940730 1.058810 0.068177 1.083568 1.196970 0.000256 0.000047
 0.941787 1.041736 0.048664 1.059063 1.193015 0.000140 0.000029
 0.942859 1.028811 0.033743 1.040641 1.189999 0.000071 0.000016
 0.943943 1.019476 0.022885 1.027408 1.187810 0.000034 0.000008
 0.945035 1.012968 0.015273 1.018218 1.186278 0.000016 0.000004
 0.946134 1.008544 0.010078 1.011989 1.185235 0.000007 0.000002
 0.947237 1.005589 0.006600 1.007836 1.184537 0.000003 0.000001
 0.948343 1.003639 0.004300 1.005099 1.184077 0.000001 0.000000
 0.949451 1.002361 0.002791 1.003308 1.183775 0.000001 0.000000
 0.950560 1.001529 0.001808 1.002142 1.183578 0.000000 0.000000
 0.951669 1.000989 0.001170 1.001385 1.183450 0.000000 0.000000
 0.952779 1.000639 0.000756 1.000895 1.183367 0.000000 0.000000
 0.953890 1.000413 0.000488 1.000578 1.183314 0.000000 0.000000
 0.955001 1.000266 0.000315 1.000373 1.183279 0.000000 0.000000
 0.956112 1.000172 0.000203 1.000241 1.183257 0.000000 0.000000
 0.957223 1.000111 0.000131 1.000155 1.183242 0.000000 0.000000
 0.958334 1.000072 0.000085 1.000100 1.183233 0.000000 0.000000
 0.959445 1.000046 0.000055 1.000065 1.183227 0.000000 0.000000
 0.960556 1.000030 0.000035 1.000042 1.183223 0.000000 0.000000
 0.961667 1.000019 0.000023 1.000027 1.183221 0.000000 0.000000
 0.962778 1.000012 0.000015 1.000017 1.183219 0.000000 0.000000
 0.963889 1.000008 0.000009 1.000011 1.183218 0.000000 0.000000
 0.965000 1.000005 0.000006 1.000007 1.183217 0.000000 0.000000
 0.966111 1.000003 0.000004 1.000005 1.183217 0.000000 0.000000
 0.967222 1.000002 0.000003 1.000003 1.183216 0.000000 0.000000
 0.968333 1.000001 0.000002 1.000002 1.183216 0.000000 0.000000
 0.969444 1.000001 0.000001 1.000001 1.183216 0.000000 0.000000
 0.970556 1.000001 0.000001 1.000001 1.183216 0.000000 0.000000
 0.971667 1.000000 0.000000 1.000001 1.183216 0.000000 0.000000
 0.972778 1.000000 0.000000 1.000000 1.183216 0.000000 0.000000
 0.973889 1.000000 0.000000 1.000000 1.183216 0.000000 0.000000
 0.975000 1.000000 0.000000 1.000000 1.183216 0.000000 0.000000
 0.976111 1.000000 0.000000 1.000000 1.183216 -0.000000 0.000000
 0.977222 1.000000 0.000000 1.000000 1.183216 0.000000 0.000000
 0.978333 1.000000 0.000000 1.000000 1.183216 -0.000000 0.000000
 0.979444 1.000000 0.000000 1.000000 1.183216 -0.000000 0.000000
 0.980556 1.000000 0.000000 1.000000 1.183216 0.000000 0.000000
 0.981667 1.000000 0.000000 1.000000 1.183216 0.000000 0.000000
 0.982778 1.000000 0.000000 1.000000 1.183216 -0.000000 -0.000000
 0.983889 1.000000 0.000000 1.000000 1.183216 -0.000000 0.000000
 0.985000 1.000000 0.000000 1.000000 1.183216 -0.000000 0.000000
 0.986111 1.000000 0.000000 1.000000 1.183216 0.000000 0.000000
 0.987222 1.000000 0.000000 1.000000 1.183216 -0.000000 0.000000
 0.988333 1.000000 0.000000 1.000000 1.183216 0.000000 -0.000000
 0.989444 1.000000 0.000000 1.000000 1.183216 -0.000000 -0.000000
 0.990556 1.000000 0.000000 1.000000 1.183216 0.000000 0.000000
 0.991667 1.000000 0.000000 1.000000 1.183216 0.000000 0.000000
 0.992778 1.000000 0.000000 1.000000 1.183216 -0.000000 0.000000
 0.993889 1.000000 0.000000 1.000000 1.183216 0.000000 0.000000
 0.995000 1.000000 0.000000 1.000000 1.183216 0.000000 -0.000000
 0.996111 1.000000 0.000000 1.000000 1.183216 0.000000 0.000000
 0.997222 1.000000 0.000000 1.000000 1.183216 -0.000000 -0.000000
 0.998333 1.000000 0.000000 1.000000 1.183216 0.000000 -0.000000
 0.999444 1.000000 0.000000 1.000000 1.183216 -0.000000 0.000000
