 0.000556 2.000000 0.000000 2.000000 
 0.001667 2.000000 0.000000 2.000000 
 0.002778 2.000000 0.000000 2.000000 
 0.003889 2.000000 0.000000 2.000000 
 0.005000 2.000000 0.000000 2.000000 
 0.006111 2.000000 0.000000 2.000000 
 0.007222 2.000000 0.000000 2.000000 
 0.008333 2.000000 0.000000 2.000000 
 0.009444 2.000000 0.000000 2.000000 
 0.010556 2.000000 0.000000 2.000000 
 0.011667 2.000000 0.000000 2.000000 
 0.012778 2.000000 0.000000 2.000000 
 0.013889 2.000000 0.000000 2.000000 
 0.015000 2.000000 0.000000 2.000000 
 0.016111 2.000000 0.000000 2.000000 
 0.017222 2.000000 0.000000 2.000000 
 0.018333 2.000000 0.000000 2.000000 
 0.019444 2.000000 0.000000 2.000000 
 0.020556 2.000000 0.000000 2.000000 
 0.021667 2.000000 0.000000 2.000000 
 0.022778 2.000000 0.000000 2.000000 
 0.023889 2.000000 0.000000 2.000000 
 0.025000 2.000000 0.000000 2.000000 
 0.026111 2.000000 0.000000 2.000000 
 0.027222 2.000000 0.000000 2.000000 
 0.028333 2.000000 0.000000 2.000000 
 0.029444 2.000000 0.000000 2.000000 
 0.030556 2.000000 0.000000 2.000000 
 0.031667 2.000000 0.000000 2.000000 
 0.032778 2.000000 0.000000 2.000000 
 0.033889 2.000000 0.000000 2.000000 
 0.035000 2.000000 0.000000 2.000000 
 0.036111 2.000000 0.000000 2.000000 
 0.037222 2.000000 0.000000 2.000000 
 0.038333 2.000000 0.000000 2.000000 
 0.039444 2.000000 0.000000 2.000000 
 0.040556 2.000000 0.000000 2.000000 
 0.041667 2.000000 0.000000 2.000000 
 0.042778 2.000000 0.000000 2.000000 
 0.043889 2.000000 0.000000 2.000000 
 0.045000 2.000000 0.000000 2.000000 
 0.046111 2.000000 0.000000 2.000000 
 0.047222 2.000000 0.000000 2.000000 
 0.048333 2.000000 0.000000 2.000000 
 0.049444 2.000000 0.000000 2.000000 
 0.050556 2.000000 0.000000 2.000000 
 0.051667 2.000000 0.000000 2.000000 
 0.052778 2.000000 0.000000 2.000000 
 0.053889 2.000000 0.000000 2.000000 
 0.055000 2.000000 0.000000 2.000000 
 0.056111 2.000000 0.000000 2.000000 
 0.057222 2.000000 0.000000 2.000000 
 0.058333 2.000000 0.000000 2.000000 
 0.059444 2.000000 0.000000 2.000000 
 0.060556 2.000000 0.000000 2.000000 
 0.061667 2.000000 0.000000 2.000000 
 0.062778 2.000000 0.000000 2.000000 
 0.063889 2.000000 0.000000 2.000000 
 0.065000 2.000000 0.000000 2.000000 
 0.066111 2.000000 0.000000 2.000000 
 0.067222 2.000000 0.000000 2.000000 
 0.068333 2.000000 0.000000 2.000000 
 0.069444 2.000000 0.000000 2.000000 
 0.070556 2.000000 0.000000 2.000000 
 0.071667 2.000000 0.000000 2.000000 
 0.072778 2.000000 0.000000 2.000000 
 0.073889 2.000000 0.000000 2.000000 
 0.075000 2.000000 0.000000 2.000000 
 0.076111 2.000000 0.000000 2.000000 
 0.077222 2.000000 0.000000 2.000000 
 0.078333 2.000000 0.000000 2.000000 
 0.079444 2.000000 0.000000 2.000000 
 0.080556 2.000000 0.000000 2.000000 
 0.081667 2.000000 0.000000 2.000000 
 0.082778 2.000000 0.000000 2.000000 
 0.083889 2.000000 0.000000 2.000000 
 0.085000 2.000000 0.000000 2.000000 
 0.086111 2.000000 0.000000 2.000000 
 0.087222 2.000000 0.000000 2.000000 
 0.088333 2.000000 0.000000 2.000000 
 0.089444 2.000000 0.000000 2.000000 
 0.090556 2.000000 0.000000 2.000000 
 0.091667 2.000000 0.000000 2.000000 
 0.092778 2.000000 0.000000 2.000000 
 0.093889 2.000000 0.000000 2.000000 
 0.095000 2.000000 0.000000 2.000000 
 0.096111 2.000000 0.000000 2.000000 
 0.097222 2.000000 0.000000 2.000000 
 0.098333 2.000000 0.000000 2.000000 
 0.099444 2.000000 0.000000 2.000000 
 0.100556 2.000000 0.000000 2.000000 
 0.101667 2.000000 0.000000 2.000000 
 0.102778 2.000000 0.000000 2.000000 
 0.103889 2.000000 0.000000 2.000000 
 0.105000 2.000000 0.000000 2.000000 
 0.106111 2.000000 0.000000 2.000000 
 0.107222 2.000000 0.000000 2.000000 
 0.108333 2.000000 0.000000 2.000000 
 0.109444 2.000000 0.000000 2.000000 
 0.110556 2.000000 0.000000 2.000000 
 0.111667 2.000000 0.000000 2.000000 
 0.112778 2.000000 0.000000 2.000000 
 0.113889 2.000000 0.000000 2.000000 
 0.115000 2.000000 0.000000 2.000000 
 0.116111 2.000000 0.000000 2.000000 
 0.117222 2.000000 0.000000 2.000000 
 0.118333 2.000000 0.000000 2.000000 
 0.119444 2.000000 0.000000 2.000000 
 0.120556 2.000000 0.000000 2.000000 
 0.121667 2.000000 0.000000 2.000000 
 0.122778 2.000000 0.000000 2.000000 
 0.123889 2.000000 0.000000 2.000000 
 0.125000 2.000000 0.000000 2.000000 
 0.126111 2.000000 0.000000 2.000000 
 0.127222 2.000000 0.000000 2.000000 
 0.128333 2.000000 0.000000 2.000000 
 0.129444 2.000000 0.000000 2.000000 
 0.130556 2.000000 0.000000 2.000000 
 0.131667 2.000000 0.000000 2.000000 
 0.132778 2.000000 0.000000 2.000000 
 0.133889 2.000000 0.000000 2.000000 
 0.135000 2.000000 0.000000 2.000000 
 0.136111 2.000000 0.000000 2.000000 
 0.137222 2.000000 0.000000 2.000000 
 0.138333 2.000000 0.000000 2.000000 
 0.139444 2.000000 0.000000 2.000000 
 0.140556 2.000000 0.000000 2.000000 
 0.141667 2.000000 0.000000 2.000000 
 0.142778 2.000000 0.000000 2.000000 
 0.143889 2.000000 0.000000 2.000000 
 0.145000 2.000000 0.000000 2.000000 
 0.146111 2.000000 0.000000 2.000000 
 0.147222 2.000000 0.000000 2.000000 
 0.148333 2.000000 0.000000 2.000000 
 0.149444 2.000000 0.000000 2.000000 
 0.150556 2.000000 0.000000 2.000000 
 0.151667 2.000000 0.000000 2.000000 
 0.152778 2.000000 0.000000 2.000000 
 0.153889 2.000000 0.000000 2.000000 
 0.155000 2.000000 0.000000 2.000000 
 0.156111 2.000000 0.000000 2.000000 
 0.157222 2.000000 0.000000 2.000000 
 0.158333 2.000000 0.000000 2.000000 
 0.159444 2.000000 0.000000 2.000000 
 0.160556 2.000000 0.000000 2.000000 
 0.161667 2.000000 0.000000 2.000000 
 0.162778 2.000000 0.000000 2.000000 
 0.163889 2.000000 0.000000 2.000000 
 0.165000 2.000000 0.000000 2.000000 
 0.166111 2.000000 0.000000 2.000000 
 0.167222 2.000000 0.000000 2.000000 
 0.168333 2.000000 0.000000 2.000000 
 0.169444 2.000000 0.000000 2.000000 
 0.170556 2.000000 0.000000 2.000000 
 0.171667 2.000000 0.000000 2.000000 
 0.172778 2.000000 0.000000 2.000000 
 0.173889 2.000000 0.000000 2.000000 
 0.175000 2.000000 0.000000 2.000000 
 0.176111 2.000000 0.000000 2.000000 
 0.177222 2.000000 0.000000 2.000000 
 0.178333 2.000000 0.000000 2.000000 
 0.179444 2.000000 0.000000 2.000000 
 0.180556 2.000000 0.000000 2.000000 
 0.181667 2.000000 0.000000 2.000000 
 0.182778 2.000000 0.000000 2.000000 
 0.183889 2.000000 0.000000 2.000000 
 0.185000 2.000000 0.000000 2.000000 
 0.186111 2.000000 0.000000 2.000000 
 0.187222 2.000000 0.000000 2.000000 
 0.188333 2.000000 0.000000 2.000000 
 0.189444 2.000000 0.000000 2.000000 
 0.190556 2.000000 0.000000 2.000000 
 0.191667 2.000000 0.000000 2.000000 
 0.192778 2.000000 0.000000 2.000000 
 0.193889 2.000000 0.000000 2.000000 
 0.195000 2.000000 0.000000 2.000000 
 0.196111 2.000000 0.000000 2.000000 
 0.197222 2.000000 0.000000 2.000000 
 0.198333 2.000000 0.000000 2.000000 
 0.199444 2.000000 0.000000 2.000000 
 0.200556 2.000000 0.000000 2.000000 
 0.201667 2.000000 0.000000 2.000000 
 0.202778 2.000000 0.000000 2.000000 
 0.203889 2.000000 0.000000 2.000000 
 0.205000 2.000000 0.000000 2.000000 
 0.206111 2.000000 0.000000 2.000000 
 0.207222 1.998195 0.001068 1.997474 
 0.208333 1.991889 0.004806 1.988654 
 0.209444 1.985600 0.008544 1.979868 
 0.210556 1.979326 0.012282 1.971116 
 0.211667 1.973068 0.016020 1.962396 
 0.212778 1.966825 0.019758 1.953710 
 0.213889 1.960599 0.023496 1.945057 
 0.215000 1.954388 0.027234 1.936436 
 0.216111 1.948194 0.030972 1.927849 
 0.217222 1.942014 0.034710 1.919294 
 0.218333 1.935851 0.038448 1.910771 
 0.219444 1.929703 0.042185 1.902281 
 0.220556 1.923571 0.045923 1.893824 
 0.221667 1.917455 0.049661 1.885398 
 0.222778 1.911354 0.053399 1.877005 
 0.223889 1.905268 0.057137 1.868644 
 0.225000 1.899198 0.060875 1.860315 
 0.226111 1.893144 0.064613 1.852017 
 0.227222 1.887105 0.068351 1.843752 
 0.228333 1.881081 0.072089 1.835518 
 0.229444 1.875073 0.075827 1.827315 
 0.230556 1.869080 0.079565 1.819144 
 0.231667 1.863103 0.083303 1.811004 
 0.232778 1.857140 0.087041 1.802896 
 0.233889 1.851193 0.090779 1.794819 
 0.235000 1.845262 0.094517 1.786772 
 0.236111 1.839345 0.098254 1.778757 
 0.237222 1.833444 0.101992 1.770772 
 0.238333 1.827558 0.105730 1.762819 
 0.239444 1.821687 0.109468 1.754895 
 0.240556 1.815831 0.113206 1.747003 
 0.241667 1.809990 0.116944 1.739141 
 0.242778 1.804164 0.120682 1.731309 
 0.243889 1.798354 0.124420 1.723507 
 0.245000 1.792558 0.128158 1.715736 
 0.246111 1.786777 0.131896 1.707995 
 0.247222 1.781011 0.135634 1.700283 
 0.248333 1.775260 0.139372 1.692602 
 0.249444 1.769524 0.143110 1.684950 
 0.250556 1.763803 0.146848 1.677328 
 0.251667 1.758096 0.150585 1.669735 
 0.252778 1.752404 0.154323 1.662172 
 0.253889 1.746727 0.158061 1.654639 
 0.255000 1.741065 0.161799 1.647134 
 0.256111 1.735418 0.165537 1.639659 
 0.257222 1.729785 0.169275 1.632213 
 0.258333 1.724166 0.173013 1.624796 
 0.259444 1.718563 0.176751 1.617408 
 0.260556 1.712974 0.180489 1.610049 
 0.261667 1.707399 0.184227 1.602718 
 0.262778 1.701839 0.187965 1.595416 
 0.263889 1.696294 0.191703 1.588142 
 0.265000 1.690763 0.195441 1.580897 
 0.266111 1.685246 0.199179 1.573681 
 0.267222 1.679744 0.202917 1.566492 
 0.268333 1.674256 0.206654 1.559332 
 0.269444 1.668783 0.210392 1.552200 
 0.270556 1.663323 0.214130 1.545096 
 0.271667 1.657879 0.217868 1.538019 
 0.272778 1.652448 0.221606 1.530971 
 0.273889 1.647032 0.225344 1.523950 
 0.275000 1.641630 0.229082 1.516957 
 0.276111 1.636242 0.232820 1.509991 
 0.277222 1.630868 0.236558 1.503053 
 0.278333 1.625508 0.240296 1.496142 
 0.279444 1.620163 0.244034 1.489258 
 0.280556 1.614831 0.247772 1.482402 
 0.281667 1.609514 0.251510 1.475572 
 0.282778 1.604210 0.255248 1.468770 
 0.283889 1.598921 0.258986 1.461995 
 0.285000 1.593645 0.262723 1.455246 
 0.286111 1.588384 0.266461 1.448524 
 0.287222 1.583136 0.270199 1.441828 
 0.288333 1.577902 0.273937 1.435160 
 0.289444 1.572683 0.277675 1.428517 
 0.290556 1.567476 0.281413 1.421901 
 0.291667 1.562284 0.285151 1.415312 
 0.292778 1.557106 0.288889 1.408748 
 0.293889 1.551941 0.292627 1.402211 
 0.295000 1.551608 0.292868 1.401790 
 0.296111 1.551608 0.292868 1.401790 
 0.297222 1.551608 0.292868 1.401790 
 0.298333 1.551608 0.292868 1.401790 
 0.299444 1.551608 0.292868 1.401790 
 0.300556 1.551608 0.292868 1.401790 
 0.301667 1.551608 0.292868 1.401790 
 0.302778 1.551608 0.292868 1.401790 
 0.303889 1.551608 0.292868 1.401790 
 0.305000 1.551608 0.292868 1.401790 
 0.306111 1.551608 0.292868 1.401790 
 0.307222 1.551608 0.292868 1.401790 
 0.308333 1.551608 0.292868 1.401790 
 0.309444 1.551608 0.292868 1.401790 
 0.310556 1.551608 0.292868 1.401790 
 0.311667 1.551608 0.292868 1.401790 
 0.312778 1.551608 0.292868 1.401790 
 0.313889 1.551608 0.292868 1.401790 
 0.315000 1.551608 0.292868 1.401790 
 0.316111 1.551608 0.292868 1.401790 
 0.317222 1.551608 0.292868 1.401790 
 0.318333 1.551608 0.292868 1.401790 
 0.319444 1.551608 0.292868 1.401790 
 0.320556 1.551608 0.292868 1.401790 
 0.321667 1.551608 0.292868 1.401790 
 0.322778 1.551608 0.292868 1.401790 
 0.323889 1.551608 0.292868 1.401790 
 0.325000 1.551608 0.292868 1.401790 
 0.326111 1.551608 0.292868 1.401790 
 0.327222 1.551608 0.292868 1.401790 
 0.328333 1.551608 0.292868 1.401790 
 0.329444 1.551608 0.292868 1.401790 
 0.330556 1.551608 0.292868 1.401790 
 0.331667 1.551608 0.292868 1.401790 
 0.332778 1.551608 0.292868 1.401790 
 0.333889 1.551608 0.292868 1.401790 
 0.335000 1.551608 0.292868 1.401790 
 0.336111 1.551608 0.292868 1.401790 
 0.337222 1.551608 0.292868 1.401790 
 0.338333 1.551608 0.292868 1.401790 
 0.339444 1.551608 0.292868 1.401790 
 0.340556 1.551608 0.292868 1.401790 
 0.341667 1.551608 0.292868 1.401790 
 0.342778 1.551608 0.292868 1.401790 
 0.343889 1.551608 0.292868 1.401790 
 0.345000 1.551608 0.292868 1.401790 
 0.346111 1.551608 0.292868 1.401790 
 0.347222 1.551608 0.292868 1.401790 
 0.348333 1.551608 0.292868 1.401790 
 0.349444 1.551608 0.292868 1.401790 
 0.350556 1.551608 0.292868 1.401790 
 0.351667 1.551608 0.292868 1.401790 
 0.352778 1.551608 0.292868 1.401790 
 0.353889 1.551608 0.292868 1.401790 
 0.355000 1.551608 0.292868 1.401790 
 0.356111 1.551608 0.292868 1.401790 
 0.357222 1.551608 0.292868 1.401790 
 0.358333 1.551608 0.292868 1.401790 
 0.359444 1.551608 0.292868 1.401790 
 0.360556 1.551608 0.292868 1.401790 
 0.361667 1.551608 0.292868 1.401790 
 0.362778 1.551608 0.292868 1.401790 
 0.363889 1.551608 0.292868 1.401790 
 0.365000 1.551608 0.292868 1.401790 
 0.366111 1.551608 0.292868 1.401790 
 0.367222 1.551608 0.292868 1.401790 
 0.368333 1.551608 0.292868 1.401790 
 0.369444 1.551608 0.292868 1.401790 
 0.370556 1.551608 0.292868 1.401790 
 0.371667 1.551608 0.292868 1.401790 
 0.372778 1.551608 0.292868 1.401790 
 0.373889 1.551608 0.292868 1.401790 
 0.375000 1.551608 0.292868 1.401790 
 0.376111 1.551608 0.292868 1.401790 
 0.377222 1.551608 0.292868 1.401790 
 0.378333 1.551608 0.292868 1.401790 
 0.379444 1.551608 0.292868 1.401790 
 0.380556 1.551608 0.292868 1.401790 
 0.381667 1.551608 0.292868 1.401790 
 0.382778 1.551608 0.292868 1.401790 
 0.383889 1.551608 0.292868 1.401790 
 0.385000 1.551608 0.292868 1.401790 
 0.386111 1.551608 0.292868 1.401790 
 0.387222 1.551608 0.292868 1.401790 
 0.388333 1.551608 0.292868 1.401790 
 0.389444 1.551608 0.292868 1.401790 
 0.390556 1.551608 0.292868 1.401790 
 0.391667 1.551608 0.292868 1.401790 
 0.392778 1.551608 0.292868 1.401790 
 0.393889 1.551608 0.292868 1.401790 
 0.395000 1.551608 0.292868 1.401790 
 0.396111 1.551608 0.292868 1.401790 
 0.397222 1.551608 0.292868 1.401790 
 0.398333 1.551608 0.292868 1.401790 
 0.399444 1.551608 0.292868 1.401790 
 0.400556 1.551608 0.292868 1.401790 
 0.401667 1.551608 0.292868 1.401790 
 0.402778 1.551608 0.292868 1.401790 
 0.403889 1.551608 0.292868 1.401790 
 0.405000 1.551608 0.292868 1.401790 
 0.406111 1.551608 0.292868 1.401790 
 0.407222 1.551608 0.292868 1.401790 
 0.408333 1.551608 0.292868 1.401790 
 0.409444 1.551608 0.292868 1.401790 
 0.410556 1.551608 0.292868 1.401790 
 0.411667 1.551608 0.292868 1.401790 
 0.412778 1.551608 0.292868 1.401790 
 0.413889 1.551608 0.292868 1.401790 
 0.415000 1.551608 0.292868 1.401790 
 0.416111 1.551608 0.292868 1.401790 
 0.417222 1.551608 0.292868 1.401790 
 0.418333 1.551608 0.292868 1.401790 
 0.419444 1.551608 0.292868 1.401790 
 0.420556 1.551608 0.292868 1.401790 
 0.421667 1.551608 0.292868 1.401790 
 0.422778 1.551608 0.292868 1.401790 
 0.423889 1.551608 0.292868 1.401790 
 0.425000 1.551608 0.292868 1.401790 
 0.426111 1.551608 0.292868 1.401790 
 0.427222 1.551608 0.292868 1.401790 
 0.428333 1.551608 0.292868 1.401790 
 0.429444 1.551608 0.292868 1.401790 
 0.430556 1.551608 0.292868 1.401790 
 0.431667 1.551608 0.292868 1.401790 
 0.432778 1.551608 0.292868 1.401790 
 0.433889 1.551608 0.292868 1.401790 
 0.435000 1.551608 0.292868 1.401790 
 0.436111 1.551608 0.292868 1.401790 
 0.437222 1.551608 0.292868 1.401790 
 0.438333 1.551608 0.292868 1.401790 
 0.439444 1.551608 0.292868 1.401790 
 0.440556 1.551608 0.292868 1.401790 
 0.441667 1.551608 0.292868 1.401790 
 0.442778 1.551608 0.292868 1.401790 
 0.443889 1.551608 0.292868 1.401790 
 0.445000 1.551608 0.292868 1.401790 
 0.446111 1.551608 0.292868 1.401790 
 0.447222 1.551608 0.292868 1.401790 
 0.448333 1.551608 0.292868 1.401790 
 0.449444 1.551608 0.292868 1.401790 
 0.450556 1.551608 0.292868 1.401790 
 0.451667 1.551608 0.292868 1.401790 
 0.452778 1.551608 0.292868 1.401790 
 0.453889 1.551608 0.292868 1.401790 
 0.455000 1.551608 0.292868 1.401790 
 0.456111 1.551608 0.292868 1.401790 
 0.457222 1.551608 0.292868 1.401790 
 0.458333 1.551608 0.292868 1.401790 
 0.459444 1.551608 0.292868 1.401790 
 0.460556 1.551608 0.292868 1.401790 
 0.461667 1.551608 0.292868 1.401790 
 0.462778 1.551608 0.292868 1.401790 
 0.463889 1.551608 0.292868 1.401790 
 0.465000 1.551608 0.292868 1.401790 
 0.466111 1.551608 0.292868 1.401790 
 0.467222 1.551608 0.292868 1.401790 
 0.468333 1.551608 0.292868 1.401790 
 0.469444 1.551608 0.292868 1.401790 
 0.470556 1.551608 0.292868 1.401790 
 0.471667 1.551608 0.292868 1.401790 
 0.472778 1.551608 0.292868 1.401790 
 0.473889 1.551608 0.292868 1.401790 
 0.475000 1.551608 0.292868 1.401790 
 0.476111 1.551608 0.292868 1.401790 
 0.477222 1.551608 0.292868 1.401790 
 0.478333 1.551608 0.292868 1.401790 
 0.479444 1.551608 0.292868 1.401790 
 0.480556 1.551608 0.292868 1.401790 
 0.481667 1.551608 0.292868 1.401790 
 0.482778 1.551608 0.292868 1.401790 
 0.483889 1.551608 0.292868 1.401790 
 0.485000 1.551608 0.292868 1.401790 
 0.486111 1.551608 0.292868 1.401790 
 0.487222 1.551608 0.292868 1.401790 
 0.488333 1.551608 0.292868 1.401790 
 0.489444 1.551608 0.292868 1.401790 
 0.490556 1.551608 0.292868 1.401790 
 0.491667 1.551608 0.292868 1.401790 
 0.492778 1.551608 0.292868 1.401790 
 0.493889 1.551608 0.292868 1.401790 
 0.495000 1.551608 0.292868 1.401790 
 0.496111 1.551608 0.292868 1.401790 
 0.497222 1.551608 0.292868 1.401790 
 0.498333 1.551608 0.292868 1.401790 
 0.499444 1.551608 0.292868 1.401790 
 0.500556 1.551608 0.292868 1.401790 
 0.501667 1.551608 0.292868 1.401790 
 0.502778 1.551608 0.292868 1.401790 
 0.503889 1.551608 0.292868 1.401790 
 0.505000 1.551608 0.292868 1.401790 
 0.506111 1.551608 0.292868 1.401790 
 0.507222 1.551608 0.292868 1.401790 
 0.508333 1.551608 0.292868 1.401790 
 0.509444 1.551608 0.292868 1.401790 
 0.510556 1.551608 0.292868 1.401790 
 0.511667 1.551608 0.292868 1.401790 
 0.512778 1.551608 0.292868 1.401790 
 0.513889 1.551608 0.292868 1.401790 
 0.515000 1.551608 0.292868 1.401790 
 0.516111 1.551608 0.292868 1.401790 
 0.517222 1.551608 0.292868 1.401790 
 0.518333 1.551608 0.292868 1.401790 
 0.519444 1.551608 0.292868 1.401790 
 0.520556 1.551608 0.292868 1.401790 
 0.521667 1.551608 0.292868 1.401790 
 0.522778 1.551608 0.292868 1.401790 
 0.523889 1.551608 0.292868 1.401790 
 0.525000 1.551608 0.292868 1.401790 
 0.526111 1.551608 0.292868 1.401790 
 0.527222 1.551608 0.292868 1.401790 
 0.528333 1.551608 0.292868 1.401790 
 0.529444 1.551608 0.292868 1.401790 
 0.530556 1.551608 0.292868 1.401790 
 0.531667 1.551608 0.292868 1.401790 
 0.532778 1.551608 0.292868 1.401790 
 0.533889 1.551608 0.292868 1.401790 
 0.535000 1.551608 0.292868 1.401790 
 0.536111 1.551608 0.292868 1.401790 
 0.537222 1.551608 0.292868 1.401790 
 0.538333 1.551608 0.292868 1.401790 
 0.539444 1.551608 0.292868 1.401790 
 0.540556 1.551608 0.292868 1.401790 
 0.541667 1.551608 0.292868 1.401790 
 0.542778 1.551608 0.292868 1.401790 
 0.543889 1.551608 0.292868 1.401790 
 0.545000 1.551608 0.292868 1.401790 
 0.546111 1.551608 0.292868 1.401790 
 0.547222 1.551608 0.292868 1.401790 
 0.548333 1.551608 0.292868 1.401790 
 0.549444 1.551608 0.292868 1.401790 
 0.550556 1.551608 0.292868 1.401790 
 0.551667 1.551608 0.292868 1.401790 
 0.552778 1.551608 0.292868 1.401790 
 0.553889 1.551608 0.292868 1.401790 
 0.555000 1.551608 0.292868 1.401790 
 0.556111 1.551608 0.292868 1.401790 
 0.557222 1.551608 0.292868 1.401790 
 0.558333 1.551608 0.292868 1.401790 
 0.559444 1.551608 0.292868 1.401790 
 0.560556 1.551608 0.292868 1.401790 
 0.561667 1.551608 0.292868 1.401790 
 0.562778 1.551608 0.292868 1.401790 
 0.563889 1.551608 0.292868 1.401790 
 0.565000 1.551608 0.292868 1.401790 
 0.566111 1.551608 0.292868 1.401790 
 0.567222 1.551608 0.292868 1.401790 
 0.568333 1.551608 0.292868 1.401790 
 0.569444 1.551608 0.292868 1.401790 
 0.570556 1.551608 0.292868 1.401790 
 0.571667 1.551608 0.292868 1.401790 
 0.572778 1.271414 0.292868 1.401790 
 0.573889 1.271414 0.292868 1.401790 
 0.575000 1.271414 0.292868 1.401790 
 0.576111 1.271414 0.292868 1.401790 
 0.577222 1.271414 0.292868 1.401790 
 0.578333 1.271414 0.292868 1.401790 
 0.579444 1.271414 0.292868 1.401790 
 0.580556 1.271414 0.292868 1.401790 
 0.581667 1.271414 0.292868 1.401790 
 0.582778 1.271414 0.292868 1.401790 
 0.583889 1.271414 0.292868 1.401790 
 0.585000 1.271414 0.292868 1.401790 
 0.586111 1.271414 0.292868 1.401790 
 0.587222 1.271414 0.292868 1.401790 
 0.588333 1.271414 0.292868 1.401790 
 0.589444 1.271414 0.292868 1.401790 
 0.590556 1.271414 0.292868 1.401790 
 0.591667 1.271414 0.292868 1.401790 
 0.592778 1.271414 0.292868 1.401790 
 0.593889 1.271414 0.292868 1.401790 
 0.595000 1.271414 0.292868 1.401790 
 0.596111 1.271414 0.292868 1.401790 
 0.597222 1.271414 0.292868 1.401790 
 0.598333 1.271414 0.292868 1.401790 
 0.599444 1.271414 0.292868 1.401790 
 0.600556 1.271414 0.292868 1.401790 
 0.601667 1.271414 0.292868 1.401790 
 0.602778 1.271414 0.292868 1.401790 
 0.603889 1.271414 0.292868 1.401790 
 0.605000 1.271414 0.292868 1.401790 
 0.606111 1.271414 0.292868 1.401790 
 0.607222 1.271414 0.292868 1.401790 
 0.608333 1.271414 0.292868 1.401790 
 0.609444 1.271414 0.292868 1.401790 
 0.610556 1.271414 0.292868 1.401790 
 0.611667 1.271414 0.292868 1.401790 
 0.612778 1.271414 0.292868 1.401790 
 0.613889 1.271414 0.292868 1.401790 
 0.615000 1.271414 0.292868 1.401790 
 0.616111 1.271414 0.292868 1.401790 
 0.617222 1.271414 0.292868 1.401790 
 0.618333 1.271414 0.292868 1.401790 
 0.619444 1.271414 0.292868 1.401790 
 0.620556 1.271414 0.292868 1.401790 
 0.621667 1.271414 0.292868 1.401790 
 0.622778 1.271414 0.292868 1.401790 
 0.623889 1.271414 0.292868 1.401790 
 0.625000 1.271414 0.292868 1.401790 
 0.626111 1.271414 0.292868 1.401790 
 0.627222 1.271414 0.292868 1.401790 
 0.628333 1.271414 0.292868 1.401790 
 0.629444 1.271414 0.292868 1.401790 
 0.630556 1.271414 0.292868 1.401790 
 0.631667 1.271414 0.292868 1.401790 
 0.632778 1.271414 0.292868 1.401790 
 0.633889 1.271414 0.292868 1.401790 
 0.635000 1.271414 0.292868 1.401790 
 0.636111 1.271414 0.292868 1.401790 
 0.637222 1.271414 0.292868 1.401790 
 0.638333 1.271414 0.292868 1.401790 
 0.639444 1.271414 0.292868 1.401790 
 0.640556 1.271414 0.292868 1.401790 
 0.641667 1.271414 0.292868 1.401790 
 0.642778 1.271414 0.292868 1.401790 
 0.643889 1.271414 0.292868 1.401790 
 0.645000 1.271414 0.292868 1.401790 
 0.646111 1.271414 0.292868 1.401790 
 0.647222 1.271414 0.292868 1.401790 
 0.648333 1.271414 0.292868 1.401790 
 0.649444 1.271414 0.292868 1.401790 
 0.650556 1.271414 0.292868 1.401790 
 0.651667 1.271414 0.292868 1.401790 
 0.652778 1.271414 0.292868 1.401790 
 0.653889 1.271414 0.292868 1.401790 
 0.655000 1.271414 0.292868 1.401790 
 0.656111 1.271414 0.292868 1.401790 
 0.657222 1.271414 0.292868 1.401790 
 0.658333 1.271414 0.292868 1.401790 
 0.659444 1.271414 0.292868 1.401790 
 0.660556 1.271414 0.292868 1.401790 
 0.661667 1.271414 0.292868 1.401790 
 0.662778 1.271414 0.292868 1.401790 
 0.663889 1.271414 0.292868 1.401790 
 0.665000 1.271414 0.292868 1.401790 
 0.666111 1.271414 0.292868 1.401790 
 0.667222 1.271414 0.292868 1.401790 
 0.668333 1.271414 0.292868 1.401790 
 0.669444 1.271414 0.292868 1.401790 
 0.670556 1.271414 0.292868 1.401790 
 0.671667 1.271414 0.292868 1.401790 
 0.672778 1.271414 0.292868 1.401790 
 0.673889 1.271414 0.292868 1.401790 
 0.675000 1.271414 0.292868 1.401790 
 0.676111 1.271414 0.292868 1.401790 
 0.677222 1.271414 0.292868 1.401790 
 0.678333 1.271414 0.292868 1.401790 
 0.679444 1.271414 0.292868 1.401790 
 0.680556 1.271414 0.292868 1.401790 
 0.681667 1.271414 0.292868 1.401790 
 0.682778 1.271414 0.292868 1.401790 
 0.683889 1.271414 0.292868 1.401790 
 0.685000 1.271414 0.292868 1.401790 
 0.686111 1.271414 0.292868 1.401790 
 0.687222 1.271414 0.292868 1.401790 
 0.688333 1.271414 0.292868 1.401790 
 0.689444 1.271414 0.292868 1.401790 
 0.690556 1.271414 0.292868 1.401790 
 0.691667 1.271414 0.292868 1.401790 
 0.692778 1.271414 0.292868 1.401790 
 0.693889 1.271414 0.292868 1.401790 
 0.695000 1.271414 0.292868 1.401790 
 0.696111 1.271414 0.292868 1.401790 
 0.697222 1.271414 0.292868 1.401790 
 0.698333 1.271414 0.292868 1.401790 
 0.699444 1.271414 0.292868 1.401790 
 0.700556 1.271414 0.292868 1.401790 
 0.701667 1.271414 0.292868 1.401790 
 0.702778 1.271414 0.292868 1.401790 
 0.703889 1.271414 0.292868 1.401790 
 0.705000 1.271414 0.292868 1.401790 
 0.706111 1.271414 0.292868 1.401790 
 0.707222 1.271414 0.292868 1.401790 
 0.708333 1.271414 0.292868 1.401790 
 0.709444 1.271414 0.292868 1.401790 
 0.710556 1.271414 0.292868 1.401790 
 0.711667 1.271414 0.292868 1.401790 
 0.712778 1.271414 0.292868 1.401790 
 0.713889 1.271414 0.292868 1.401790 
 0.715000 1.271414 0.292868 1.401790 
 0.716111 1.271414 0.292868 1.401790 
 0.717222 1.271414 0.292868 1.401790 
 0.718333 1.271414 0.292868 1.401790 
 0.719444 1.271414 0.292868 1.401790 
 0.720556 1.271414 0.292868 1.401790 
 0.721667 1.271414 0.292868 1.401790 
 0.722778 1.271414 0.292868 1.401790 
 0.723889 1.271414 0.292868 1.401790 
 0.725000 1.271414 0.292868 1.401790 
 0.726111 1.271414 0.292868 1.401790 
 0.727222 1.271414 0.292868 1.401790 
 0.728333 1.271414 0.292868 1.401790 
 0.729444 1.271414 0.292868 1.401790 
 0.730556 1.271414 0.292868 1.401790 
 0.731667 1.271414 0.292868 1.401790 
 0.732778 1.271414 0.292868 1.401790 
 0.733889 1.271414 0.292868 1.401790 
 0.735000 1.271414 0.292868 1.401790 
 0.736111 1.271414 0.292868 1.401790 
 0.737222 1.271414 0.292868 1.401790 
 0.738333 1.271414 0.292868 1.401790 
 0.739444 1.271414 0.292868 1.401790 
 0.740556 1.271414 0.292868 1.401790 
 0.741667 1.271414 0.292868 1.401790 
 0.742778 1.271414 0.292868 1.401790 
 0.743889 1.271414 0.292868 1.401790 
 0.745000 1.271414 0.292868 1.401790 
 0.746111 1.271414 0.292868 1.401790 
 0.747222 1.271414 0.292868 1.401790 
 0.748333 1.271414 0.292868 1.401790 
 0.749444 1.271414 0.292868 1.401790 
 0.750556 1.271414 0.292868 1.401790 
 0.751667 1.271414 0.292868 1.401790 
 0.752778 1.271414 0.292868 1.401790 
 0.753889 1.271414 0.292868 1.401790 
 0.755000 1.271414 0.292868 1.401790 
 0.756111 1.271414 0.292868 1.401790 
 0.757222 1.271414 0.292868 1.401790 
 0.758333 1.271414 0.292868 1.401790 
 0.759444 1.271414 0.292868 1.401790 
 0.760556 1.271414 0.292868 1.401790 
 0.761667 1.271414 0.292868 1.401790 
 0.762778 1.271414 0.292868 1.401790 
 0.763889 1.271414 0.292868 1.401790 
 0.765000 1.271414 0.292868 1.401790 
 0.766111 1.271414 0.292868 1.401790 
 0.767222 1.271414 0.292868 1.401790 
 0.768333 1.271414 0.292868 1.401790 
 0.769444 1.271414 0.292868 1.401790 
 0.770556 1.271414 0.292868 1.401790 
 0.771667 1.271414 0.292868 1.401790 
 0.772778 1.271414 0.292868 1.401790 
 0.773889 1.271414 0.292868 1.401790 
 0.775000 1.271414 0.292868 1.401790 
 0.776111 1.271414 0.292868 1.401790 
 0.777222 1.271414 0.292868 1.401790 
 0.778333 1.271414 0.292868 1.401790 
 0.779444 1.271414 0.292868 1.401790 
 0.780556 1.271414 0.292868 1.401790 
 0.781667 1.271414 0.292868 1.401790 
 0.782778 1.271414 0.292868 1.401790 
 0.783889 1.271414 0.292868 1.401790 
 0.785000 1.271414 0.292868 1.401790 
 0.786111 1.271414 0.292868 1.401790 
 0.787222 1.271414 0.292868 1.401790 
 0.788333 1.271414 0.292868 1.401790 
 0.789444 1.271414 0.292868 1.401790 
 0.790556 1.271414 0.292868 1.401790 
 0.791667 1.271414 0.292868 1.401790 
 0.792778 1.271414 0.292868 1.401790 
 0.793889 1.271414 0.292868 1.401790 
 0.795000 1.271414 0.292868 1.401790 
 0.796111 1.271414 0.292868 1.401790 
 0.797222 1.271414 0.292868 1.401790 
 0.798333 1.271414 0.292868 1.401790 
 0.799444 1.271414 0.292868 1.401790 
 0.800556 1.271414 0.292868 1.401790 
 0.801667 1.271414 0.292868 1.401790 
 0.802778 1.271414 0.292868 1.401790 
 0.803889 1.271414 0.292868 1.401790 
 0.805000 1.271414 0.292868 1.401790 
 0.806111 1.271414 0.292868 1.401790 
 0.807222 1.271414 0.292868 1.401790 
 0.808333 1.271414 0.292868 1.401790 
 0.809444 1.271414 0.292868 1.401790 
 0.810556 1.271414 0.292868 1.401790 
 0.811667 1.271414 0.292868 1.401790 
 0.812778 1.271414 0.292868 1.401790 
 0.813889 1.271414 0.292868 1.401790 
 0.815000 1.271414 0.292868 1.401790 
 0.816111 1.271414 0.292868 1.401790 
 0.817222 1.271414 0.292868 1.401790 
 0.818333 1.271414 0.292868 1.401790 
 0.819444 1.271414 0.292868 1.401790 
 0.820556 1.271414 0.292868 1.401790 
 0.821667 1.271414 0.292868 1.401790 
 0.822778 1.271414 0.292868 1.401790 
 0.823889 1.271414 0.292868 1.401790 
 0.825000 1.271414 0.292868 1.401790 
 0.826111 1.271414 0.292868 1.401790 
 0.827222 1.271414 0.292868 1.401790 
 0.828333 1.271414 0.292868 1.401790 
 0.829444 1.271414 0.292868 1.401790 
 0.830556 1.271414 0.292868 1.401790 
 0.831667 1.271414 0.292868 1.401790 
 0.832778 1.271414 0.292868 1.401790 
 0.833889 1.271414 0.292868 1.401790 
 0.835000 1.271414 0.292868 1.401790 
 0.836111 1.271414 0.292868 1.401790 
 0.837222 1.271414 0.292868 1.401790 
 0.838333 1.271414 0.292868 1.401790 
 0.839444 1.271414 0.292868 1.401790 
 0.840556 1.000000 0.000000 1.000000 
 0.841667 1.000000 0.000000 1.000000 
 0.842778 1.000000 0.000000 1.000000 
 0.843889 1.000000 0.000000 1.000000 
 0.845000 1.000000 0.000000 1.000000 
 0.846111 1.000000 0.000000 1.000000 
 0.847222 1.000000 0.000000 1.000000 
 0.848333 1.000000 0.000000 1.000000 
 0.849444 1.000000 0.000000 1.000000 
 0.850556 1.000000 0.000000 1.000000 
 0.851667 1.000000 0.000000 1.000000 
 0.852778 1.000000 0.000000 1.000000 
 0.853889 1.000000 0.000000 1.000000 
 0.855000 1.000000 0.000000 1.000000 
 0.856111 1.000000 0.000000 1.000000 
 0.857222 1.000000 0.000000 1.000000 
 0.858333 1.000000 0.000000 1.000000 
 0.859444 1.000000 0.000000 1.000000 
 0.860556 1.000000 0.000000 1.000000 
 0.861667 1.000000 0.000000 1.000000 
 0.862778 1.000000 0.000000 1.000000 
 0.863889 1.000000 0.000000 1.000000 
 0.865000 1.000000 0.000000 1.000000 
 0.866111 1.000000 0.000000 1.000000 
 0.867222 1.000000 0.000000 1.000000 
 0.868333 1.000000 0.000000 1.000000 
 0.869444 1.000000 0.000000 1.000000 
 0.870556 1.000000 0.000000 1.000000 
 0.871667 1.000000 0.000000 1.000000 
 0.872778 1.000000 0.000000 1.000000 
 0.873889 1.000000 0.000000 1.000000 
 0.875000 1.000000 0.000000 1.000000 
 0.876111 1.000000 0.000000 1.000000 
 0.877222 1.000000 0.000000 1.000000 
 0.878333 1.000000 0.000000 1.000000 
 0.879444 1.000000 0.000000 1.000000 
 0.880556 1.000000 0.000000 1.000000 
 0.881667 1.000000 0.000000 1.000000 
 0.882778 1.000000 0.000000 1.000000 
 0.883889 1.000000 0.000000 1.000000 
 0.885000 1.000000 0.000000 1.000000 
 0.886111 1.000000 0.000000 1.000000 
 0.887222 1.000000 0.000000 1.000000 
 0.888333 1.000000 0.000000 1.000000 
 0.889444 1.000000 0.000000 1.000000 
 0.890556 1.000000 0.000000 1.000000 
 0.891667 1.000000 0.000000 1.000000 
 0.892778 1.000000 0.000000 1.000000 
 0.893889 1.000000 0.000000 1.000000 
 0.895000 1.000000 0.000000 1.000000 
 0.896111 1.000000 0.000000 1.000000 
 0.897222 1.000000 0.000000 1.000000 
 0.898333 1.000000 0.000000 1.000000 
 0.899444 1.000000 0.000000 1.000000 
 0.900556 1.000000 0.000000 1.000000 
 0.901667 1.000000 0.000000 1.000000 
 0.902778 1.000000 0.000000 1.000000 
 0.903889 1.000000 0.000000 1.000000 
 0.905000 1.000000 0.000000 1.000000 
 0.906111 1.000000 0.000000 1.000000 
 0.907222 1.000000 0.000000 1.000000 
 0.908333 1.000000 0.000000 1.000000 
 0.909444 1.000000 0.000000 1.000000 
 0.910556 1.000000 0.000000 1.000000 
 0.911667 1.000000 0.000000 1.000000 
 0.912778 1.000000 0.000000 1.000000 
 0.913889 1.000000 0.000000 1.000000 
 0.915000 1.000000 0.000000 1.000000 
 0.916111 1.000000 0.000000 1.000000 
 0.917222 1.000000 0.000000 1.000000 
 0.918333 1.000000 0.000000 1.000000 
 0.919444 1.000000 0.000000 1.000000 
 0.920556 1.000000 0.000000 1.000000 
 0.921667 1.000000 0.000000 1.000000 
 0.922778 1.000000 0.000000 1.000000 
 0.923889 1.000000 0.000000 1.000000 
 0.925000 1.000000 0.000000 1.000000 
 0.926111 1.000000 0.000000 1.000000 
 0.927222 1.000000 0.000000 1.000000 
 0.928333 1.000000 0.000000 1.000000 
 0.929444 1.000000 0.000000 1.000000 
 0.930556 1.000000 0.000000 1.000000 
 0.931667 1.000000 0.000000 1.000000 
 0.932778 1.000000 0.000000 1.000000 
 0.933889 1.000000 0.000000 1.000000 
 0.935000 1.000000 0.000000 1.000000 
 0.936111 1.000000 0.000000 1.000000 
 0.937222 1.000000 0.000000 1.000000 
 0.938333 1.000000 0.000000 1.000000 
 0.939444 1.000000 0.000000 1.000000 
 0.940556 1.000000 0.000000 1.000000 
 0.941667 1.000000 0.000000 1.000000 
 0.942778 1.000000 0.000000 1.000000 
 0.943889 1.000000 0.000000 1.000000 
 0.945000 1.000000 0.000000 1.000000 
 0.946111 1.000000 0.000000 1.000000 
 0.947222 1.000000 0.000000 1.000000 
 0.948333 1.000000 0.000000 1.000000 
 0.949444 1.000000 0.000000 1.000000 
 0.950556 1.000000 0.000000 1.000000 
 0.951667 1.000000 0.000000 1.000000 
 0.952778 1.000000 0.000000 1.000000 
 0.953889 1.000000 0.000000 1.000000 
 0.955000 1.000000 0.000000 1.000000 
 0.956111 1.000000 0.000000 1.000000 
 0.957222 1.000000 0.000000 1.000000 
 0.958333 1.000000 0.000000 1.000000 
 0.959444 1.000000 0.000000 1.000000 
 0.960556 1.000000 0.000000 1.000000 
 0.961667 1.000000 0.000000 1.000000 
 0.962778 1.000000 0.000000 1.000000 
 0.963889 1.000000 0.000000 1.000000 
 0.965000 1.000000 0.000000 1.000000 
 0.966111 1.000000 0.000000 1.000000 
 0.967222 1.000000 0.000000 1.000000 
 0.968333 1.000000 0.000000 1.000000 
 0.969444 1.000000 0.000000 1.000000 
 0.970556 1.000000 0.000000 1.000000 
 0.971667 1.000000 0.000000 1.000000 
 0.972778 1.000000 0.000000 1.000000 
 0.973889 1.000000 0.000000 1.000000 
 0.975000 1.000000 0.000000 1.000000 
 0.976111 1.000000 0.000000 1.000000 
 0.977222 1.000000 0.000000 1.000000 
 0.978333 1.000000 0.000000 1.000000 
 0.979444 1.000000 0.000000 1.000000 
 0.980556 1.000000 0.000000 1.000000 
 0.981667 1.000000 0.000000 1.000000 
 0.982778 1.000000 0.000000 1.000000 
 0.983889 1.000000 0.000000 1.000000 
 0.985000 1.000000 0.000000 1.000000 
 0.986111 1.000000 0.000000 1.000000 
 0.987222 1.000000 0.000000 1.000000 
 0.988333 1.000000 0.000000 1.000000 
 0.989444 1.000000 0.000000 1.000000 
 0.990556 1.000000 0.000000 1.000000 
 0.991667 1.000000 0.000000 1.000000 
 0.992778 1.000000 0.000000 1.000000 
 0.993889 1.000000 0.000000 1.000000 
 0.995000 1.000000 0.000000 1.000000 
 0.996111 1.000000 0.000000 1.000000 
 0.997222 1.000000 0.000000 1.000000 
 0.998333 1.000000 0.000000 1.000000 
 0.999444 1.000000 0.000000 1.000000 
