Timer: 0.184844
 0.000556 1.000000 0.000000 1.000000 1.183216 1.000000 0.000000
 0.001667 1.000000 0.000000 1.000000 1.183216 1.000000 0.000000
 0.002778 1.000000 0.000000 1.000000 1.183216 1.000000 0.000000
 0.003889 1.000000 0.000000 1.000000 1.183216 1.000000 0.000000
 0.005000 1.000000 0.000000 1.000000 1.183216 1.000000 0.000000
 0.006111 1.000000 0.000000 1.000000 1.183216 1.000000 0.000000
 0.007222 1.000000 0.000000 1.000000 1.183216 1.000000 0.000000
 0.008333 1.000000 0.000000 1.000000 1.183216 1.000000 0.000000
 0.009444 1.000000 0.000000 1.000000 1.183216 1.000000 0.000000
 0.010556 1.000000 0.000000 1.000000 1.183216 1.000000 0.000000
 0.011667 1.000000 0.000000 1.000000 1.183216 1.000000 0.000000
 0.012778 1.000000 0.000000 1.000000 1.183216 1.000000 0.000000
 0.013889 1.000000 0.000000 1.000000 1.183216 1.000000 0.000000
 0.015000 1.000000 0.000000 1.000000 1.183216 1.000000 0.000000
 0.016111 1.000000 0.000000 1.000000 1.183216 1.000000 0.000000
 0.017222 1.000000 0.000000 1.000000 1.183216 1.000000 0.000000
 0.018333 1.000000 0.000000 1.000000 1.183216 1.000000 0.000000
 0.019444 1.000000 0.000000 1.000000 1.183216 1.000000 0.000000
 0.020556 1.000000 0.000000 1.000000 1.183216 1.000000 0.000000
 0.021667 1.000000 0.000000 1.000000 1.183216 1.000000 0.000000
 0.022778 1.000000 0.000000 1.000000 1.183216 1.000000 0.000000
 0.023889 1.000000 0.000000 1.000000 1.183216 1.000000 0.000000
 0.025000 1.000000 0.000000 1.000000 1.183216 1.000000 0.000000
 0.026111 1.000000 0.000000 1.000000 1.183216 1.000000 0.000000
 0.027222 1.000000 0.000000 1.000000 1.183216 1.000000 0.000000
 0.028333 1.000000 0.000000 1.000000 1.183216 1.000000 0.000000
 0.029444 1.000000 0.000000 1.000000 1.183216 1.000000 0.000000
 0.030556 1.000000 0.000000 1.000000 1.183216 1.000000 0.000000
 0.031667 1.000000 0.000000 1.000000 1.183216 1.000000 0.000000
 0.032778 1.000000 0.000000 1.000000 1.183216 1.000000 0.000000
 0.033889 1.000000 0.000000 1.000000 1.183216 1.000000 0.000000
 0.035000 1.000000 0.000000 1.000000 1.183216 1.000000 0.000000
 0.036111 1.000000 0.000000 1.000000 1.183216 1.000000 0.000000
 0.037222 1.000000 0.000000 1.000000 1.183216 1.000000 0.000000
 0.038333 1.000000 0.000000 1.000000 1.183216 1.000000 0.000000
 0.039444 1.000000 0.000000 1.000000 1.183216 1.000000 0.000000
 0.040556 1.000000 0.000000 1.000000 1.183216 1.000000 0.000000
 0.041667 1.000000 0.000000 1.000000 1.183216 1.000000 0.000000
 0.042778 1.000000 0.000000 1.000000 1.183216 1.000000 0.000000
 0.043889 1.000000 0.000000 1.000000 1.183216 1.000000 0.000000
 0.045000 1.000000 0.000000 1.000000 1.183216 1.000000 0.000000
 0.046111 1.000000 0.000000 1.000000 1.183216 1.000000 0.000000
 0.047222 1.000000 0.000000 1.000000 1.183216 1.000000 0.000000
 0.048333 1.000000 0.000000 1.000000 1.183216 1.000000 0.000000
 0.049444 1.000000 0.000000 1.000000 1.183216 1.000000 0.000000
 0.050556 1.000000 0.000000 1.000000 1.183216 1.000000 0.000000
 0.051667 1.000000 0.000000 1.000000 1.183216 1.000000 0.000000
 0.052778 1.000000 0.000000 1.000000 1.183216 1.000000 0.000000
 0.053889 1.000000 0.000000 1.000000 1.183216 1.000000 0.000000
 0.055000 1.000000 0.000000 1.000000 1.183216 1.000000 0.000000
 0.056111 1.000000 0.000000 1.000000 1.183216 1.000000 0.000000
 0.057222 1.000000 0.000000 1.000000 1.183216 1.000000 0.000000
 0.058333 1.000000 0.000000 1.000000 1.183216 1.000000 0.000000
 0.059444 1.000000 0.000000 1.000000 1.183216 1.000000 0.000000
 0.060556 1.000000 0.000000 1.000000 1.183216 1.000000 0.000000
 0.061667 1.000000 0.000000 1.000000 1.183216 1.000000 0.000000
 0.062778 1.000000 0.000000 1.000000 1.183216 1.000000 0.000000
 0.063889 1.000000 0.000000 1.000000 1.183216 1.000000 0.000000
 0.065000 1.000000 0.000000 1.000000 1.183216 1.000000 0.000000
 0.066111 1.000000 0.000000 1.000000 1.183216 1.000000 0.000000
 0.067222 1.000000 0.000000 1.000000 1.183216 1.000000 0.000000
 0.068333 1.000000 0.000000 1.000000 1.183216 1.000000 0.000000
 0.069444 1.000000 0.000000 1.000000 1.183216 1.000000 0.000000
 0.070556 1.000000 0.000000 1.000000 1.183216 1.000000 0.000000
 0.071667 1.000000 0.000000 1.000000 1.183216 1.000000 0.000000
 0.072778 1.000000 0.000000 1.000000 1.183216 1.000000 0.000000
 0.073889 1.000000 0.000000 1.000000 1.183216 1.000000 0.000000
 0.075000 1.000000 0.000000 1.000000 1.183216 1.000000 0.000000
 0.076111 1.000000 0.000000 1.000000 1.183216 1.000000 0.000000
 0.077222 1.000000 0.000000 1.000000 1.183216 1.000000 0.000000
 0.078333 1.000000 0.000000 1.000000 1.183216 1.000000 0.000000
 0.079444 1.000000 0.000000 1.000000 1.183216 1.000000 0.000000
 0.080556 1.000000 0.000000 1.000000 1.183216 1.000000 0.000000
 0.081667 1.000000 0.000000 1.000000 1.183216 1.000000 0.000000
 0.082778 1.000000 0.000000 1.000000 1.183216 1.000000 0.000000
 0.083889 1.000000 0.000000 1.000000 1.183216 1.000000 0.000000
 0.085000 1.000000 0.000000 1.000000 1.183216 1.000000 0.000000
 0.086111 1.000000 0.000000 1.000000 1.183216 1.000000 0.000000
 0.087222 1.000000 0.000000 1.000000 1.183216 1.000000 0.000000
 0.088333 1.000000 0.000000 1.000000 1.183216 1.000000 0.000000
 0.089444 1.000000 0.000000 1.000000 1.183216 1.000000 0.000000
 0.090556 1.000000 0.000000 1.000000 1.183216 1.000000 0.000000
 0.091667 1.000000 0.000000 1.000000 1.183216 1.000000 0.000000
 0.092778 1.000000 0.000000 1.000000 1.183216 1.000000 0.000000
 0.093889 1.000000 0.000000 1.000000 1.183216 1.000000 0.000000
 0.095000 1.000000 0.000000 1.000000 1.183216 1.000000 0.000000
 0.096111 1.000000 0.000000 1.000000 1.183216 1.000000 0.000000
 0.097222 1.000000 0.000000 1.000000 1.183216 1.000000 0.000000
 0.098333 1.000000 0.000000 1.000000 1.183216 1.000000 0.000000
 0.099444 1.000000 0.000000 1.000000 1.183216 1.000000 0.000000
 0.100556 1.000000 0.000000 1.000000 1.183216 1.000000 0.000000
 0.101667 1.000000 0.000000 1.000000 1.183216 1.000000 0.000000
 0.102778 1.000000 0.000000 1.000000 1.183216 1.000000 0.000000
 0.103889 1.000000 0.000000 1.000000 1.183216 1.000000 0.000000
 0.105000 1.000000 0.000000 1.000000 1.183216 1.000000 0.000000
 0.106111 1.000000 0.000000 1.000000 1.183216 1.000000 0.000000
 0.107222 1.000000 0.000000 1.000000 1.183216 1.000000 0.000000
 0.108333 1.000000 0.000000 1.000000 1.183216 1.000000 0.000000
 0.109444 1.000000 0.000000 1.000000 1.183216 1.000000 0.000000
 0.110556 1.000000 0.000000 1.000000 1.183216 1.000000 0.000000
 0.111667 1.000000 0.000000 1.000000 1.183216 1.000000 0.000000
 0.112778 1.000000 0.000000 1.000000 1.183216 1.000000 0.000000
 0.113889 1.000000 0.000000 1.000000 1.183216 1.000000 0.000000
 0.115000 1.000000 0.000000 1.000000 1.183216 1.000000 0.000000
 0.116111 1.000000 0.000000 1.000000 1.183216 1.000000 0.000000
 0.117222 1.000000 0.000000 1.000000 1.183216 1.000000 0.000000
 0.118333 1.000000 0.000000 1.000000 1.183216 1.000000 0.000000
 0.119444 1.000000 0.000000 1.000000 1.183216 1.000000 0.000000
 0.120556 1.000000 0.000000 1.000000 1.183216 1.000000 0.000000
 0.121667 1.000000 0.000000 1.000000 1.183216 1.000000 0.000000
 0.122778 1.000000 0.000000 1.000000 1.183216 1.000000 0.000000
 0.123889 1.000000 0.000000 1.000000 1.183216 1.000000 0.000000
 0.125000 1.000000 0.000000 1.000000 1.183216 1.000000 0.000000
 0.126111 1.000000 0.000000 1.000000 1.183216 1.000000 0.000000
 0.127222 1.000000 0.000000 1.000000 1.183216 1.000000 0.000000
 0.128333 1.000000 0.000000 1.000000 1.183216 1.000000 0.000000
 0.129444 1.000000 0.000000 1.000000 1.183216 1.000000 0.000000
 0.130556 1.000000 0.000000 1.000000 1.183216 1.000000 0.000000
 0.131667 1.000000 0.000000 1.000000 1.183216 1.000000 0.000000
 0.132778 1.000000 0.000000 1.000000 1.183216 1.000000 0.000000
 0.133889 1.000000 0.000000 1.000000 1.183216 1.000000 0.000000
 0.135000 1.000000 0.000000 1.000000 1.183216 1.000000 0.000000
 0.136111 1.000000 0.000000 1.000000 1.183216 1.000000 0.000000
 0.137222 1.000000 0.000000 1.000000 1.183216 1.000000 0.000000
 0.138333 1.000000 0.000000 1.000000 1.183216 1.000000 0.000000
 0.139444 1.000000 0.000000 1.000000 1.183216 1.000000 0.000000
 0.140556 1.000000 0.000000 1.000000 1.183216 1.000000 0.000000
 0.141667 1.000000 0.000000 1.000000 1.183216 1.000000 0.000000
 0.142778 1.000000 0.000000 1.000000 1.183216 1.000000 0.000000
 0.143889 1.000000 0.000000 1.000000 1.183216 1.000000 0.000000
 0.145000 1.000000 0.000000 1.000000 1.183216 1.000000 0.000000
 0.146111 1.000000 0.000000 1.000000 1.183216 1.000000 0.000000
 0.147222 1.000000 0.000000 1.000000 1.183216 1.000000 0.000000
 0.148333 1.000000 0.000000 1.000000 1.183216 1.000000 0.000000
 0.149444 1.000000 0.000000 1.000000 1.183216 1.000000 0.000000
 0.150556 1.000000 0.000000 1.000000 1.183216 1.000000 0.000000
 0.151667 1.000000 0.000000 1.000000 1.183216 1.000000 0.000000
 0.152778 1.000000 0.000000 1.000000 1.183216 1.000000 0.000000
 0.153889 1.000000 0.000000 1.000000 1.183216 1.000000 0.000000
 0.155000 1.000000 0.000000 1.000000 1.183216 1.000000 0.000000
 0.156111 1.000000 0.000000 1.000000 1.183216 1.000000 0.000000
 0.157222 1.000000 0.000000 1.000000 1.183216 1.000000 0.000000
 0.158333 1.000000 0.000000 1.000000 1.183216 1.000000 0.000000
 0.159444 1.000000 0.000000 1.000000 1.183216 1.000000 0.000000
 0.160556 1.000000 0.000000 1.000000 1.183216 1.000000 0.000000
 0.161667 1.000000 0.000000 1.000000 1.183216 1.000000 0.000000
 0.162778 1.000000 0.000000 1.000000 1.183216 1.000000 0.000000
 0.163889 1.000000 0.000000 1.000000 1.183216 1.000000 0.000000
 0.165000 1.000000 0.000000 1.000000 1.183216 1.000000 0.000000
 0.166111 1.000000 0.000000 1.000000 1.183216 1.000000 0.000000
 0.167222 1.000000 0.000000 1.000000 1.183216 1.000000 0.000000
 0.168333 1.000000 0.000000 1.000000 1.183216 1.000000 0.000000
 0.169444 1.000000 0.000000 1.000000 1.183216 1.000000 0.000000
 0.170556 1.000000 0.000000 1.000000 1.183216 1.000000 0.000000
 0.171667 1.000000 0.000000 1.000000 1.183216 1.000000 0.000000
 0.172778 1.000000 0.000000 1.000000 1.183216 1.000000 0.000000
 0.173889 1.000000 0.000000 1.000000 1.183216 1.000000 0.000000
 0.175000 1.000000 0.000000 1.000000 1.183216 1.000000 0.000000
 0.176111 1.000000 0.000000 1.000000 1.183216 1.000000 0.000000
 0.177222 1.000000 0.000000 1.000000 1.183216 1.000000 0.000000
 0.178333 1.000000 0.000000 1.000000 1.183216 1.000000 0.000000
 0.179444 1.000000 0.000000 1.000000 1.183216 1.000000 0.000000
 0.180556 1.000000 0.000000 1.000000 1.183216 1.000000 0.000000
 0.181667 1.000000 0.000000 1.000000 1.183216 1.000000 0.000000
 0.182778 1.000000 0.000000 1.000000 1.183216 1.000000 0.000000
 0.183889 1.000000 0.000000 1.000000 1.183216 1.000000 0.000000
 0.185000 1.000000 0.000000 1.000000 1.183216 1.000000 0.000000
 0.186111 1.000000 0.000000 1.000000 1.183216 1.000000 0.000000
 0.187222 1.000000 0.000000 1.000000 1.183216 1.000000 0.000000
 0.188333 1.000000 0.000000 1.000000 1.183216 1.000000 0.000000
 0.189444 1.000000 0.000000 1.000000 1.183216 1.000000 0.000000
 0.190556 1.000000 0.000000 1.000000 1.183216 1.000000 0.000000
 0.191667 1.000000 0.000000 1.000000 1.183216 1.000000 0.000000
 0.192778 1.000000 0.000000 1.000000 1.183216 1.000000 0.000000
 0.193889 1.000000 0.000000 1.000000 1.183216 1.000000 0.000000
 0.195000 1.000000 0.000000 1.000000 1.183216 1.000000 0.000000
 0.196111 1.000000 0.000000 1.000000 1.183216 1.000000 0.000000
 0.197222 1.000000 0.000000 1.000000 1.183216 1.000000 0.000000
 0.198333 1.000000 0.000000 1.000000 1.183216 1.000000 0.000000
 0.199444 1.000000 0.000000 1.000000 1.183216 1.000000 0.000000
 0.200556 1.000000 0.000000 1.000000 1.183216 1.000000 0.000000
 0.201667 1.000000 0.000000 1.000000 1.183216 1.000000 0.000000
 0.202778 1.000000 0.000000 1.000000 1.183216 1.000000 0.000000
 0.203889 1.000000 0.000000 1.000000 1.183216 1.000000 0.000000
 0.205000 1.000000 0.000000 1.000000 1.183216 1.000000 0.000000
 0.206111 1.000000 0.000000 1.000000 1.183216 1.000000 0.000000
 0.207222 1.000000 0.000000 1.000000 1.183216 1.000000 0.000000
 0.208333 1.000000 0.000000 1.000000 1.183216 1.000000 0.000000
 0.209444 1.000000 0.000000 1.000000 1.183216 1.000000 0.000000
 0.210556 1.000000 0.000000 1.000000 1.183216 1.000000 0.000000
 0.211667 1.000000 0.000000 1.000000 1.183216 1.000000 0.000000
 0.212778 1.000000 0.000000 1.000000 1.183216 1.000000 0.000000
 0.213889 1.000000 0.000000 1.000000 1.183216 1.000000 0.000000
 0.215000 1.000000 0.000000 1.000000 1.183216 1.000000 0.000000
 0.216111 1.000000 0.000000 1.000000 1.183216 1.000000 0.000000
 0.217222 1.000000 0.000000 0.999999 1.183216 1.000000 0.000000
 0.218333 0.999999 0.000001 0.999999 1.183216 1.000000 0.000000
 0.219444 0.999999 0.000001 0.999999 1.183216 1.000000 0.000000
 0.220556 0.999999 0.000001 0.999998 1.183216 1.000000 0.000000
 0.221667 0.999998 0.000002 0.999998 1.183216 1.000000 0.000000
 0.222778 0.999998 0.000003 0.999997 1.183215 1.000000 0.000000
 0.223889 0.999997 0.000004 0.999996 1.183215 1.000000 0.000000
 0.225000 0.999996 0.000005 0.999994 1.183215 1.000000 0.000000
 0.226111 0.999994 0.000007 0.999992 1.183215 1.000000 0.000000
 0.227222 0.999992 0.000009 0.999989 1.183214 1.000000 0.000000
 0.228333 0.999990 0.000012 0.999986 1.183214 1.000000 0.000000
 0.229444 0.999986 0.000016 0.999981 1.183213 1.000000 0.000000
 0.230556 0.999982 0.000022 0.999974 1.183212 1.000000 0.000000
 0.231667 0.999976 0.000029 0.999966 1.183210 1.000000 0.000000
 0.232778 0.999968 0.000038 0.999955 1.183208 1.000000 0.000000
 0.233889 0.999958 0.000050 0.999941 1.183206 1.000000 0.000000
 0.235000 0.999945 0.000065 0.999924 1.183203 1.000000 0.000000
 0.236111 0.999929 0.000084 0.999901 1.183199 1.000000 0.000000
 0.237222 0.999909 0.000108 0.999872 1.183194 1.000000 0.000000
 0.238333 0.999883 0.000138 0.999837 1.183188 1.000000 0.000000
 0.239444 0.999851 0.000176 0.999792 1.183181 1.000000 0.000000
 0.240556 0.999812 0.000223 0.999736 1.183171 1.000000 0.000000
 0.241667 0.999763 0.000281 0.999668 1.183160 1.000000 0.000000
 0.242778 0.999703 0.000351 0.999584 1.183146 1.000000 0.000000
 0.243889 0.999630 0.000438 0.999482 1.183128 1.000000 0.000000
 0.245000 0.999542 0.000542 0.999359 1.183108 1.000000 0.000000
 0.246111 0.999436 0.000668 0.999210 1.183082 1.000000 0.000000
 0.247222 0.999309 0.000818 0.999033 1.183052 1.000000 0.000000
 0.248333 0.999158 0.000996 0.998822 1.183017 1.000000 0.000000
 0.249444 0.998981 0.001207 0.998573 1.182975 1.000000 0.000000
 0.250556 0.998772 0.001454 0.998281 1.182925 1.000000 0.000000
 0.251667 0.998528 0.001742 0.997940 1.182868 1.000000 0.000000
 0.252778 0.998246 0.002077 0.997545 1.182801 1.000000 0.000000
 0.253889 0.997920 0.002463 0.997090 1.182724 1.000000 0.000000
 0.255000 0.997548 0.002904 0.996569 1.182635 1.000000 0.000000
 0.256111 0.997123 0.003408 0.995975 1.182535 1.000000 0.000000
 0.257222 0.996642 0.003978 0.995302 1.182421 1.000000 0.000000
 0.258333 0.996101 0.004621 0.994546 1.182292 1.000001 0.000000
 0.259444 0.995494 0.005340 0.993698 1.182148 1.000001 0.000000
 0.260556 0.994819 0.006142 0.992755 1.181988 1.000001 0.000000
 0.261667 0.994071 0.007031 0.991710 1.181810 1.000001 0.000000
 0.262778 0.993246 0.008011 0.990559 1.181614 1.000002 0.000000
 0.263889 0.992343 0.009087 0.989298 1.181399 1.000002 0.000000
 0.265000 0.991356 0.010261 0.987922 1.181165 1.000002 0.000000
 0.266111 0.990285 0.011537 0.986429 1.180910 1.000003 0.000000
 0.267222 0.989128 0.012917 0.984815 1.180634 1.000004 0.000000
 0.268333 0.987882 0.014405 0.983080 1.180337 1.000004 0.000000
 0.269444 0.986546 0.016000 0.981221 1.180018 1.000005 0.000000
 0.270556 0.985121 0.017705 0.979238 1.179677 1.000006 0.000000
 0.271667 0.983606 0.019519 0.977131 1.179315 1.000007 0.000000
 0.272778 0.982001 0.021443 0.974901 1.178931 1.000008 0.000000
 0.273889 0.980308 0.023477 0.972549 1.178524 1.000010 0.000000
 0.275000 0.978526 0.025619 0.970077 1.178097 1.000011 0.000000
 0.276111 0.976658 0.027868 0.967487 1.177647 1.000013 0.000000
 0.277222 0.974705 0.030223 0.964781 1.177177 1.000015 0.000000
 0.278333 0.972670 0.032681 0.961964 1.176686 1.000017 0.000000
 0.279444 0.970554 0.035241 0.959038 1.176175 1.000019 0.000000
 0.280556 0.968360 0.037900 0.956006 1.175644 1.000021 0.000000
 0.281667 0.966091 0.040654 0.952874 1.175094 1.000024 0.000000
 0.282778 0.963750 0.043503 0.949645 1.174526 1.000026 0.000000
 0.283889 0.961339 0.046441 0.946323 1.173939 1.000029 0.000000
 0.285000 0.958861 0.049467 0.942913 1.173335 1.000032 0.000000
 0.286111 0.956319 0.052577 0.939419 1.172714 1.000035 0.000000
 0.287222 0.953717 0.055768 0.935846 1.172078 1.000039 0.000000
 0.288333 0.951057 0.059037 0.932197 1.171425 1.000042 0.000000
 0.289444 0.948343 0.062381 0.928477 1.170758 1.000046 0.000000
 0.290556 0.945576 0.065796 0.924691 1.170076 1.000050 0.000000
 0.291667 0.942761 0.069281 0.920842 1.169381 1.000054 0.000000
 0.292778 0.939899 0.072830 0.916935 1.168672 1.000058 0.000000
 0.293889 0.936994 0.076443 0.912974 1.167952 1.000062 0.000000
 0.295000 0.934047 0.080115 0.908961 1.167219 1.000067 0.000000
 0.296111 0.931063 0.083845 0.904902 1.166475 1.000071 0.000000
 0.297222 0.928043 0.087629 0.900799 1.165720 1.000076 0.000000
 0.298333 0.924989 0.091465 0.896657 1.164954 1.000081 0.000000
 0.299444 0.921904 0.095351 0.892477 1.164179 1.000086 0.000000
 0.300556 0.918790 0.099284 0.888264 1.163394 1.000091 0.000000
 0.301667 0.915648 0.103261 0.884020 1.162601 1.000096 0.000000
 0.302778 0.912482 0.107282 0.879748 1.161799 1.000102 0.000000
 0.303889 0.909292 0.111343 0.875450 1.160989 1.000107 0.000000
 0.305000 0.906082 0.115443 0.871130 1.160171 1.000113 0.000000
 0.306111 0.902851 0.119579 0.866790 1.159346 1.000118 0.000000
 0.307222 0.899602 0.123751 0.862432 1.158513 1.000124 0.000000
 0.308333 0.896337 0.127957 0.858057 1.157675 1.000130 0.000000
 0.309444 0.893056 0.132194 0.853669 1.156829 1.000136 0.000000
 0.310556 0.889762 0.136461 0.849269 1.155978 1.000142 0.000000
 0.311667 0.886455 0.140758 0.844859 1.155121 1.000149 0.000000
 0.312778 0.883137 0.145081 0.840440 1.154259 1.000155 0.000000
 0.313889 0.879809 0.149431 0.836015 1.153391 1.000161 0.000000
 0.315000 0.876472 0.153806 0.831584 1.152519 1.000168 0.000000
 0.316111 0.873127 0.158205 0.827149 1.151642 1.000174 0.000000
 0.317222 0.869775 0.162627 0.822712 1.150760 1.000181 0.000000
 0.318333 0.866416 0.167070 0.818274 1.149874 1.000188 0.000000
 0.319444 0.863053 0.171534 0.813836 1.148983 1.000194 0.000000
 0.320556 0.859685 0.176018 0.809399 1.148089 1.000201 0.000000
 0.321667 0.856314 0.180520 0.804964 1.147191 1.000208 0.000000
 0.322778 0.852940 0.185041 0.800533 1.146290 1.000215 0.000000
 0.323889 0.849563 0.189579 0.796105 1.145385 1.000222 0.000000
 0.325000 0.846185 0.194133 0.791683 1.144477 1.000230 0.000000
 0.326111 0.842806 0.198704 0.787266 1.143565 1.000237 0.000000
 0.327222 0.839427 0.203289 0.782856 1.142651 1.000244 0.000000
 0.328333 0.836048 0.207889 0.778454 1.141734 1.000251 0.000000
 0.329444 0.832669 0.212503 0.774059 1.140814 1.000259 0.000000
 0.330556 0.829292 0.217130 0.769673 1.139891 1.000266 0.000000
 0.331667 0.825917 0.221769 0.765297 1.138966 1.000274 0.000000
 0.332778 0.822544 0.226421 0.760930 1.138038 1.000281 0.000000
 0.333889 0.819173 0.231085 0.756574 1.137108 1.000289 0.000000
 0.335000 0.815805 0.235760 0.752229 1.136176 1.000297 0.000000
 0.336111 0.812441 0.240446 0.747895 1.135242 1.000304 0.000000
 0.337222 0.809080 0.245142 0.743573 1.134306 1.000312 0.000000
 0.338333 0.805723 0.249849 0.739263 1.133367 1.000320 0.000000
 0.339444 0.802370 0.254565 0.734966 1.132427 1.000328 0.000000
 0.340556 0.799022 0.259290 0.730682 1.131485 1.000336 0.000000
 0.341667 0.795679 0.264024 0.726411 1.130541 1.000344 0.000000
 0.342778 0.792341 0.268767 0.722155 1.129595 1.000352 0.000000
 0.343889 0.789009 0.273518 0.717912 1.128648 1.000360 0.000000
 0.345000 0.785682 0.278278 0.713683 1.127699 1.000368 0.000000
 0.346111 0.782361 0.283044 0.709469 1.126749 1.000376 0.000000
 0.347222 0.779046 0.287819 0.705270 1.125797 1.000385 0.000000
 0.348333 0.775737 0.292600 0.701086 1.124844 1.000393 0.000000
 0.349444 0.772435 0.297389 0.696917 1.123889 1.000401 0.000000
 0.350556 0.769139 0.302184 0.692763 1.122933 1.000409 0.000000
 0.351667 0.765851 0.306986 0.688625 1.121976 1.000418 0.000000
 0.352778 0.762569 0.311794 0.684503 1.121017 1.000426 0.000000
 0.353889 0.759294 0.316609 0.680397 1.120058 1.000435 0.000000
 0.355000 0.756026 0.321429 0.676307 1.119097 1.000443 0.000000
 0.356111 0.752766 0.326255 0.672234 1.118135 1.000452 0.000000
 0.357222 0.749514 0.331086 0.668177 1.117172 1.000460 0.000000
 0.358333 0.746269 0.335923 0.664136 1.116207 1.000469 0.000000
 0.359444 0.743032 0.340765 0.660112 1.115242 1.000478 0.000000
 0.360556 0.739803 0.345612 0.656105 1.114276 1.000486 0.000000
 0.361667 0.736581 0.350464 0.652114 1.113309 1.000495 0.000000
 0.362778 0.733368 0.355321 0.648141 1.112341 1.000504 0.000000
 0.363889 0.730163 0.360182 0.644185 1.111371 1.000512 0.000000
 0.365000 0.726966 0.365048 0.640245 1.110401 1.000521 0.000000
 0.366111 0.723778 0.369919 0.636323 1.109431 1.000530 0.000000
 0.367222 0.720598 0.374793 0.632418 1.108459 1.000539 0.000000
 0.368333 0.717426 0.379672 0.628530 1.107486 1.000548 0.000000
 0.369444 0.714263 0.384555 0.624660 1.106513 1.000557 0.000000
 0.370556 0.711109 0.389442 0.620807 1.105539 1.000566 0.000000
 0.371667 0.707963 0.394332 0.616971 1.104564 1.000575 0.000000
 0.372778 0.704827 0.399227 0.613153 1.103589 1.000584 0.000000
 0.373889 0.701699 0.404125 0.609352 1.102612 1.000593 0.000000
 0.375000 0.698579 0.409026 0.605569 1.101635 1.000602 0.000000
 0.376111 0.695469 0.413932 0.601803 1.100658 1.000611 0.000000
 0.377222 0.692368 0.418840 0.598055 1.099679 1.000621 0.000000
 0.378333 0.689275 0.423752 0.594324 1.098700 1.000630 0.000000
 0.379444 0.686192 0.428667 0.590611 1.097721 1.000639 0.000000
 0.380556 0.683118 0.433585 0.586915 1.096740 1.000648 0.000000
 0.381667 0.680053 0.438507 0.583237 1.095760 1.000658 0.000000
 0.382778 0.676997 0.443431 0.579576 1.094778 1.000667 0.000000
 0.383889 0.673950 0.448359 0.575933 1.093796 1.000676 0.000000
 0.385000 0.670912 0.453289 0.572308 1.092813 1.000686 0.000000
 0.386111 0.667884 0.458222 0.568699 1.091830 1.000695 0.000000
 0.387222 0.664864 0.463158 0.565109 1.090846 1.000704 0.000000
 0.388333 0.661855 0.468097 0.561536 1.089862 1.000714 0.000000
 0.389444 0.658854 0.473038 0.557980 1.088877 1.000723 0.000000
 0.390556 0.655863 0.477982 0.554442 1.087892 1.000733 0.000000
 0.391667 0.652881 0.482929 0.550921 1.086906 1.000742 0.000000
 0.392778 0.649908 0.487878 0.547418 1.085920 1.000752 0.000000
 0.393889 0.646945 0.492830 0.543932 1.084933 1.000762 0.000000
 0.395000 0.643991 0.497784 0.540463 1.083945 1.000771 0.000000
 0.396111 0.641046 0.502741 0.537012 1.082957 1.000781 0.000000
 0.397222 0.638111 0.507700 0.533578 1.081969 1.000791 0.000000
 0.398333 0.635185 0.512661 0.530161 1.080980 1.000800 0.000000
 0.399444 0.632269 0.517624 0.526762 1.079991 1.000810 0.000000
 0.400556 0.629362 0.522590 0.523380 1.079002 1.000820 0.000000
 0.401667 0.626465 0.527558 0.520014 1.078011 1.000830 0.000000
 0.402778 0.623577 0.532529 0.516666 1.077021 1.000839 0.000000
 0.403889 0.620698 0.537501 0.513335 1.076030 1.000849 0.000000
 0.405000 0.617829 0.542476 0.510021 1.075039 1.000859 0.000000
 0.406111 0.614969 0.547452 0.506724 1.074047 1.000869 0.000000
 0.407222 0.612119 0.552431 0.503444 1.073055 1.000879 0.000000
 0.408333 0.609278 0.557412 0.500181 1.072062 1.000889 0.000000
 0.409444 0.606446 0.562394 0.496935 1.071069 1.000899 0.000000
 0.410556 0.603624 0.567379 0.493705 1.070076 1.000908 0.000000
 0.411667 0.600812 0.572366 0.490492 1.069082 1.000918 0.000000
 0.412778 0.598008 0.577355 0.487296 1.068088 1.000928 0.000000
 0.413889 0.595215 0.582345 0.484117 1.067093 1.000938 0.000000
 0.415000 0.592430 0.587338 0.480954 1.066098 1.000948 0.000000
 0.416111 0.589655 0.592332 0.477808 1.065103 1.000959 0.000000
 0.417222 0.586890 0.597328 0.474679 1.064108 1.000969 0.000000
 0.418333 0.584134 0.602326 0.471565 1.063112 1.000979 0.000000
 0.419444 0.581387 0.607326 0.468469 1.062115 1.000989 0.000000
 0.420556 0.578650 0.612327 0.465388 1.061119 1.000999 0.000000
 0.421667 0.575922 0.617331 0.462324 1.060122 1.001009 0.000000
 0.422778 0.573203 0.622336 0.459276 1.059124 1.001019 0.000000
 0.423889 0.570494 0.627343 0.456245 1.058127 1.001029 0.000000
 0.425000 0.567794 0.632351 0.453229 1.057128 1.001040 0.000000
 0.426111 0.565103 0.637361 0.450230 1.056130 1.001050 0.000000
 0.427222 0.562422 0.642373 0.447247 1.055131 1.001060 0.000000
 0.428333 0.559750 0.647387 0.444280 1.054132 1.001070 0.000000
 0.429444 0.557088 0.652402 0.441328 1.053133 1.001080 0.000000
 0.430556 0.554434 0.657419 0.438393 1.052133 1.001091 0.000000
 0.431667 0.551790 0.662437 0.435473 1.051133 1.001101 0.000000
 0.432778 0.549156 0.667457 0.432570 1.050133 1.001111 0.000000
 0.433889 0.546530 0.672479 0.429681 1.049132 1.001122 0.000000
 0.435000 0.543914 0.677502 0.426809 1.048131 1.001132 0.000000
 0.436111 0.541307 0.682527 0.423952 1.047130 1.001142 0.000000
 0.437222 0.538709 0.687553 0.421111 1.046129 1.001153 0.000000
 0.438333 0.536121 0.692581 0.418285 1.045127 1.001163 0.000000
 0.439444 0.533542 0.697610 0.415475 1.044125 1.001173 0.000000
 0.440556 0.530972 0.702640 0.412680 1.043122 1.001184 0.000000
 0.441667 0.528411 0.707672 0.409901 1.042120 1.001194 0.000000
 0.442778 0.525859 0.712706 0.407137 1.041117 1.001205 0.000000
 0.443889 0.523317 0.717741 0.404388 1.040113 1.001215 0.000000
 0.445000 0.520784 0.722777 0.401654 1.039110 1.001225 0.000000
 0.446111 0.518260 0.727814 0.398936 1.038106 1.001236 0.000000
 0.447222 0.515745 0.732853 0.396232 1.037102 1.001246 0.000000
 0.448333 0.513239 0.737893 0.393544 1.036098 1.001257 0.000000
 0.449444 0.510743 0.742934 0.390871 1.035093 1.001267 0.000000
 0.450556 0.508256 0.747976 0.388213 1.034088 1.001278 0.000000
 0.451667 0.505778 0.753020 0.385569 1.033084 1.001288 0.000000
 0.452778 0.503309 0.758064 0.382941 1.032078 1.001298 0.000000
 0.453889 0.500849 0.763109 0.380328 1.031073 1.001309 0.000000
 0.455000 0.498399 0.768155 0.377729 1.030068 1.001319 0.000000
 0.456111 0.495958 0.773202 0.375145 1.029062 1.001330 0.000000
 0.457222 0.493526 0.778250 0.372577 1.028056 1.001340 0.000000
 0.458333 0.491103 0.783298 0.370023 1.027050 1.001351 0.000000
 0.459444 0.488690 0.788346 0.367484 1.026044 1.001361 0.000000
 0.460556 0.486287 0.793394 0.364960 1.025038 1.001372 0.000000
 0.461667 0.483893 0.798443 0.362450 1.024033 1.001382 0.000000
 0.462778 0.481508 0.803491 0.359956 1.023027 1.001393 0.000000
 0.463889 0.479133 0.808538 0.357477 1.022021 1.001403 0.000000
 0.465000 0.476769 0.813584 0.355013 1.021015 1.001414 0.000000
 0.466111 0.474414 0.818629 0.352564 1.020010 1.001424 0.000000
 0.467222 0.472069 0.823672 0.350131 1.019005 1.001435 0.000000
 0.468333 0.469735 0.828712 0.347714 1.018001 1.001445 0.000000
 0.469444 0.467412 0.833749 0.345312 1.016997 1.001456 0.000000
 0.470556 0.465100 0.838781 0.342927 1.015995 1.001466 0.000000
 0.471667 0.462800 0.843808 0.340558 1.014993 1.001476 0.000000
 0.472778 0.460512 0.848829 0.338207 1.013993 1.001487 0.000000
 0.473889 0.458237 0.853840 0.335873 1.012994 1.001497 0.000000
 0.475000 0.455975 0.858841 0.333559 1.011997 1.001508 0.000000
 0.476111 0.453729 0.863828 0.331264 1.011004 1.001518 0.000000
 0.477222 0.451500 0.868798 0.328991 1.010013 1.001528 0.000000
 0.478333 0.449289 0.873746 0.326741 1.009027 1.001538 0.000000
 0.479444 0.447099 0.878666 0.324517 1.008047 1.001549 0.000000
 0.480556 0.444933 0.883551 0.322321 1.007074 1.001559 0.000000
 0.481667 0.442796 0.888390 0.320159 1.006109 1.001569 0.000000
 0.482778 0.440693 0.893169 0.318036 1.005157 1.001579 0.000000
 0.483889 0.438632 0.897871 0.315959 1.004220 1.001589 0.000000
 0.485000 0.436624 0.902469 0.313939 1.003304 1.001599 0.000000
 0.486111 0.434683 0.906930 0.311989 1.002415 1.001608 0.000000
 0.487222 0.432827 0.911209 0.310129 1.001562 1.001618 0.000000
 0.488333 0.431083 0.915244 0.308384 1.000758 1.001627 0.000000
 0.489444 0.429483 0.918956 0.306785 1.000019 1.001636 0.000000
 0.490556 0.428067 0.922248 0.305373 0.999363 1.001645 0.000000
 0.491667 0.426880 0.925016 0.304190 0.998812 1.001653 0.000000
 0.492778 0.425959 0.927163 0.303275 0.998386 1.001662 0.000000
 0.493889 0.425324 0.928645 0.302645 0.998092 1.001672 0.000000
 0.495000 0.424958 0.929499 0.302283 0.997925 1.001681 0.000000
 0.496111 0.424804 0.929854 0.302133 0.997858 1.001691 0.000000
 0.497222 0.424786 0.929889 0.302118 0.997854 1.001701 0.000000
 0.498333 0.424833 0.929771 0.302168 0.997881 1.001711 0.000000
 0.499444 0.424902 0.929602 0.302239 0.997919 1.001721 0.000000
 0.500556 0.424972 0.929430 0.302312 0.997957 1.001731 0.000000
 0.501667 0.425038 0.929269 0.302381 0.997993 1.001742 0.000000
 0.502778 0.425098 0.929121 0.302444 0.998026 1.001752 0.000000
 0.503889 0.425152 0.928986 0.302501 0.998057 1.001763 0.000000
 0.505000 0.425201 0.928864 0.302553 0.998085 1.001774 0.000000
 0.506111 0.425244 0.928754 0.302600 0.998111 1.001785 0.000000
 0.507222 0.425284 0.928654 0.302642 0.998135 1.001796 0.000000
 0.508333 0.425319 0.928564 0.302680 0.998157 1.001807 0.000000
 0.509444 0.425350 0.928483 0.302715 0.998178 1.001819 0.000000
 0.510556 0.425378 0.928409 0.302746 0.998196 1.001830 0.000000
 0.511667 0.425403 0.928343 0.302775 0.998214 1.001842 0.000000
 0.512778 0.425425 0.928282 0.302800 0.998230 1.001854 0.000000
 0.513889 0.425445 0.928228 0.302824 0.998246 1.001866 0.000000
 0.515000 0.425462 0.928178 0.302845 0.998260 1.001878 0.000000
 0.516111 0.425478 0.928132 0.302864 0.998274 1.001890 0.000000
 0.517222 0.425492 0.928090 0.302882 0.998286 1.001903 0.000000
 0.518333 0.425505 0.928052 0.302898 0.998299 1.001916 0.000000
 0.519444 0.425516 0.928017 0.302913 0.998310 1.001929 0.000000
 0.520556 0.425525 0.927985 0.302927 0.998321 1.001942 0.000000
 0.521667 0.425534 0.927955 0.302940 0.998332 1.001955 0.000000
 0.522778 0.425542 0.927928 0.302951 0.998342 1.001968 0.000000
 0.523889 0.425548 0.927903 0.302962 0.998352 1.001982 0.000000
 0.525000 0.425554 0.927880 0.302972 0.998362 1.001996 0.000000
 0.526111 0.425559 0.927858 0.302981 0.998371 1.002010 0.000000
 0.527222 0.425564 0.927838 0.302990 0.998380 1.002024 0.000000
 0.528333 0.425567 0.927819 0.302998 0.998389 1.002039 0.000000
 0.529444 0.425570 0.927802 0.303006 0.998398 1.002053 0.000000
 0.530556 0.425573 0.927786 0.303012 0.998407 1.002068 0.000000
 0.531667 0.425575 0.927771 0.303019 0.998415 1.002083 0.000000
 0.532778 0.425576 0.927757 0.303025 0.998423 1.002099 0.000000
 0.533889 0.425577 0.927744 0.303031 0.998431 1.002114 0.000000
 0.535000 0.425577 0.927731 0.303036 0.998440 1.002130 0.000000
 0.536111 0.425577 0.927720 0.303041 0.998448 1.002146 0.000000
 0.537222 0.425577 0.927709 0.303045 0.998456 1.002163 0.000000
 0.538333 0.425576 0.927699 0.303050 0.998464 1.002179 0.000000
 0.539444 0.425575 0.927690 0.303054 0.998472 1.002196 0.000000
 0.540556 0.425574 0.927681 0.303058 0.998480 1.002213 0.000000
 0.541667 0.425572 0.927672 0.303061 0.998487 1.002231 0.000000
 0.542778 0.425571 0.927664 0.303065 0.998495 1.002249 0.000000
 0.543889 0.425568 0.927657 0.303068 0.998503 1.002267 0.000000
 0.545000 0.425566 0.927650 0.303071 0.998511 1.002285 0.000000
 0.546111 0.425563 0.927643 0.303074 0.998519 1.002304 0.000000
 0.547222 0.425560 0.927637 0.303077 0.998527 1.002323 0.000000
 0.548333 0.425557 0.927631 0.303080 0.998535 1.002342 0.000000
 0.549444 0.425553 0.927625 0.303082 0.998544 1.002362 0.000000
 0.550556 0.425550 0.927620 0.303084 0.998552 1.002381 0.000000
 0.551667 0.425546 0.927615 0.303087 0.998560 1.002402 0.000000
 0.552778 0.425542 0.927610 0.303089 0.998568 1.002423 0.000000
 0.553889 0.425537 0.927606 0.303091 0.998577 1.002444 0.000000
 0.555000 0.425533 0.927602 0.303093 0.998585 1.002465 0.000000
 0.556111 0.425528 0.927597 0.303094 0.998594 1.002487 0.000000
 0.557222 0.425523 0.927594 0.303096 0.998603 1.002509 0.000000
 0.558333 0.425518 0.927590 0.303098 0.998612 1.002532 0.000000
 0.559444 0.425512 0.927586 0.303099 0.998621 1.002555 0.000000
 0.560556 0.425507 0.927583 0.303101 0.998630 1.002579 0.000000
 0.561667 0.425501 0.927580 0.303102 0.998639 1.002603 0.000000
 0.562778 0.425495 0.927577 0.303104 0.998648 1.002627 0.000000
 0.563889 0.425488 0.927574 0.303105 0.998658 1.002653 0.000000
 0.565000 0.425482 0.927571 0.303106 0.998668 1.002678 0.000000
 0.566111 0.425475 0.927568 0.303108 0.998678 1.002704 0.000000
 0.567222 0.425468 0.927566 0.303109 0.998688 1.002731 0.000000
 0.568333 0.425461 0.927564 0.303110 0.998698 1.002758 0.000000
 0.569444 0.425454 0.927561 0.303111 0.998708 1.002786 0.000000
 0.570556 0.425446 0.927559 0.303112 0.998719 1.002814 0.000000
 0.571667 0.425439 0.927557 0.303113 0.998729 1.002843 0.000000
 0.572778 0.425431 0.927555 0.303114 0.998740 1.002873 0.000000
 0.573889 0.425422 0.927553 0.303115 0.998752 1.002903 0.000000
 0.575000 0.425414 0.927551 0.303116 0.998763 1.002934 0.000000
 0.576111 0.425405 0.927550 0.303117 0.998775 1.002966 0.000000
 0.577222 0.425396 0.927548 0.303117 0.998787 1.002998 0.000000
 0.578333 0.425387 0.927546 0.303118 0.998799 1.003031 0.000000
 0.579444 0.425377 0.927545 0.303119 0.998811 1.003065 0.000000
 0.580556 0.425367 0.927543 0.303120 0.998824 1.003100 0.000000
 0.581667 0.425357 0.927542 0.303120 0.998837 1.003135 0.000000
 0.582778 0.425347 0.927541 0.303121 0.998850 1.003172 0.000000
 0.583889 0.425336 0.927539 0.303122 0.998864 1.003209 0.000000
 0.585000 0.425325 0.927538 0.303122 0.998878 1.003248 0.000000
 0.586111 0.425314 0.927537 0.303123 0.998892 1.003287 0.000000
 0.587222 0.425302 0.927536 0.303123 0.998907 1.003328 0.000000
 0.588333 0.425290 0.927535 0.303124 0.998922 1.003369 0.000000
 0.589444 0.425278 0.927534 0.303125 0.998937 1.003412 0.000000
 0.590556 0.425265 0.927533 0.303125 0.998953 1.003455 0.000000
 0.591667 0.425252 0.927532 0.303126 0.998969 1.003500 0.000000
 0.592778 0.425239 0.927531 0.303126 0.998986 1.003547 0.000000
 0.593889 0.425225 0.927530 0.303127 0.999003 1.003594 0.000000
 0.595000 0.425210 0.927529 0.303127 0.999021 1.003643 0.000000
 0.596111 0.425196 0.927529 0.303128 0.999039 1.003694 0.000000
 0.597222 0.425180 0.927528 0.303128 0.999058 1.003746 0.000000
 0.598333 0.425164 0.927527 0.303128 0.999077 1.003800 0.000000
 0.599444 0.425148 0.927526 0.303129 0.999097 1.003855 0.000000
 0.600556 0.425131 0.927526 0.303129 0.999117 1.003912 0.000000
 0.601667 0.425114 0.927525 0.303130 0.999138 1.003971 0.000000
 0.602778 0.425096 0.927525 0.303130 0.999160 1.004032 0.000000
 0.603889 0.425077 0.927524 0.303130 0.999183 1.004095 0.000000
 0.605000 0.425058 0.927523 0.303131 0.999206 1.004161 0.000000
 0.606111 0.425037 0.927523 0.303131 0.999231 1.004228 0.000000
 0.607222 0.425017 0.927522 0.303132 0.999256 1.004299 0.000000
 0.608333 0.424995 0.927522 0.303132 0.999282 1.004371 0.000000
 0.609444 0.424972 0.927521 0.303132 0.999309 1.004447 0.000000
 0.610556 0.424949 0.927521 0.303133 0.999337 1.004526 0.000000
 0.611667 0.424924 0.927521 0.303133 0.999366 1.004608 0.000000
 0.612778 0.424899 0.927520 0.303133 0.999397 1.004693 0.000000
 0.613889 0.424872 0.927520 0.303133 0.999428 1.004782 0.000000
 0.615000 0.424845 0.927520 0.303134 0.999462 1.004876 0.000000
 0.616111 0.424815 0.927519 0.303134 0.999497 1.004973 0.000000
 0.617222 0.424785 0.927519 0.303134 0.999533 1.005076 0.000000
 0.618333 0.424752 0.927519 0.303135 0.999572 1.005184 0.000000
 0.619444 0.424718 0.927518 0.303135 0.999612 1.005298 0.000000
 0.620556 0.424682 0.927518 0.303135 0.999655 1.005419 0.000000
 0.621667 0.424643 0.927518 0.303135 0.999701 1.005548 0.000000
 0.622778 0.424602 0.927517 0.303136 0.999751 1.005686 0.000000
 0.623889 0.424557 0.927517 0.303136 0.999803 1.005835 0.000000
 0.625000 0.424509 0.927517 0.303136 0.999861 1.005996 0.000000
 0.626111 0.424456 0.927517 0.303136 0.999924 1.006173 0.000000
 0.627222 0.424398 0.927517 0.303137 0.999993 1.006367 0.000000
 0.628333 0.424333 0.927516 0.303137 1.000069 1.006583 0.000000
 0.629444 0.424260 0.927516 0.303137 1.000156 1.006826 0.000000
 0.630556 0.424177 0.927516 0.303137 1.000254 1.007102 0.000000
 0.631667 0.424082 0.927516 0.303138 1.000366 1.007418 0.000000
 0.632778 0.423973 0.927516 0.303138 1.000496 1.007784 0.000000
 0.633889 0.423845 0.927516 0.303138 1.000647 1.008210 0.000000
 0.635000 0.423694 0.927516 0.303138 1.000825 1.008711 0.000000
 0.636111 0.423517 0.927516 0.303139 1.001035 1.009304 0.000000
 0.637222 0.423306 0.927516 0.303139 1.001284 1.010008 0.000000
 0.638333 0.423056 0.927515 0.303139 1.001581 1.010846 0.000000
 0.639444 0.422757 0.927515 0.303139 1.001935 1.011847 0.000000
 0.640556 0.422400 0.927515 0.303139 1.002358 1.013044 0.000000
 0.641667 0.421976 0.927515 0.303140 1.002863 1.014472 0.000000
 0.642778 0.421471 0.927515 0.303140 1.003464 1.016176 0.000000
 0.643889 0.420872 0.927515 0.303140 1.004178 1.018202 0.000000
 0.645000 0.420164 0.927515 0.303140 1.005024 1.020604 0.000000
 0.646111 0.419331 0.927515 0.303140 1.006021 1.023442 0.000000
 0.647222 0.418357 0.927515 0.303141 1.007193 1.026782 0.000000
 0.648333 0.417223 0.927515 0.303141 1.008561 1.030692 0.000000
 0.649444 0.415910 0.927515 0.303141 1.010152 1.035250 0.000000
 0.650556 0.414401 0.927515 0.303141 1.011990 1.040534 0.000000
 0.651667 0.412676 0.927515 0.303141 1.014103 1.046630 0.000000
 0.652778 0.410718 0.927515 0.303142 1.016518 1.053622 0.000000
 0.653889 0.408511 0.927515 0.303142 1.019261 1.061601 0.000000
 0.655000 0.406040 0.927515 0.303142 1.022357 1.070655 0.000000
 0.656111 0.403295 0.927515 0.303142 1.025831 1.080873 0.000000
 0.657222 0.400266 0.927516 0.303142 1.029705 1.092341 0.000000
 0.658333 0.396949 0.927516 0.303143 1.033999 1.105142 0.000000
 0.659444 0.393344 0.927516 0.303143 1.038727 1.119350 0.000000
 0.660556 0.389454 0.927516 0.303143 1.043902 1.135035 0.000000
 0.661667 0.385288 0.927516 0.303143 1.049530 1.152253 0.000000
 0.662778 0.380861 0.927516 0.303143 1.055613 1.171048 0.000000
 0.663889 0.376192 0.927516 0.303143 1.062144 1.191448 0.000000
 0.665000 0.371304 0.927516 0.303144 1.069113 1.213465 0.000000
 0.666111 0.366226 0.927516 0.303144 1.076499 1.237085 0.000000
 0.667222 0.360991 0.927516 0.303144 1.084277 1.262275 0.000000
 0.668333 0.355635 0.927517 0.303144 1.092412 1.288972 0.000000
 0.669444 0.350196 0.927517 0.303144 1.100863 1.317086 0.000000
 0.670556 0.344715 0.927517 0.303144 1.109581 1.346498 0.000000
 0.671667 0.339233 0.927517 0.303145 1.118510 1.377057 0.000000
 0.672778 0.333793 0.927517 0.303145 1.127589 1.408584 0.000000
 0.673889 0.328433 0.927517 0.303145 1.136752 1.440869 0.000000
 0.675000 0.323194 0.927518 0.303145 1.145929 1.473678 0.000000
 0.676111 0.318110 0.927518 0.303145 1.155050 1.506755 0.000000
 0.677222 0.313214 0.927518 0.303145 1.164042 1.539830 0.000000
 0.678333 0.308535 0.927518 0.303145 1.172836 1.572623 0.000000
 0.679444 0.304096 0.927518 0.303146 1.181365 1.604854 0.000000
 0.680556 0.299917 0.927519 0.303146 1.189567 1.636249 0.000000
 0.681667 0.296012 0.927519 0.303146 1.197389 1.666551 0.000000
 0.682778 0.292390 0.927519 0.303146 1.204783 1.695528 0.000000
 0.683889 0.289055 0.927519 0.303146 1.211713 1.722977 0.000000
 0.685000 0.286008 0.927519 0.303146 1.218151 1.748732 0.000000
 0.686111 0.283244 0.927520 0.303146 1.224080 1.772667 0.000000
 0.687222 0.280756 0.927520 0.303147 1.229492 1.794698 0.000000
 0.688333 0.278533 0.927520 0.303147 1.234389 1.814784 0.000000
 0.689444 0.276562 0.927520 0.303147 1.238781 1.832922 0.000000
 0.690556 0.274826 0.927521 0.303147 1.242686 1.849147 0.000000
 0.691667 0.273310 0.927521 0.303147 1.246128 1.863525 0.000000
 0.692778 0.271996 0.927521 0.303147 1.249137 1.876148 0.000000
 0.693889 0.270864 0.927521 0.303147 1.251743 1.887129 0.000000
 0.695000 0.269898 0.927522 0.303148 1.253982 1.896595 0.000000
 0.696111 0.269079 0.927522 0.303148 1.255889 1.904681 0.000000
 0.697222 0.268391 0.927522 0.303148 1.257499 1.911526 0.000000
 0.698333 0.267816 0.927522 0.303148 1.258847 1.917270 0.000000
 0.699444 0.267341 0.927523 0.303148 1.259967 1.922047 0.000000
 0.700556 0.266950 0.927523 0.303148 1.260888 1.925984 0.000000
 0.701667 0.266633 0.927523 0.303148 1.261639 1.929198 0.000000
 0.702778 0.266376 0.927524 0.303149 1.262246 1.931800 0.000000
 0.703889 0.266171 0.927524 0.303149 1.262733 1.933884 0.000000
 0.705000 0.266009 0.927524 0.303149 1.263118 1.935538 0.000000
 0.706111 0.265881 0.927525 0.303149 1.263421 1.936837 0.000000
 0.707222 0.265783 0.927525 0.303149 1.263656 1.937845 0.000000
 0.708333 0.265707 0.927525 0.303149 1.263836 1.938617 0.000000
 0.709444 0.265650 0.927526 0.303149 1.263972 1.939201 0.000000
 0.710556 0.265608 0.927526 0.303150 1.264073 1.939636 0.000000
 0.711667 0.265577 0.927526 0.303150 1.264147 1.939953 0.000000
 0.712778 0.265555 0.927527 0.303150 1.264200 1.940178 0.000000
 0.713889 0.265540 0.927527 0.303150 1.264236 1.940334 0.000000
 0.715000 0.265530 0.927527 0.303150 1.264260 1.940436 0.000000
 0.716111 0.265524 0.927528 0.303150 1.264274 1.940498 0.000000
 0.717222 0.265521 0.927528 0.303151 1.264282 1.940531 0.000000
 0.718333 0.265520 0.927529 0.303151 1.264285 1.940542 0.000000
 0.719444 0.265520 0.927529 0.303151 1.264284 1.940539 0.000000
 0.720556 0.265522 0.927529 0.303151 1.264281 1.940525 0.000000
 0.721667 0.265524 0.927530 0.303151 1.264276 1.940505 0.000000
 0.722778 0.265526 0.927530 0.303151 1.264271 1.940480 0.000000
 0.723889 0.265529 0.927531 0.303152 1.264265 1.940453 0.000000
 0.725000 0.265532 0.927531 0.303152 1.264258 1.940425 0.000000
 0.726111 0.265535 0.927532 0.303152 1.264252 1.940398 0.000000
 0.727222 0.265537 0.927532 0.303152 1.264246 1.940370 0.000000
 0.728333 0.265540 0.927533 0.303152 1.264240 1.940344 0.000000
 0.729444 0.265543 0.927533 0.303153 1.264234 1.940319 0.000000
 0.730556 0.265545 0.927533 0.303153 1.264229 1.940296 0.000000
 0.731667 0.265547 0.927534 0.303153 1.264224 1.940274 0.000000
 0.732778 0.265550 0.927534 0.303153 1.264219 1.940253 0.000000
 0.733889 0.265552 0.927535 0.303153 1.264215 1.940233 0.000000
 0.735000 0.265553 0.927535 0.303154 1.264210 1.940215 0.000000
 0.736111 0.265555 0.927536 0.303154 1.264207 1.940199 0.000000
 0.737222 0.265557 0.927537 0.303154 1.264203 1.940183 0.000000
 0.738333 0.265558 0.927537 0.303154 1.264200 1.940168 0.000000
 0.739444 0.265560 0.927538 0.303154 1.264197 1.940155 0.000000
 0.740556 0.265561 0.927538 0.303155 1.264194 1.940142 0.000000
 0.741667 0.265563 0.927539 0.303155 1.264191 1.940130 0.000000
 0.742778 0.265564 0.927539 0.303155 1.264189 1.940119 0.000000
 0.743889 0.265565 0.927540 0.303155 1.264187 1.940109 0.000000
 0.745000 0.265566 0.927541 0.303156 1.264185 1.940099 0.000000
 0.746111 0.265567 0.927541 0.303156 1.264183 1.940090 0.000000
 0.747222 0.265568 0.927542 0.303156 1.264181 1.940082 0.000000
 0.748333 0.265569 0.927542 0.303156 1.264179 1.940074 0.000000
 0.749444 0.265570 0.927543 0.303156 1.264177 1.940066 0.000000
 0.750556 0.265571 0.927544 0.303157 1.264176 1.940059 0.000000
 0.751667 0.265572 0.927544 0.303157 1.264175 1.940052 0.000000
 0.752778 0.265572 0.927545 0.303157 1.264173 1.940046 0.000000
 0.753889 0.265573 0.927546 0.303157 1.264172 1.940040 0.000000
 0.755000 0.265574 0.927547 0.303158 1.264171 1.940035 0.000000
 0.756111 0.265574 0.927547 0.303158 1.264170 1.940029 0.000000
 0.757222 0.265575 0.927548 0.303158 1.264169 1.940024 0.000000
 0.758333 0.265576 0.927549 0.303159 1.264168 1.940019 0.000000
 0.759444 0.265576 0.927550 0.303159 1.264167 1.940015 0.000000
 0.760556 0.265577 0.927550 0.303159 1.264166 1.940011 0.000000
 0.761667 0.265578 0.927551 0.303159 1.264165 1.940007 0.000000
 0.762778 0.265578 0.927552 0.303160 1.264165 1.940003 0.000000
 0.763889 0.265579 0.927553 0.303160 1.264164 1.939999 0.000000
 0.765000 0.265579 0.927554 0.303160 1.264163 1.939995 0.000000
 0.766111 0.265580 0.927555 0.303161 1.264163 1.939992 0.000000
 0.767222 0.265580 0.927556 0.303161 1.264162 1.939989 0.000000
 0.768333 0.265581 0.927557 0.303161 1.264162 1.939986 0.000000
 0.769444 0.265581 0.927558 0.303162 1.264161 1.939983 0.000000
 0.770556 0.265582 0.927559 0.303162 1.264161 1.939980 0.000000
 0.771667 0.265582 0.927560 0.303162 1.264160 1.939977 0.000000
 0.772778 0.265583 0.927561 0.303163 1.264160 1.939975 0.000000
 0.773889 0.265583 0.927562 0.303163 1.264160 1.939972 0.000000
 0.775000 0.265584 0.927563 0.303164 1.264159 1.939970 0.000000
 0.776111 0.265584 0.927564 0.303164 1.264159 1.939968 0.000000
 0.777222 0.265585 0.927565 0.303164 1.264159 1.939965 0.000000
 0.778333 0.265585 0.927566 0.303165 1.264158 1.939963 0.000000
 0.779444 0.265586 0.927567 0.303165 1.264158 1.939961 0.000000
 0.780556 0.265586 0.927568 0.303166 1.264158 1.939959 0.000000
 0.781667 0.265586 0.927570 0.303166 1.264158 1.939957 0.000000
 0.782778 0.265587 0.927571 0.303166 1.264158 1.939956 0.000000
 0.783889 0.265587 0.927572 0.303167 1.264158 1.939954 0.000000
 0.785000 0.265588 0.927574 0.303167 1.264157 1.939952 0.000000
 0.786111 0.265588 0.927575 0.303168 1.264157 1.939951 0.000000
 0.787222 0.265589 0.927576 0.303168 1.264157 1.939949 0.000000
 0.788333 0.265589 0.927578 0.303169 1.264157 1.939947 0.000000
 0.789444 0.265590 0.927579 0.303169 1.264157 1.939946 0.000000
 0.790556 0.265590 0.927581 0.303170 1.264157 1.939945 0.000000
 0.791667 0.265591 0.927582 0.303170 1.264157 1.939943 0.000000
 0.792778 0.265591 0.927584 0.303171 1.264157 1.939942 0.000000
 0.793889 0.265592 0.927586 0.303171 1.264157 1.939941 0.000000
 0.795000 0.265592 0.927587 0.303172 1.264157 1.939939 0.000000
 0.796111 0.265593 0.927589 0.303173 1.264157 1.939938 0.000000
 0.797222 0.265593 0.927591 0.303173 1.264157 1.939937 0.000000
 0.798333 0.265594 0.927593 0.303174 1.264158 1.939936 0.000000
 0.799444 0.265594 0.927595 0.303175 1.264158 1.939935 0.000000
 0.800556 0.265595 0.927596 0.303175 1.264158 1.939934 0.000000
 0.801667 0.265595 0.927598 0.303176 1.264158 1.939933 0.000000
 0.802778 0.265596 0.927600 0.303177 1.264158 1.939932 0.000000
 0.803889 0.265596 0.927602 0.303177 1.264158 1.939931 0.000000
 0.805000 0.265596 0.927603 0.303178 1.264158 1.939930 0.000000
 0.806111 0.265597 0.927604 0.303178 1.264158 1.939929 0.000000
 0.807222 0.265596 0.927602 0.303177 1.264158 1.939928 0.000000
 0.808333 0.265595 0.927597 0.303175 1.264156 1.939927 0.000000
 0.809444 0.265593 0.927583 0.303171 1.264153 1.939926 0.000000
 0.810556 0.265586 0.927552 0.303160 1.264147 1.939925 0.000000
 0.811667 0.265572 0.927486 0.303138 1.264134 1.939924 0.000000
 0.812778 0.265544 0.927349 0.303092 1.264106 1.939923 0.000000
 0.813889 0.265484 0.927066 0.302998 1.264049 1.939923 0.000000
 0.815000 0.265363 0.926487 0.302803 1.263933 1.939922 0.000000
 0.816111 0.265115 0.925304 0.302407 1.263696 1.939920 0.000000
 0.817222 0.264610 0.922893 0.301600 1.263214 1.939917 0.000000
 0.818333 0.263587 0.917991 0.299967 1.262231 1.939903 0.000000
 0.819444 0.261532 0.908078 0.296690 1.260240 1.939851 0.000000
 0.820556 0.257469 0.888213 0.290227 1.256232 1.939641 0.000000
 0.821667 0.249693 0.849163 0.277912 1.248286 1.938820 0.000000
 0.822778 0.235707 0.775336 0.255966 1.233016 1.935799 0.000000
 0.823889 0.213309 0.646532 0.221453 1.205590 1.926048 0.000000
 0.825000 0.183913 0.455514 0.177700 1.163059 1.902088 0.000000
 0.826111 0.155404 0.245713 0.137784 1.114120 1.867028 0.000000
 0.827222 0.136787 0.097531 0.113841 1.079418 1.844307 0.000000
 0.828333 0.128698 0.031002 0.104208 1.064702 1.838650 0.000000
 0.829444 0.126054 0.008892 0.101186 1.060097 1.837979 0.000000
 0.830556 0.125291 0.002462 0.100326 1.058794 1.837922 0.000000
 0.831667 0.125080 0.000675 0.100089 1.058436 1.837918 0.000000
 0.832778 0.125022 0.000184 0.100024 1.058337 1.837917 0.000000
 0.833889 0.125006 0.000050 0.100007 1.058311 1.837917 0.000000
 0.835000 0.125002 0.000014 0.100002 1.058303 1.837917 0.000000
 0.836111 0.125000 0.000004 0.100000 1.058301 1.837917 0.000000
 0.837222 0.125000 0.000001 0.100000 1.058301 1.837917 0.000000
 0.838333 0.125000 0.000000 0.100000 1.058301 1.837917 0.000000
 0.839444 0.125000 0.000000 0.100000 1.058301 1.837917 0.000000
 0.840556 0.125000 0.000000 0.100000 1.058301 1.837917 0.000000
 0.841667 0.125000 0.000000 0.100000 1.058301 1.837917 0.000000
 0.842778 0.125000 0.000000 0.100000 1.058301 1.837917 0.000000
 0.843889 0.125000 0.000000 0.100000 1.058301 1.837917 0.000000
 0.845000 0.125000 0.000000 0.100000 1.058301 1.837917 0.000000
 0.846111 0.125000 0.000000 0.100000 1.058301 1.837917 0.000000
 0.847222 0.125000 0.000000 0.100000 1.058301 1.837917 0.000000
 0.848333 0.125000 0.000000 0.100000 1.058301 1.837917 0.000000
 0.849444 0.125000 0.000000 0.100000 1.058301 1.837917 0.000000
 0.850556 0.125000 0.000000 0.100000 1.058301 1.837917 0.000000
 0.851667 0.125000 0.000000 0.100000 1.058301 1.837917 0.000000
 0.852778 0.125000 0.000000 0.100000 1.058301 1.837917 0.000000
 0.853889 0.125000 0.000000 0.100000 1.058301 1.837917 0.000000
 0.855000 0.125000 0.000000 0.100000 1.058301 1.837917 0.000000
 0.856111 0.125000 0.000000 0.100000 1.058301 1.837917 0.000000
 0.857222 0.125000 0.000000 0.100000 1.058301 1.837917 0.000000
 0.858333 0.125000 0.000000 0.100000 1.058301 1.837917 0.000000
 0.859444 0.125000 0.000000 0.100000 1.058301 1.837917 0.000000
 0.860556 0.125000 0.000000 0.100000 1.058301 1.837917 0.000000
 0.861667 0.125000 0.000000 0.100000 1.058301 1.837917 0.000000
 0.862778 0.125000 0.000000 0.100000 1.058301 1.837917 0.000000
 0.863889 0.125000 0.000000 0.100000 1.058301 1.837917 0.000000
 0.865000 0.125000 0.000000 0.100000 1.058301 1.837917 0.000000
 0.866111 0.125000 0.000000 0.100000 1.058301 1.837917 0.000000
 0.867222 0.125000 0.000000 0.100000 1.058301 1.837917 0.000000
 0.868333 0.125000 0.000000 0.100000 1.058301 1.837917 0.000000
 0.869444 0.125000 0.000000 0.100000 1.058301 1.837917 0.000000
 0.870556 0.125000 0.000000 0.100000 1.058301 1.837917 0.000000
 0.871667 0.125000 0.000000 0.100000 1.058301 1.837917 0.000000
 0.872778 0.125000 0.000000 0.100000 1.058301 1.837917 0.000000
 0.873889 0.125000 0.000000 0.100000 1.058301 1.837917 0.000000
 0.875000 0.125000 0.000000 0.100000 1.058301 1.837917 0.000000
 0.876111 0.125000 0.000000 0.100000 1.058301 1.837917 0.000000
 0.877222 0.125000 0.000000 0.100000 1.058301 1.837917 0.000000
 0.878333 0.125000 0.000000 0.100000 1.058301 1.837917 0.000000
 0.879444 0.125000 0.000000 0.100000 1.058301 1.837917 0.000000
 0.880556 0.125000 0.000000 0.100000 1.058301 1.837917 0.000000
 0.881667 0.125000 0.000000 0.100000 1.058301 1.837917 0.000000
 0.882778 0.125000 0.000000 0.100000 1.058301 1.837917 0.000000
 0.883889 0.125000 0.000000 0.100000 1.058301 1.837917 0.000000
 0.885000 0.125000 0.000000 0.100000 1.058301 1.837917 0.000000
 0.886111 0.125000 0.000000 0.100000 1.058301 1.837917 0.000000
 0.887222 0.125000 0.000000 0.100000 1.058301 1.837917 0.000000
 0.888333 0.125000 0.000000 0.100000 1.058301 1.837917 0.000000
 0.889444 0.125000 0.000000 0.100000 1.058301 1.837917 0.000000
 0.890556 0.125000 0.000000 0.100000 1.058301 1.837917 0.000000
 0.891667 0.125000 0.000000 0.100000 1.058301 1.837917 0.000000
 0.892778 0.125000 0.000000 0.100000 1.058301 1.837917 0.000000
 0.893889 0.125000 0.000000 0.100000 1.058301 1.837917 0.000000
 0.895000 0.125000 0.000000 0.100000 1.058301 1.837917 0.000000
 0.896111 0.125000 0.000000 0.100000 1.058301 1.837917 0.000000
 0.897222 0.125000 0.000000 0.100000 1.058301 1.837917 0.000000
 0.898333 0.125000 0.000000 0.100000 1.058301 1.837917 0.000000
 0.899444 0.125000 0.000000 0.100000 1.058301 1.837917 0.000000
 0.900556 0.125000 0.000000 0.100000 1.058301 1.837917 0.000000
 0.901667 0.125000 0.000000 0.100000 1.058301 1.837917 0.000000
 0.902778 0.125000 0.000000 0.100000 1.058301 1.837917 0.000000
 0.903889 0.125000 0.000000 0.100000 1.058301 1.837917 0.000000
 0.905000 0.125000 0.000000 0.100000 1.058301 1.837917 0.000000
 0.906111 0.125000 0.000000 0.100000 1.058301 1.837917 0.000000
 0.907222 0.125000 0.000000 0.100000 1.058301 1.837917 0.000000
 0.908333 0.125000 0.000000 0.100000 1.058301 1.837917 0.000000
 0.909444 0.125000 0.000000 0.100000 1.058301 1.837917 0.000000
 0.910556 0.125000 0.000000 0.100000 1.058301 1.837917 0.000000
 0.911667 0.125000 0.000000 0.100000 1.058301 1.837917 0.000000
 0.912778 0.125000 0.000000 0.100000 1.058301 1.837917 0.000000
 0.913889 0.125000 0.000000 0.100000 1.058301 1.837917 0.000000
 0.915000 0.125000 0.000000 0.100000 1.058301 1.837917 0.000000
 0.916111 0.125000 0.000000 0.100000 1.058301 1.837917 0.000000
 0.917222 0.125000 0.000000 0.100000 1.058301 1.837917 0.000000
 0.918333 0.125000 0.000000 0.100000 1.058301 1.837917 0.000000
 0.919444 0.125000 0.000000 0.100000 1.058301 1.837917 0.000000
 0.920556 0.125000 0.000000 0.100000 1.058301 1.837917 0.000000
 0.921667 0.125000 0.000000 0.100000 1.058301 1.837917 0.000000
 0.922778 0.125000 0.000000 0.100000 1.058301 1.837917 0.000000
 0.923889 0.125000 0.000000 0.100000 1.058301 1.837917 0.000000
 0.925000 0.125000 0.000000 0.100000 1.058301 1.837917 0.000000
 0.926111 0.125000 0.000000 0.100000 1.058301 1.837917 0.000000
 0.927222 0.125000 0.000000 0.100000 1.058301 1.837917 0.000000
 0.928333 0.125000 0.000000 0.100000 1.058301 1.837917 0.000000
 0.929444 0.125000 0.000000 0.100000 1.058301 1.837917 0.000000
 0.930556 0.125000 0.000000 0.100000 1.058301 1.837917 0.000000
 0.931667 0.125000 0.000000 0.100000 1.058301 1.837917 0.000000
 0.932778 0.125000 0.000000 0.100000 1.058301 1.837917 0.000000
 0.933889 0.125000 0.000000 0.100000 1.058301 1.837917 0.000000
 0.935000 0.125000 0.000000 0.100000 1.058301 1.837917 0.000000
 0.936111 0.125000 0.000000 0.100000 1.058301 1.837917 0.000000
 0.937222 0.125000 0.000000 0.100000 1.058301 1.837917 0.000000
 0.938333 0.125000 0.000000 0.100000 1.058301 1.837917 0.000000
 0.939444 0.125000 0.000000 0.100000 1.058301 1.837917 0.000000
 0.940556 0.125000 0.000000 0.100000 1.058301 1.837917 0.000000
 0.941667 0.125000 0.000000 0.100000 1.058301 1.837917 0.000000
 0.942778 0.125000 0.000000 0.100000 1.058301 1.837917 0.000000
 0.943889 0.125000 0.000000 0.100000 1.058301 1.837917 0.000000
 0.945000 0.125000 0.000000 0.100000 1.058301 1.837917 0.000000
 0.946111 0.125000 0.000000 0.100000 1.058301 1.837917 0.000000
 0.947222 0.125000 0.000000 0.100000 1.058301 1.837917 0.000000
 0.948333 0.125000 0.000000 0.100000 1.058301 1.837917 0.000000
 0.949444 0.125000 0.000000 0.100000 1.058301 1.837917 0.000000
 0.950556 0.125000 0.000000 0.100000 1.058301 1.837917 0.000000
 0.951667 0.125000 0.000000 0.100000 1.058301 1.837917 0.000000
 0.952778 0.125000 0.000000 0.100000 1.058301 1.837917 0.000000
 0.953889 0.125000 0.000000 0.100000 1.058301 1.837917 0.000000
 0.955000 0.125000 0.000000 0.100000 1.058301 1.837917 0.000000
 0.956111 0.125000 0.000000 0.100000 1.058301 1.837917 0.000000
 0.957222 0.125000 0.000000 0.100000 1.058301 1.837917 0.000000
 0.958333 0.125000 0.000000 0.100000 1.058301 1.837917 0.000000
 0.959444 0.125000 0.000000 0.100000 1.058301 1.837917 0.000000
 0.960556 0.125000 0.000000 0.100000 1.058301 1.837917 0.000000
 0.961667 0.125000 0.000000 0.100000 1.058301 1.837917 0.000000
 0.962778 0.125000 0.000000 0.100000 1.058301 1.837917 0.000000
 0.963889 0.125000 0.000000 0.100000 1.058301 1.837917 0.000000
 0.965000 0.125000 0.000000 0.100000 1.058301 1.837917 0.000000
 0.966111 0.125000 0.000000 0.100000 1.058301 1.837917 0.000000
 0.967222 0.125000 0.000000 0.100000 1.058301 1.837917 0.000000
 0.968333 0.125000 0.000000 0.100000 1.058301 1.837917 0.000000
 0.969444 0.125000 0.000000 0.100000 1.058301 1.837917 0.000000
 0.970556 0.125000 0.000000 0.100000 1.058301 1.837917 0.000000
 0.971667 0.125000 0.000000 0.100000 1.058301 1.837917 0.000000
 0.972778 0.125000 0.000000 0.100000 1.058301 1.837917 0.000000
 0.973889 0.125000 0.000000 0.100000 1.058301 1.837917 0.000000
 0.975000 0.125000 0.000000 0.100000 1.058301 1.837917 0.000000
 0.976111 0.125000 0.000000 0.100000 1.058301 1.837917 0.000000
 0.977222 0.125000 0.000000 0.100000 1.058301 1.837917 0.000000
 0.978333 0.125000 0.000000 0.100000 1.058301 1.837917 0.000000
 0.979444 0.125000 0.000000 0.100000 1.058301 1.837917 0.000000
 0.980556 0.125000 0.000000 0.100000 1.058301 1.837917 0.000000
 0.981667 0.125000 0.000000 0.100000 1.058301 1.837917 0.000000
 0.982778 0.125000 0.000000 0.100000 1.058301 1.837917 0.000000
 0.983889 0.125000 0.000000 0.100000 1.058301 1.837917 0.000000
 0.985000 0.125000 0.000000 0.100000 1.058301 1.837917 0.000000
 0.986111 0.125000 0.000000 0.100000 1.058301 1.837917 0.000000
 0.987222 0.125000 0.000000 0.100000 1.058301 1.837917 0.000000
 0.988333 0.125000 0.000000 0.100000 1.058301 1.837917 0.000000
 0.989444 0.125000 0.000000 0.100000 1.058301 1.837917 0.000000
 0.990556 0.125000 0.000000 0.100000 1.058301 1.837917 0.000000
 0.991667 0.125000 0.000000 0.100000 1.058301 1.837917 0.000000
 0.992778 0.125000 0.000000 0.100000 1.058301 1.837917 0.000000
 0.993889 0.125000 0.000000 0.100000 1.058301 1.837917 0.000000
 0.995000 0.125000 0.000000 0.100000 1.058301 1.837917 0.000000
 0.996111 0.125000 0.000000 0.100000 1.058301 1.837917 0.000000
 0.997222 0.125000 0.000000 0.100000 1.058301 1.837917 0.000000
 0.998333 0.125000 0.000000 0.100000 1.058301 1.837917 0.000000
 0.999444 0.125000 0.000000 0.100000 1.058301 1.837917 0.000000
