Timer: 0.104770
 0.000556 2.000000 0.000000 2.000000 1.183216 0.757858 0.000000
 0.001667 2.000000 0.000000 2.000000 1.183216 0.757858 0.000000
 0.002778 2.000000 0.000000 2.000000 1.183216 0.757858 0.000000
 0.003889 2.000000 0.000000 2.000000 1.183216 0.757858 0.000000
 0.005000 2.000000 0.000000 2.000000 1.183216 0.757858 0.000000
 0.006111 2.000000 0.000000 2.000000 1.183216 0.757858 0.000000
 0.007222 2.000000 0.000000 2.000000 1.183216 0.757858 0.000000
 0.008333 2.000000 0.000000 2.000000 1.183216 0.757858 0.000000
 0.009444 2.000000 0.000000 2.000000 1.183216 0.757858 0.000000
 0.010556 2.000000 0.000000 2.000000 1.183216 0.757858 0.000000
 0.011667 2.000000 0.000000 2.000000 1.183216 0.757858 0.000000
 0.012778 2.000000 0.000000 2.000000 1.183216 0.757858 0.000000
 0.013889 2.000000 0.000000 2.000000 1.183216 0.757858 0.000000
 0.015000 2.000000 0.000000 2.000000 1.183216 0.757858 0.000000
 0.016111 2.000000 0.000000 2.000000 1.183216 0.757858 0.000000
 0.017222 2.000000 0.000000 2.000000 1.183216 0.757858 0.000000
 0.018333 2.000000 0.000000 2.000000 1.183216 0.757858 0.000000
 0.019444 2.000000 0.000000 2.000000 1.183216 0.757858 0.000000
 0.020556 2.000000 0.000000 2.000000 1.183216 0.757858 0.000000
 0.021667 2.000000 0.000000 2.000000 1.183216 0.757858 0.000000
 0.022778 2.000000 0.000000 2.000000 1.183216 0.757858 0.000000
 0.023889 2.000000 0.000000 2.000000 1.183216 0.757858 0.000000
 0.025000 2.000000 0.000000 2.000000 1.183216 0.757858 0.000000
 0.026111 2.000000 0.000000 2.000000 1.183216 0.757858 0.000000
 0.027222 2.000000 0.000000 2.000000 1.183216 0.757858 0.000000
 0.028333 2.000000 0.000000 2.000000 1.183216 0.757858 0.000000
 0.029444 2.000000 0.000000 2.000000 1.183216 0.757858 0.000000
 0.030556 2.000000 0.000000 2.000000 1.183216 0.757858 0.000000
 0.031667 2.000000 0.000000 2.000000 1.183216 0.757858 0.000000
 0.032778 2.000000 0.000000 2.000000 1.183216 0.757858 0.000000
 0.033889 2.000000 0.000000 2.000000 1.183216 0.757858 0.000000
 0.035000 2.000000 0.000000 2.000000 1.183216 0.757858 0.000000
 0.036111 2.000000 0.000000 2.000000 1.183216 0.757858 0.000000
 0.037222 2.000000 0.000000 2.000000 1.183216 0.757858 0.000000
 0.038333 2.000000 0.000000 2.000000 1.183216 0.757858 0.000000
 0.039444 2.000000 0.000000 2.000000 1.183216 0.757858 0.000000
 0.040556 2.000000 0.000000 2.000000 1.183216 0.757858 0.000000
 0.041667 2.000000 0.000000 2.000000 1.183216 0.757858 0.000000
 0.042778 2.000000 0.000000 2.000000 1.183216 0.757858 0.000000
 0.043889 2.000000 0.000000 2.000000 1.183216 0.757858 0.000000
 0.045000 2.000000 0.000000 2.000000 1.183216 0.757858 0.000000
 0.046111 2.000000 0.000000 2.000000 1.183216 0.757858 0.000000
 0.047222 2.000000 0.000000 2.000000 1.183216 0.757858 0.000000
 0.048333 2.000000 0.000000 2.000000 1.183216 0.757858 0.000000
 0.049444 2.000000 0.000000 2.000000 1.183216 0.757858 0.000000
 0.050556 2.000000 0.000000 2.000000 1.183216 0.757858 0.000000
 0.051667 2.000000 0.000000 2.000000 1.183216 0.757858 0.000000
 0.052778 2.000000 0.000000 2.000000 1.183216 0.757858 0.000000
 0.053889 2.000000 0.000000 2.000000 1.183216 0.757858 0.000000
 0.055000 2.000000 0.000000 2.000000 1.183216 0.757858 0.000000
 0.056111 2.000000 0.000000 2.000000 1.183216 0.757858 0.000000
 0.057222 2.000000 0.000000 2.000000 1.183216 0.757858 0.000000
 0.058333 2.000000 0.000000 2.000000 1.183216 0.757858 0.000000
 0.059444 2.000000 0.000000 2.000000 1.183216 0.757858 0.000000
 0.060556 2.000000 0.000000 2.000000 1.183216 0.757858 0.000000
 0.061667 2.000000 0.000000 2.000000 1.183216 0.757858 0.000000
 0.062778 2.000000 0.000000 2.000000 1.183216 0.757858 0.000000
 0.063889 2.000000 0.000000 2.000000 1.183216 0.757858 0.000000
 0.065000 2.000000 0.000000 2.000000 1.183216 0.757858 0.000000
 0.066111 2.000000 0.000000 2.000000 1.183216 0.757858 0.000000
 0.067222 2.000000 0.000000 2.000000 1.183216 0.757858 0.000000
 0.068333 2.000000 0.000000 2.000000 1.183216 0.757858 0.000000
 0.069444 2.000000 0.000000 2.000000 1.183216 0.757858 0.000000
 0.070556 2.000000 0.000000 2.000000 1.183216 0.757858 0.000000
 0.071667 2.000000 0.000000 2.000000 1.183216 0.757858 0.000000
 0.072778 2.000000 0.000000 2.000000 1.183216 0.757858 0.000000
 0.073889 2.000000 0.000000 2.000000 1.183216 0.757858 0.000000
 0.075000 2.000000 0.000000 2.000000 1.183216 0.757858 0.000000
 0.076111 2.000000 0.000000 2.000000 1.183216 0.757858 0.000000
 0.077222 2.000000 0.000000 2.000000 1.183216 0.757858 0.000000
 0.078333 2.000000 0.000000 2.000000 1.183216 0.757858 0.000000
 0.079444 2.000000 0.000000 2.000000 1.183216 0.757858 0.000000
 0.080556 2.000000 0.000000 2.000000 1.183216 0.757858 0.000000
 0.081667 2.000000 0.000000 2.000000 1.183216 0.757858 0.000000
 0.082778 2.000000 0.000000 2.000000 1.183216 0.757858 0.000000
 0.083889 2.000000 0.000000 2.000000 1.183216 0.757858 0.000000
 0.085000 2.000000 0.000000 2.000000 1.183216 0.757858 0.000000
 0.086111 2.000000 0.000000 2.000000 1.183216 0.757858 0.000000
 0.087222 2.000000 0.000000 2.000000 1.183216 0.757858 0.000000
 0.088333 2.000000 0.000000 2.000000 1.183216 0.757858 0.000000
 0.089444 2.000000 0.000000 2.000000 1.183216 0.757858 0.000000
 0.090556 2.000000 0.000000 2.000000 1.183216 0.757858 0.000000
 0.091667 2.000000 0.000000 2.000000 1.183216 0.757858 0.000000
 0.092778 2.000000 0.000000 2.000000 1.183216 0.757858 0.000000
 0.093889 2.000000 0.000000 2.000000 1.183216 0.757858 0.000000
 0.095000 2.000000 0.000000 2.000000 1.183216 0.757858 0.000000
 0.096111 2.000000 0.000000 2.000000 1.183216 0.757858 0.000000
 0.097222 2.000000 0.000000 2.000000 1.183216 0.757858 0.000000
 0.098333 2.000000 0.000000 2.000000 1.183216 0.757858 0.000000
 0.099444 2.000000 0.000000 2.000000 1.183216 0.757858 0.000000
 0.100556 2.000000 0.000000 2.000000 1.183216 0.757858 0.000000
 0.101667 2.000000 0.000000 2.000000 1.183216 0.757858 0.000000
 0.102778 2.000000 0.000000 2.000000 1.183216 0.757858 0.000000
 0.103889 2.000000 0.000000 2.000000 1.183216 0.757858 0.000000
 0.105000 2.000000 0.000000 2.000000 1.183216 0.757858 0.000000
 0.106111 2.000000 0.000000 2.000000 1.183216 0.757858 0.000000
 0.107222 2.000000 0.000000 2.000000 1.183216 0.757858 0.000000
 0.108333 2.000000 0.000000 2.000000 1.183216 0.757858 0.000000
 0.109444 2.000000 0.000000 2.000000 1.183216 0.757858 0.000000
 0.110556 2.000000 0.000000 2.000000 1.183216 0.757858 0.000000
 0.111667 2.000000 0.000000 2.000000 1.183216 0.757858 0.000000
 0.112778 2.000000 0.000000 2.000000 1.183216 0.757858 0.000000
 0.113889 2.000000 0.000000 2.000000 1.183216 0.757858 0.000000
 0.115000 2.000000 0.000000 2.000000 1.183216 0.757858 0.000000
 0.116111 2.000000 0.000000 2.000000 1.183216 0.757858 0.000000
 0.117222 2.000000 0.000000 2.000000 1.183216 0.757858 0.000000
 0.118333 2.000000 0.000000 2.000000 1.183216 0.757858 0.000000
 0.119444 2.000000 0.000000 2.000000 1.183216 0.757858 0.000000
 0.120556 2.000000 0.000000 2.000000 1.183216 0.757858 0.000000
 0.121667 2.000000 0.000000 2.000000 1.183216 0.757858 0.000000
 0.122778 2.000000 0.000000 2.000000 1.183216 0.757858 0.000000
 0.123889 2.000000 0.000000 2.000000 1.183216 0.757858 0.000000
 0.125000 2.000000 0.000000 2.000000 1.183216 0.757858 0.000000
 0.126111 2.000000 0.000000 2.000000 1.183216 0.757858 0.000000
 0.127222 2.000000 0.000000 2.000000 1.183216 0.757858 0.000000
 0.128333 2.000000 0.000000 2.000000 1.183216 0.757858 0.000000
 0.129444 2.000000 0.000000 2.000000 1.183216 0.757858 0.000000
 0.130556 2.000000 0.000000 2.000000 1.183216 0.757858 0.000000
 0.131667 2.000000 0.000000 2.000000 1.183216 0.757858 0.000000
 0.132778 2.000000 0.000000 2.000000 1.183216 0.757858 0.000000
 0.133889 2.000000 0.000000 2.000000 1.183216 0.757858 0.000000
 0.135000 2.000000 0.000000 2.000000 1.183216 0.757858 0.000000
 0.136111 2.000000 0.000000 2.000000 1.183216 0.757858 0.000000
 0.137222 2.000000 0.000000 2.000000 1.183216 0.757858 0.000000
 0.138333 2.000000 0.000000 2.000000 1.183216 0.757858 0.000000
 0.139444 2.000000 0.000000 2.000000 1.183216 0.757858 0.000000
 0.140556 2.000000 0.000000 2.000000 1.183216 0.757858 0.000000
 0.141667 2.000000 0.000000 2.000000 1.183216 0.757858 0.000000
 0.142778 2.000000 0.000000 2.000000 1.183216 0.757858 0.000000
 0.143889 2.000000 0.000000 2.000000 1.183216 0.757858 0.000000
 0.145000 2.000000 0.000000 2.000000 1.183216 0.757858 0.000000
 0.146111 2.000000 0.000000 2.000000 1.183216 0.757858 0.000000
 0.147222 2.000000 0.000000 2.000000 1.183216 0.757858 0.000000
 0.148333 2.000000 0.000000 2.000000 1.183216 0.757858 0.000000
 0.149444 2.000000 0.000000 2.000000 1.183216 0.757858 0.000000
 0.150556 2.000000 0.000000 2.000000 1.183216 0.757858 0.000000
 0.151667 2.000000 0.000000 2.000000 1.183216 0.757858 0.000000
 0.152778 2.000000 0.000000 2.000000 1.183216 0.757858 0.000000
 0.153889 2.000000 0.000000 2.000000 1.183216 0.757858 0.000000
 0.155000 2.000000 0.000000 2.000000 1.183216 0.757858 0.000000
 0.156111 2.000000 0.000000 2.000000 1.183216 0.757858 0.000000
 0.157222 2.000000 0.000000 2.000000 1.183216 0.757858 0.000000
 0.158333 2.000000 0.000000 2.000000 1.183216 0.757858 0.000000
 0.159444 2.000000 0.000000 2.000000 1.183216 0.757858 0.000000
 0.160556 2.000000 0.000000 2.000000 1.183216 0.757858 0.000000
 0.161667 2.000000 0.000000 2.000000 1.183216 0.757858 0.000000
 0.162778 2.000000 0.000000 2.000000 1.183216 0.757858 0.000000
 0.163889 2.000000 0.000000 2.000000 1.183216 0.757858 0.000000
 0.165000 2.000000 0.000000 2.000000 1.183216 0.757858 0.000000
 0.166111 2.000000 0.000000 2.000000 1.183216 0.757858 0.000000
 0.167222 2.000000 0.000000 2.000000 1.183216 0.757858 0.000000
 0.168333 2.000000 0.000000 2.000000 1.183216 0.757858 0.000000
 0.169444 2.000000 0.000000 2.000000 1.183216 0.757858 0.000000
 0.170556 2.000000 0.000000 2.000000 1.183216 0.757858 0.000000
 0.171667 2.000000 0.000000 2.000000 1.183216 0.757858 0.000000
 0.172778 2.000000 0.000000 2.000000 1.183216 0.757858 0.000000
 0.173889 2.000000 0.000000 2.000000 1.183216 0.757858 0.000000
 0.175000 2.000000 0.000000 2.000000 1.183216 0.757858 0.000000
 0.176111 2.000000 0.000000 2.000000 1.183216 0.757858 0.000000
 0.177222 2.000000 0.000000 2.000000 1.183216 0.757858 0.000000
 0.178333 2.000000 0.000000 2.000000 1.183216 0.757858 0.000000
 0.179444 2.000000 0.000000 2.000000 1.183216 0.757858 0.000000
 0.180556 2.000000 0.000000 2.000000 1.183216 0.757858 0.000000
 0.181667 2.000000 0.000000 2.000000 1.183216 0.757858 0.000000
 0.182778 2.000000 0.000000 2.000000 1.183216 0.757858 0.000000
 0.183889 2.000000 0.000000 2.000000 1.183216 0.757858 0.000000
 0.185000 2.000000 0.000000 2.000000 1.183216 0.757858 0.000000
 0.186111 2.000000 0.000000 2.000000 1.183216 0.757858 0.000000
 0.187222 2.000000 0.000000 2.000000 1.183216 0.757858 0.000000
 0.188333 2.000000 0.000000 2.000000 1.183216 0.757858 0.000000
 0.189444 2.000000 0.000000 2.000000 1.183216 0.757858 0.000000
 0.190556 2.000000 0.000000 2.000000 1.183216 0.757858 0.000000
 0.191667 2.000000 0.000000 2.000000 1.183216 0.757858 0.000000
 0.192778 2.000000 0.000000 2.000000 1.183216 0.757858 0.000000
 0.193889 2.000000 0.000000 2.000000 1.183216 0.757858 0.000000
 0.195000 2.000000 0.000000 2.000000 1.183216 0.757858 0.000000
 0.196111 2.000000 0.000000 2.000000 1.183216 0.757858 0.000000
 0.197222 2.000000 0.000000 2.000000 1.183216 0.757858 0.000000
 0.198333 2.000000 0.000000 2.000000 1.183216 0.757858 0.000000
 0.199444 2.000000 0.000000 2.000000 1.183216 0.757858 0.000000
 0.200556 2.000000 0.000000 2.000000 1.183216 0.757858 0.000000
 0.201667 2.000000 0.000000 2.000000 1.183216 0.757858 0.000000
 0.202778 2.000000 0.000000 2.000000 1.183216 0.757858 0.000000
 0.203889 2.000000 0.000000 2.000000 1.183216 0.757858 0.000000
 0.205000 2.000000 0.000000 2.000000 1.183216 0.757858 0.000000
 0.206111 2.000000 0.000000 2.000000 1.183216 0.757858 0.000000
 0.207222 2.000000 0.000000 2.000000 1.183216 0.757858 0.000000
 0.208333 2.000000 0.000000 2.000000 1.183216 0.757858 0.000000
 0.209444 2.000000 0.000000 2.000000 1.183216 0.757858 0.000000
 0.210556 2.000000 0.000000 2.000000 1.183216 0.757858 0.000000
 0.211667 2.000000 0.000000 2.000000 1.183216 0.757858 0.000000
 0.212778 2.000000 0.000000 2.000000 1.183216 0.757858 0.000000
 0.213889 2.000000 0.000000 2.000000 1.183216 0.757858 0.000000
 0.215000 2.000000 0.000000 2.000000 1.183216 0.757858 0.000000
 0.216111 2.000000 0.000000 2.000000 1.183216 0.757858 0.000000
 0.217222 2.000000 0.000000 2.000000 1.183216 0.757858 0.000000
 0.218333 2.000000 0.000000 2.000000 1.183216 0.757858 0.000000
 0.219444 2.000000 0.000000 2.000000 1.183216 0.757858 0.000000
 0.220556 2.000000 0.000000 2.000000 1.183216 0.757858 0.000000
 0.221667 2.000000 0.000000 2.000000 1.183216 0.757858 0.000000
 0.222778 2.000000 0.000000 2.000000 1.183216 0.757858 0.000000
 0.223889 2.000000 0.000000 2.000000 1.183216 0.757858 0.000000
 0.225000 2.000000 0.000000 2.000000 1.183216 0.757858 0.000000
 0.226111 2.000000 0.000000 2.000000 1.183216 0.757858 0.000000
 0.227222 2.000000 0.000000 2.000000 1.183216 0.757858 0.000000
 0.228333 2.000000 0.000000 2.000000 1.183216 0.757858 0.000000
 0.229444 2.000000 0.000000 2.000000 1.183216 0.757858 0.000000
 0.230556 2.000000 0.000000 2.000000 1.183216 0.757858 0.000000
 0.231667 2.000000 0.000000 2.000000 1.183216 0.757858 0.000000
 0.232778 2.000000 0.000000 2.000000 1.183216 0.757858 0.000000
 0.233889 2.000000 0.000000 2.000000 1.183216 0.757858 0.000000
 0.235000 2.000000 0.000000 2.000000 1.183216 0.757858 0.000000
 0.236111 2.000000 0.000000 2.000000 1.183216 0.757858 0.000000
 0.237222 2.000000 0.000000 2.000000 1.183216 0.757858 0.000000
 0.238333 2.000000 0.000000 2.000000 1.183216 0.757858 0.000000
 0.239444 2.000000 0.000000 2.000000 1.183216 0.757858 0.000000
 0.240556 2.000000 0.000000 2.000000 1.183216 0.757858 0.000000
 0.241667 2.000000 0.000000 2.000000 1.183216 0.757858 0.000000
 0.242778 2.000000 0.000000 2.000000 1.183216 0.757858 0.000000
 0.243889 2.000000 0.000000 2.000000 1.183216 0.757858 0.000000
 0.245000 2.000000 0.000000 2.000000 1.183216 0.757858 0.000000
 0.246111 2.000000 0.000000 2.000000 1.183216 0.757858 0.000000
 0.247222 2.000000 0.000000 2.000000 1.183216 0.757858 0.000000
 0.248333 2.000000 0.000000 2.000000 1.183216 0.757858 0.000000
 0.249444 2.000000 0.000000 2.000000 1.183216 0.757858 0.000000
 0.250556 2.000000 0.000000 2.000000 1.183216 0.757858 0.000000
 0.251667 2.000000 0.000000 2.000000 1.183216 0.757858 0.000000
 0.252778 2.000000 0.000000 2.000000 1.183216 0.757858 0.000000
 0.253889 2.000000 0.000000 2.000000 1.183216 0.757858 0.000000
 0.255000 2.000000 0.000000 2.000000 1.183216 0.757858 0.000000
 0.256111 2.000000 0.000000 2.000000 1.183216 0.757858 0.000000
 0.257222 2.000000 0.000000 2.000000 1.183216 0.757858 0.000000
 0.258333 2.000000 0.000000 2.000000 1.183216 0.757858 0.000000
 0.259444 2.000000 0.000000 2.000000 1.183216 0.757858 0.000000
 0.260556 2.000000 0.000000 2.000000 1.183216 0.757858 0.000000
 0.261667 2.000000 0.000000 2.000000 1.183216 0.757858 0.000000
 0.262778 2.000000 0.000000 2.000000 1.183216 0.757858 0.000000
 0.263889 2.000000 0.000000 2.000000 1.183216 0.757858 0.000000
 0.265000 2.000000 0.000000 2.000000 1.183216 0.757858 0.000000
 0.266111 2.000000 0.000000 2.000000 1.183216 0.757858 0.000000
 0.267222 2.000000 0.000000 2.000000 1.183216 0.757858 0.000000
 0.268333 2.000000 0.000000 2.000000 1.183216 0.757858 0.000000
 0.269444 2.000000 0.000000 2.000000 1.183216 0.757858 0.000000
 0.270556 2.000000 0.000000 2.000000 1.183216 0.757858 0.000000
 0.271667 2.000000 0.000000 2.000000 1.183216 0.757858 0.000000
 0.272778 2.000000 0.000000 2.000000 1.183216 0.757858 0.000000
 0.273889 2.000000 0.000000 2.000000 1.183216 0.757858 0.000000
 0.275000 2.000000 0.000000 2.000000 1.183216 0.757858 0.000000
 0.276111 2.000000 0.000000 2.000000 1.183216 0.757858 0.000000
 0.277222 2.000000 0.000000 2.000000 1.183216 0.757858 0.000000
 0.278333 2.000000 0.000000 2.000000 1.183216 0.757858 0.000000
 0.279444 2.000000 0.000000 2.000000 1.183216 0.757858 0.000000
 0.280556 2.000000 0.000000 2.000000 1.183216 0.757858 0.000000
 0.281667 2.000000 0.000000 2.000000 1.183216 0.757858 0.000000
 0.282778 2.000000 0.000000 2.000000 1.183216 0.757858 0.000000
 0.283889 2.000000 0.000000 2.000000 1.183216 0.757858 0.000000
 0.285000 2.000000 0.000000 2.000000 1.183216 0.757858 0.000000
 0.286111 2.000000 0.000000 2.000000 1.183216 0.757858 0.000000
 0.287222 2.000000 0.000000 2.000000 1.183216 0.757858 0.000000
 0.288333 2.000000 0.000000 2.000000 1.183216 0.757858 0.000000
 0.289444 2.000000 0.000000 2.000000 1.183216 0.757858 0.000000
 0.290556 2.000000 0.000000 2.000000 1.183216 0.757858 0.000000
 0.291667 2.000000 0.000000 2.000000 1.183216 0.757858 0.000000
 0.292778 2.000000 0.000000 2.000000 1.183216 0.757858 0.000000
 0.293889 2.000000 0.000000 2.000000 1.183216 0.757858 0.000000
 0.295000 2.000000 0.000000 2.000000 1.183216 0.757858 0.000000
 0.296111 2.000000 0.000000 2.000000 1.183216 0.757858 0.000000
 0.297222 2.000000 0.000000 2.000000 1.183216 0.757858 0.000000
 0.298333 2.000000 0.000000 2.000000 1.183216 0.757858 0.000000
 0.299444 2.000000 0.000000 2.000000 1.183216 0.757858 0.000000
 0.300556 2.000000 0.000000 2.000000 1.183216 0.757858 0.000000
 0.301667 2.000000 0.000000 2.000000 1.183216 0.757858 0.000000
 0.302778 2.000000 0.000000 2.000000 1.183216 0.757858 0.000000
 0.303889 2.000000 0.000000 2.000000 1.183216 0.757858 0.000000
 0.305000 2.000000 0.000000 2.000000 1.183216 0.757858 0.000000
 0.306111 2.000000 0.000000 2.000000 1.183216 0.757858 0.000000
 0.307222 2.000000 0.000000 2.000000 1.183216 0.757858 0.000000
 0.308333 2.000000 0.000000 2.000000 1.183216 0.757858 0.000000
 0.309444 2.000000 0.000000 2.000000 1.183216 0.757858 0.000000
 0.310556 2.000000 0.000000 2.000000 1.183216 0.757858 0.000000
 0.311667 2.000000 0.000000 2.000000 1.183216 0.757858 0.000000
 0.312778 2.000000 0.000000 2.000000 1.183216 0.757858 0.000000
 0.313889 2.000000 0.000000 2.000000 1.183216 0.757858 0.000000
 0.315000 2.000000 0.000000 2.000000 1.183216 0.757858 0.000000
 0.316111 2.000000 0.000000 2.000000 1.183216 0.757858 0.000000
 0.317222 2.000000 0.000000 2.000000 1.183216 0.757858 0.000000
 0.318333 2.000000 0.000000 2.000000 1.183216 0.757858 0.000000
 0.319444 2.000000 0.000000 2.000000 1.183216 0.757858 0.000000
 0.320556 2.000000 0.000000 2.000000 1.183216 0.757858 0.000000
 0.321667 2.000000 0.000000 2.000000 1.183216 0.757858 0.000000
 0.322778 2.000000 0.000000 2.000000 1.183216 0.757858 0.000000
 0.323889 2.000000 0.000000 2.000000 1.183216 0.757858 0.000000
 0.325000 2.000000 0.000000 2.000000 1.183216 0.757858 0.000000
 0.326111 2.000000 0.000000 2.000000 1.183216 0.757858 0.000000
 0.327222 2.000000 0.000000 2.000000 1.183216 0.757858 0.000000
 0.328333 2.000000 0.000000 2.000000 1.183216 0.757858 0.000000
 0.329444 2.000000 0.000000 1.999999 1.183216 0.757858 0.000000
 0.330556 1.999999 0.000000 1.999999 1.183216 0.757858 0.000000
 0.331667 1.999999 0.000001 1.999999 1.183216 0.757858 0.000000
 0.332778 1.999998 0.000001 1.999998 1.183216 0.757858 0.000000
 0.333889 1.999997 0.000002 1.999996 1.183216 0.757858 0.000000
 0.335000 1.999996 0.000003 1.999994 1.183215 0.757858 0.000000
 0.336111 1.999993 0.000004 1.999990 1.183215 0.757858 0.000000
 0.337222 1.999989 0.000006 1.999985 1.183215 0.757858 0.000000
 0.338333 1.999983 0.000010 1.999977 1.183214 0.757858 0.000000
 0.339444 1.999975 0.000015 1.999964 1.183213 0.757858 0.000000
 0.340556 1.999962 0.000023 1.999946 1.183211 0.757858 0.000000
 0.341667 1.999943 0.000034 1.999920 1.183209 0.757858 0.000000
 0.342778 1.999916 0.000050 1.999882 1.183206 0.757858 0.000000
 0.343889 1.999877 0.000073 1.999828 1.183201 0.757858 0.000000
 0.345000 1.999823 0.000105 1.999752 1.183195 0.757858 0.000000
 0.346111 1.999747 0.000149 1.999646 1.183186 0.757858 0.000000
 0.347222 1.999644 0.000211 1.999502 1.183174 0.757858 0.000000
 0.348333 1.999504 0.000294 1.999305 1.183157 0.757858 0.000000
 0.349444 1.999316 0.000405 1.999043 1.183135 0.757858 0.000000
 0.350556 1.999068 0.000551 1.998696 1.183106 0.757858 0.000000
 0.351667 1.998745 0.000743 1.998243 1.183067 0.757858 0.000000
 0.352778 1.998327 0.000990 1.997659 1.183018 0.757858 0.000000
 0.353889 1.997796 0.001305 1.996915 1.182955 0.757858 0.000000
 0.355000 1.997127 0.001701 1.995979 1.182876 0.757858 0.000000
 0.356111 1.996296 0.002193 1.994816 1.182777 0.757858 0.000000
 0.357222 1.995275 0.002798 1.993389 1.182657 0.757859 0.000000
 0.358333 1.994036 0.003532 1.991657 1.182510 0.757859 0.000000
 0.359444 1.992551 0.004413 1.989580 1.182334 0.757859 0.000000
 0.360556 1.990789 0.005459 1.987118 1.182125 0.757859 0.000000
 0.361667 1.988723 0.006686 1.984233 1.181879 0.757859 0.000000
 0.362778 1.986327 0.008110 1.980887 1.181595 0.757860 0.000000
 0.363889 1.983576 0.009747 1.977049 1.181268 0.757860 0.000000
 0.365000 1.980449 0.011609 1.972690 1.180896 0.757861 0.000000
 0.366111 1.976930 0.013707 1.967787 1.180477 0.757862 0.000000
 0.367222 1.973006 0.016051 1.962324 1.180009 0.757863 0.000000
 0.368333 1.968667 0.018647 1.956289 1.179490 0.757865 0.000000
 0.369444 1.963910 0.021497 1.949679 1.178921 0.757867 0.000000
 0.370556 1.958735 0.024605 1.942496 1.178301 0.757869 0.000000
 0.371667 1.953146 0.027967 1.934747 1.177630 0.757871 0.000000
 0.372778 1.947152 0.031583 1.926446 1.176908 0.757874 0.000000
 0.373889 1.940763 0.035445 1.917611 1.176137 0.757878 0.000000
 0.375000 1.933994 0.039548 1.908264 1.175319 0.757881 0.000000
 0.376111 1.926863 0.043883 1.898431 1.174454 0.757886 0.000000
 0.377222 1.919388 0.048441 1.888139 1.173545 0.757890 0.000000
 0.378333 1.911589 0.053210 1.877420 1.172594 0.757895 0.000000
 0.379444 1.903487 0.058181 1.866304 1.171602 0.757901 0.000000
 0.380556 1.895106 0.063342 1.854824 1.170573 0.757907 0.000000
 0.381667 1.886466 0.068680 1.843012 1.169509 0.757913 0.000000
 0.382778 1.877592 0.074183 1.830901 1.168412 0.757920 0.000000
 0.383889 1.868504 0.079840 1.818524 1.167284 0.757927 0.000000
 0.385000 1.859225 0.085638 1.805912 1.166128 0.757935 0.000000
 0.386111 1.849777 0.091566 1.793095 1.164947 0.757943 0.000000
 0.387222 1.840180 0.097612 1.780105 1.163742 0.757951 0.000000
 0.388333 1.830456 0.103763 1.766969 1.162516 0.757959 0.000000
 0.389444 1.820623 0.110010 1.753716 1.161271 0.757968 0.000000
 0.390556 1.810702 0.116340 1.740372 1.160010 0.757977 0.000000
 0.391667 1.800711 0.122742 1.726964 1.158734 0.757987 0.000000
 0.392778 1.790668 0.129207 1.713516 1.157446 0.757996 0.000000
 0.393889 1.780592 0.135722 1.700054 1.156148 0.758006 0.000000
 0.395000 1.770499 0.142276 1.686602 1.154842 0.758016 0.000000
 0.396111 1.760408 0.148860 1.673181 1.153530 0.758026 0.000000
 0.397222 1.750336 0.155462 1.659816 1.152215 0.758037 0.000000
 0.398333 1.740299 0.162070 1.646530 1.150898 0.758047 0.000000
 0.399444 1.730317 0.168674 1.633344 1.149582 0.758057 0.000000
 0.400556 1.720405 0.175260 1.620283 1.148270 0.758068 0.000000
 0.401667 1.710583 0.181817 1.607369 1.146964 0.758078 0.000000
 0.402778 1.700869 0.188331 1.594626 1.145666 0.758088 0.000000
 0.403889 1.691283 0.194790 1.582079 1.144379 0.758098 0.000000
 0.405000 1.681844 0.201177 1.569752 1.143107 0.758108 0.000000
 0.406111 1.672573 0.207479 1.557672 1.141851 0.758118 0.000000
 0.407222 1.663493 0.213678 1.545866 1.140616 0.758128 0.000000
 0.408333 1.654627 0.219759 1.534362 1.139404 0.758137 0.000000
 0.409444 1.645997 0.225701 1.523188 1.138220 0.758146 0.000000
 0.410556 1.637629 0.231487 1.512376 1.137067 0.758155 0.000000
 0.411667 1.629549 0.237097 1.501956 1.135949 0.758163 0.000000
 0.412778 1.621783 0.242511 1.491960 1.134870 0.758171 0.000000
 0.413889 1.614357 0.247707 1.482419 1.133835 0.758179 0.000000
 0.415000 1.607296 0.252664 1.473364 1.132847 0.758186 0.000000
 0.416111 1.600627 0.257363 1.464826 1.131910 0.758193 0.000000
 0.417222 1.594373 0.261784 1.456831 1.131029 0.758199 0.000000
 0.418333 1.588555 0.265910 1.449405 1.130206 0.758205 0.000000
 0.419444 1.583190 0.269724 1.442567 1.129446 0.758210 0.000000
 0.420556 1.578292 0.273216 1.436332 1.128750 0.758215 0.000000
 0.421667 1.573867 0.276378 1.430706 1.128120 0.758220 0.000000
 0.422778 1.569918 0.279206 1.425691 1.127556 0.758224 0.000000
 0.423889 1.566438 0.281702 1.421276 1.127059 0.758228 0.000000
 0.425000 1.563413 0.283875 1.417442 1.126626 0.758232 0.000000
 0.426111 1.560824 0.285738 1.414163 1.126255 0.758236 0.000000
 0.427222 1.558641 0.287309 1.411402 1.125943 0.758239 0.000000
 0.428333 1.556833 0.288612 1.409117 1.125684 0.758242 0.000000
 0.429444 1.555361 0.289673 1.407258 1.125473 0.758246 0.000000
 0.430556 1.554185 0.290521 1.405774 1.125306 0.758249 0.000000
 0.431667 1.553262 0.291184 1.404613 1.125174 0.758252 0.000000
 0.432778 1.552554 0.291694 1.403722 1.125074 0.758256 0.000000
 0.433889 1.552021 0.292076 1.403054 1.125000 0.758259 0.000000
 0.435000 1.551628 0.292357 1.402563 1.124945 0.758263 0.000000
 0.436111 1.551345 0.292559 1.402211 1.124907 0.758266 0.000000
 0.437222 1.551145 0.292700 1.401964 1.124880 0.758270 0.000000
 0.438333 1.551007 0.292796 1.401797 1.124863 0.758273 0.000000
 0.439444 1.550914 0.292859 1.401686 1.124852 0.758277 0.000000
 0.440556 1.550852 0.292899 1.401615 1.124846 0.758281 0.000000
 0.441667 1.550812 0.292923 1.401572 1.124843 0.758285 0.000000
 0.442778 1.550787 0.292937 1.401547 1.124843 0.758289 0.000000
 0.443889 1.550771 0.292944 1.401535 1.124843 0.758293 0.000000
 0.445000 1.550761 0.292947 1.401529 1.124845 0.758297 0.000000
 0.446111 1.550754 0.292947 1.401529 1.124847 0.758301 0.000000
 0.447222 1.550750 0.292946 1.401531 1.124850 0.758306 0.000000
 0.448333 1.550746 0.292943 1.401534 1.124852 0.758310 0.000000
 0.449444 1.550743 0.292941 1.401539 1.124855 0.758315 0.000000
 0.450556 1.550740 0.292938 1.401543 1.124858 0.758319 0.000000
 0.451667 1.550736 0.292935 1.401548 1.124861 0.758324 0.000000
 0.452778 1.550733 0.292932 1.401552 1.124864 0.758329 0.000000
 0.453889 1.550729 0.292929 1.401557 1.124868 0.758334 0.000000
 0.455000 1.550725 0.292926 1.401561 1.124871 0.758339 0.000000
 0.456111 1.550720 0.292924 1.401565 1.124874 0.758344 0.000000
 0.457222 1.550716 0.292921 1.401569 1.124877 0.758349 0.000000
 0.458333 1.550710 0.292919 1.401572 1.124881 0.758355 0.000000
 0.459444 1.550705 0.292917 1.401576 1.124884 0.758361 0.000000
 0.460556 1.550699 0.292914 1.401579 1.124887 0.758366 0.000000
 0.461667 1.550693 0.292912 1.401582 1.124891 0.758372 0.000000
 0.462778 1.550687 0.292910 1.401585 1.124894 0.758378 0.000000
 0.463889 1.550680 0.292908 1.401588 1.124898 0.758385 0.000000
 0.465000 1.550673 0.292906 1.401591 1.124902 0.758391 0.000000
 0.466111 1.550665 0.292904 1.401594 1.124906 0.758398 0.000000
 0.467222 1.550657 0.292903 1.401596 1.124910 0.758404 0.000000
 0.468333 1.550649 0.292901 1.401599 1.124913 0.758411 0.000000
 0.469444 1.550640 0.292899 1.401601 1.124918 0.758419 0.000000
 0.470556 1.550631 0.292897 1.401604 1.124922 0.758426 0.000000
 0.471667 1.550622 0.292896 1.401606 1.124926 0.758434 0.000000
 0.472778 1.550612 0.292894 1.401608 1.124930 0.758441 0.000000
 0.473889 1.550602 0.292893 1.401610 1.124935 0.758450 0.000000
 0.475000 1.550591 0.292891 1.401612 1.124940 0.758458 0.000000
 0.476111 1.550580 0.292890 1.401614 1.124945 0.758467 0.000000
 0.477222 1.550568 0.292888 1.401616 1.124949 0.758476 0.000000
 0.478333 1.550556 0.292887 1.401617 1.124955 0.758485 0.000000
 0.479444 1.550543 0.292886 1.401619 1.124960 0.758495 0.000000
 0.480556 1.550530 0.292884 1.401621 1.124965 0.758505 0.000000
 0.481667 1.550516 0.292883 1.401622 1.124971 0.758515 0.000000
 0.482778 1.550502 0.292882 1.401624 1.124977 0.758526 0.000000
 0.483889 1.550486 0.292881 1.401625 1.124983 0.758537 0.000000
 0.485000 1.550470 0.292880 1.401626 1.124989 0.758549 0.000000
 0.486111 1.550454 0.292878 1.401628 1.124996 0.758561 0.000000
 0.487222 1.550436 0.292877 1.401629 1.125003 0.758573 0.000000
 0.488333 1.550418 0.292876 1.401630 1.125010 0.758586 0.000000
 0.489444 1.550399 0.292875 1.401632 1.125017 0.758600 0.000000
 0.490556 1.550379 0.292874 1.401633 1.125025 0.758615 0.000000
 0.491667 1.550358 0.292873 1.401634 1.125033 0.758630 0.000000
 0.492778 1.550335 0.292872 1.401635 1.125042 0.758646 0.000000
 0.493889 1.550312 0.292871 1.401636 1.125051 0.758662 0.000000
 0.495000 1.550287 0.292870 1.401637 1.125060 0.758680 0.000000
 0.496111 1.550261 0.292869 1.401638 1.125070 0.758698 0.000000
 0.497222 1.550233 0.292868 1.401639 1.125080 0.758718 0.000000
 0.498333 1.550204 0.292867 1.401640 1.125092 0.758739 0.000000
 0.499444 1.550172 0.292866 1.401641 1.125103 0.758761 0.000000
 0.500556 1.550139 0.292865 1.401641 1.125116 0.758784 0.000000
 0.501667 1.550103 0.292864 1.401642 1.125129 0.758809 0.000000
 0.502778 1.550065 0.292863 1.401643 1.125143 0.758836 0.000000
 0.503889 1.550023 0.292862 1.401644 1.125159 0.758864 0.000000
 0.505000 1.549979 0.292861 1.401644 1.125175 0.758895 0.000000
 0.506111 1.549930 0.292861 1.401645 1.125193 0.758929 0.000000
 0.507222 1.549878 0.292860 1.401646 1.125212 0.758965 0.000000
 0.508333 1.549819 0.292859 1.401646 1.125234 0.759006 0.000000
 0.509444 1.549754 0.292858 1.401647 1.125258 0.759051 0.000000
 0.510556 1.549678 0.292857 1.401647 1.125286 0.759103 0.000000
 0.511667 1.549584 0.292856 1.401648 1.125320 0.759168 0.000000
 0.512778 1.549456 0.292856 1.401649 1.125366 0.759256 0.000000
 0.513889 1.549265 0.292855 1.401649 1.125436 0.759387 0.000000
 0.515000 1.548952 0.292854 1.401649 1.125550 0.759602 0.000000
 0.516111 1.548420 0.292853 1.401650 1.125744 0.759968 0.000000
 0.517222 1.547510 0.292852 1.401650 1.126075 0.760594 0.000000
 0.518333 1.545990 0.292852 1.401651 1.126628 0.761641 0.000000
 0.519444 1.543546 0.292851 1.401651 1.127520 0.763330 0.000000
 0.520556 1.539790 0.292850 1.401651 1.128894 0.765939 0.000000
 0.521667 1.534286 0.292849 1.401652 1.130917 0.769788 0.000000
 0.522778 1.526605 0.292849 1.401652 1.133759 0.775216 0.000000
 0.523889 1.516389 0.292848 1.401652 1.137572 0.782538 0.000000
 0.525000 1.503427 0.292847 1.401652 1.142465 0.792000 0.000000
 0.526111 1.487715 0.292846 1.401653 1.148482 0.803734 0.000000
 0.527222 1.469501 0.292846 1.401653 1.155578 0.817717 0.000000
 0.528333 1.449273 0.292845 1.401653 1.163615 0.833739 0.000000
 0.529444 1.427727 0.292844 1.401653 1.172362 0.851407 0.000000
 0.530556 1.405687 0.292843 1.401653 1.181517 0.870154 0.000000
 0.531667 1.384009 0.292843 1.401653 1.190735 0.889296 0.000000
 0.532778 1.363482 0.292842 1.401654 1.199664 0.908096 0.000000
 0.533889 1.344752 0.292841 1.401654 1.207990 0.925852 0.000000
 0.535000 1.328266 0.292841 1.401654 1.215463 0.941979 0.000000
 0.536111 1.314258 0.292840 1.401654 1.221924 0.956066 0.000000
 0.537222 1.302756 0.292839 1.401654 1.227306 0.967904 0.000000
 0.538333 1.293625 0.292838 1.401654 1.231630 0.977482 0.000000
 0.539444 1.286613 0.292838 1.401654 1.234982 0.984949 0.000000
 0.540556 1.281400 0.292837 1.401654 1.237491 0.990563 0.000000
 0.541667 1.277651 0.292836 1.401654 1.239305 0.994635 0.000000
 0.542778 1.275041 0.292836 1.401654 1.240573 0.997487 0.000000
 0.543889 1.273284 0.292835 1.401653 1.241428 0.999414 0.000000
 0.545000 1.272143 0.292834 1.401653 1.241985 1.000669 0.000000
 0.546111 1.271431 0.292833 1.401653 1.242333 1.001454 0.000000
 0.547222 1.271006 0.292833 1.401653 1.242540 1.001922 0.000000
 0.548333 1.270768 0.292832 1.401653 1.242656 1.002184 0.000000
 0.549444 1.270647 0.292831 1.401653 1.242716 1.002318 0.000000
 0.550556 1.270596 0.292831 1.401653 1.242741 1.002375 0.000000
 0.551667 1.270585 0.292830 1.401652 1.242746 1.002386 0.000000
 0.552778 1.270596 0.292829 1.401652 1.242740 1.002374 0.000000
 0.553889 1.270618 0.292828 1.401652 1.242729 1.002349 0.000000
 0.555000 1.270645 0.292828 1.401652 1.242716 1.002319 0.000000
 0.556111 1.270673 0.292827 1.401651 1.242702 1.002288 0.000000
 0.557222 1.270701 0.292826 1.401651 1.242688 1.002257 0.000000
 0.558333 1.270728 0.292825 1.401651 1.242675 1.002227 0.000000
 0.559444 1.270753 0.292825 1.401650 1.242663 1.002199 0.000000
 0.560556 1.270777 0.292824 1.401650 1.242651 1.002173 0.000000
 0.561667 1.270799 0.292823 1.401650 1.242640 1.002148 0.000000
 0.562778 1.270820 0.292822 1.401649 1.242630 1.002125 0.000000
 0.563889 1.270839 0.292822 1.401649 1.242620 1.002103 0.000000
 0.565000 1.270857 0.292821 1.401648 1.242611 1.002083 0.000000
 0.566111 1.270875 0.292820 1.401648 1.242602 1.002063 0.000000
 0.567222 1.270891 0.292819 1.401648 1.242594 1.002045 0.000000
 0.568333 1.270906 0.292819 1.401647 1.242587 1.002028 0.000000
 0.569444 1.270920 0.292818 1.401647 1.242579 1.002012 0.000000
 0.570556 1.270934 0.292817 1.401646 1.242573 1.001997 0.000000
 0.571667 1.270947 0.292816 1.401645 1.242566 1.001982 0.000000
 0.572778 1.270959 0.292815 1.401645 1.242560 1.001968 0.000000
 0.573889 1.270970 0.292815 1.401644 1.242554 1.001955 0.000000
 0.575000 1.270981 0.292814 1.401644 1.242548 1.001943 0.000000
 0.576111 1.270992 0.292813 1.401643 1.242543 1.001931 0.000000
 0.577222 1.271001 0.292812 1.401642 1.242538 1.001919 0.000000
 0.578333 1.271011 0.292811 1.401642 1.242533 1.001908 0.000000
 0.579444 1.271020 0.292810 1.401641 1.242528 1.001898 0.000000
 0.580556 1.271029 0.292810 1.401640 1.242524 1.001888 0.000000
 0.581667 1.271037 0.292809 1.401640 1.242519 1.001878 0.000000
 0.582778 1.271044 0.292808 1.401639 1.242515 1.001869 0.000000
 0.583889 1.271052 0.292807 1.401638 1.242511 1.001860 0.000000
 0.585000 1.271059 0.292806 1.401637 1.242507 1.001852 0.000000
 0.586111 1.271066 0.292805 1.401636 1.242504 1.001844 0.000000
 0.587222 1.271072 0.292804 1.401635 1.242500 1.001836 0.000000
 0.588333 1.271079 0.292803 1.401634 1.242497 1.001829 0.000000
 0.589444 1.271085 0.292802 1.401633 1.242493 1.001821 0.000000
 0.590556 1.271090 0.292801 1.401633 1.242490 1.001814 0.000000
 0.591667 1.271096 0.292800 1.401631 1.242487 1.001808 0.000000
 0.592778 1.271101 0.292799 1.401630 1.242484 1.001801 0.000000
 0.593889 1.271106 0.292798 1.401629 1.242481 1.001795 0.000000
 0.595000 1.271111 0.292797 1.401628 1.242478 1.001789 0.000000
 0.596111 1.271115 0.292796 1.401627 1.242475 1.001783 0.000000
 0.597222 1.271119 0.292795 1.401626 1.242473 1.001777 0.000000
 0.598333 1.271124 0.292794 1.401625 1.242470 1.001772 0.000000
 0.599444 1.271128 0.292793 1.401623 1.242468 1.001767 0.000000
 0.600556 1.271131 0.292792 1.401622 1.242465 1.001762 0.000000
 0.601667 1.271135 0.292790 1.401621 1.242463 1.001757 0.000000
 0.602778 1.271138 0.292789 1.401619 1.242461 1.001752 0.000000
 0.603889 1.271142 0.292788 1.401618 1.242458 1.001747 0.000000
 0.605000 1.271145 0.292787 1.401616 1.242456 1.001743 0.000000
 0.606111 1.271148 0.292785 1.401615 1.242454 1.001738 0.000000
 0.607222 1.271150 0.292784 1.401613 1.242452 1.001734 0.000000
 0.608333 1.271153 0.292783 1.401612 1.242450 1.001730 0.000000
 0.609444 1.271155 0.292781 1.401610 1.242448 1.001726 0.000000
 0.610556 1.271158 0.292780 1.401608 1.242446 1.001722 0.000000
 0.611667 1.271160 0.292778 1.401606 1.242444 1.001719 0.000000
 0.612778 1.271162 0.292777 1.401604 1.242442 1.001715 0.000000
 0.613889 1.271163 0.292775 1.401601 1.242441 1.001711 0.000000
 0.615000 1.271164 0.292772 1.401598 1.242439 1.001708 0.000000
 0.616111 1.271164 0.292769 1.401594 1.242437 1.001705 0.000000
 0.617222 1.271164 0.292766 1.401588 1.242434 1.001702 0.000000
 0.618333 1.271161 0.292760 1.401580 1.242432 1.001698 0.000000
 0.619444 1.271155 0.292752 1.401567 1.242429 1.001695 0.000000
 0.620556 1.271146 0.292739 1.401547 1.242425 1.001692 0.000000
 0.621667 1.271128 0.292720 1.401517 1.242420 1.001690 0.000000
 0.622778 1.271100 0.292689 1.401469 1.242413 1.001687 0.000000
 0.623889 1.271054 0.292641 1.401394 1.242402 1.001684 0.000000
 0.625000 1.270980 0.292567 1.401277 1.242386 1.001681 0.000000
 0.626111 1.270864 0.292451 1.401094 1.242362 1.001679 0.000000
 0.627222 1.270683 0.292271 1.400811 1.242325 1.001676 0.000000
 0.628333 1.270404 0.291996 1.400377 1.242269 1.001674 0.000000
 0.629444 1.269977 0.291575 1.399714 1.242184 1.001671 0.000000
 0.630556 1.269328 0.290939 1.398710 1.242055 1.001669 0.000000
 0.631667 1.268353 0.289982 1.397203 1.241863 1.001667 0.000000
 0.632778 1.266899 0.288555 1.394957 1.241576 1.001664 0.000000
 0.633889 1.264753 0.286446 1.391645 1.241153 1.001661 0.000000
 0.635000 1.261616 0.283358 1.386809 1.240534 1.001656 0.000000
 0.636111 1.257088 0.278890 1.379837 1.239639 1.001650 0.000000
 0.637222 1.250653 0.272514 1.369943 1.238360 1.001638 0.000000
 0.638333 1.241684 0.263576 1.356180 1.236565 1.001617 0.000000
 0.639444 1.229497 0.251333 1.337530 1.234105 1.001578 0.000000
 0.640556 1.213475 0.235068 1.313104 1.230830 1.001511 0.000000
 0.641667 1.193294 0.214306 1.282491 1.226641 1.001401 0.000000
 0.642778 1.169208 0.189127 1.246192 1.221548 1.001236 0.000000
 0.643889 1.142284 0.160467 1.205939 1.215737 1.001017 0.000000
 0.645000 1.114381 0.130194 1.164606 1.209586 1.000765 0.000000
 0.646111 1.087742 0.100754 1.125541 1.203599 1.000518 0.000000
 0.647222 1.064337 0.074454 1.091560 1.198252 1.000315 0.000000
 0.648333 1.045315 0.052776 1.064195 1.193853 1.000172 0.000000
 0.649444 1.030866 0.036126 1.043568 1.190483 1.000086 0.000000
 0.650556 1.020477 0.024052 1.028826 1.188046 1.000040 0.000000
 0.651667 1.013313 0.015678 1.018706 1.186360 1.000018 0.000000
 0.652778 1.008525 0.010056 1.011963 1.185231 1.000008 0.000000
 0.653889 1.005395 0.006371 1.007565 1.184492 1.000003 0.000000
 0.655000 1.003383 0.003997 1.004740 1.184016 1.000001 0.000000
 0.656111 1.002104 0.002488 1.002947 1.183714 1.000000 0.000000
 0.657222 1.001300 0.001537 1.001820 1.183523 1.000000 0.000000
 0.658333 1.000797 0.000943 1.001117 1.183405 1.000000 0.000000
 0.659444 1.000486 0.000575 1.000681 1.183331 1.000000 0.000000
 0.660556 1.000294 0.000348 1.000412 1.183286 1.000000 0.000000
 0.661667 1.000177 0.000210 1.000248 1.183258 1.000000 0.000000
 0.662778 1.000106 0.000125 1.000148 1.183241 1.000000 0.000000
 0.663889 1.000063 0.000074 1.000088 1.183231 1.000000 0.000000
 0.665000 1.000037 0.000044 1.000052 1.183225 1.000000 0.000000
 0.666111 1.000022 0.000026 1.000030 1.183221 1.000000 0.000000
 0.667222 1.000013 0.000015 1.000018 1.183219 1.000000 0.000000
 0.668333 1.000007 0.000009 1.000010 1.183218 1.000000 0.000000
 0.669444 1.000004 0.000005 1.000006 1.183217 1.000000 0.000000
 0.670556 1.000002 0.000003 1.000003 1.183217 1.000000 0.000000
 0.671667 1.000001 0.000002 1.000002 1.183216 1.000000 0.000000
 0.672778 1.000001 0.000001 1.000001 1.183216 1.000000 0.000000
 0.673889 1.000000 0.000000 1.000001 1.183216 1.000000 0.000000
 0.675000 1.000000 0.000000 1.000000 1.183216 1.000000 0.000000
 0.676111 1.000000 0.000000 1.000000 1.183216 1.000000 0.000000
 0.677222 1.000000 0.000000 1.000000 1.183216 1.000000 0.000000
 0.678333 1.000000 0.000000 1.000000 1.183216 1.000000 0.000000
 0.679444 1.000000 0.000000 1.000000 1.183216 1.000000 0.000000
 0.680556 1.000000 0.000000 1.000000 1.183216 1.000000 0.000000
 0.681667 1.000000 0.000000 1.000000 1.183216 1.000000 0.000000
 0.682778 1.000000 0.000000 1.000000 1.183216 1.000000 0.000000
 0.683889 1.000000 0.000000 1.000000 1.183216 1.000000 0.000000
 0.685000 1.000000 0.000000 1.000000 1.183216 1.000000 0.000000
 0.686111 1.000000 0.000000 1.000000 1.183216 1.000000 0.000000
 0.687222 1.000000 0.000000 1.000000 1.183216 1.000000 0.000000
 0.688333 1.000000 0.000000 1.000000 1.183216 1.000000 0.000000
 0.689444 1.000000 0.000000 1.000000 1.183216 1.000000 0.000000
 0.690556 1.000000 0.000000 1.000000 1.183216 1.000000 0.000000
 0.691667 1.000000 0.000000 1.000000 1.183216 1.000000 0.000000
 0.692778 1.000000 0.000000 1.000000 1.183216 1.000000 0.000000
 0.693889 1.000000 0.000000 1.000000 1.183216 1.000000 0.000000
 0.695000 1.000000 0.000000 1.000000 1.183216 1.000000 0.000000
 0.696111 1.000000 0.000000 1.000000 1.183216 1.000000 0.000000
 0.697222 1.000000 0.000000 1.000000 1.183216 1.000000 0.000000
 0.698333 1.000000 0.000000 1.000000 1.183216 1.000000 0.000000
 0.699444 1.000000 0.000000 1.000000 1.183216 1.000000 0.000000
 0.700556 1.000000 0.000000 1.000000 1.183216 1.000000 0.000000
 0.701667 1.000000 0.000000 1.000000 1.183216 1.000000 0.000000
 0.702778 1.000000 0.000000 1.000000 1.183216 1.000000 0.000000
 0.703889 1.000000 0.000000 1.000000 1.183216 1.000000 0.000000
 0.705000 1.000000 0.000000 1.000000 1.183216 1.000000 0.000000
 0.706111 1.000000 0.000000 1.000000 1.183216 1.000000 0.000000
 0.707222 1.000000 0.000000 1.000000 1.183216 1.000000 0.000000
 0.708333 1.000000 -0.000000 1.000000 1.183216 1.000000 0.000000
 0.709444 1.000000 0.000000 1.000000 1.183216 1.000000 0.000000
 0.710556 1.000000 -0.000000 1.000000 1.183216 1.000000 0.000000
 0.711667 1.000000 0.000000 1.000000 1.183216 1.000000 0.000000
 0.712778 1.000000 -0.000000 1.000000 1.183216 1.000000 0.000000
 0.713889 1.000000 0.000000 1.000000 1.183216 1.000000 0.000000
 0.715000 1.000000 -0.000000 1.000000 1.183216 1.000000 0.000000
 0.716111 1.000000 0.000000 1.000000 1.183216 1.000000 0.000000
 0.717222 1.000000 -0.000000 1.000000 1.183216 1.000000 0.000000
 0.718333 1.000000 0.000000 1.000000 1.183216 1.000000 0.000000
 0.719444 1.000000 -0.000000 1.000000 1.183216 1.000000 0.000000
 0.720556 1.000000 0.000000 1.000000 1.183216 1.000000 0.000000
 0.721667 1.000000 -0.000000 1.000000 1.183216 1.000000 0.000000
 0.722778 1.000000 0.000000 1.000000 1.183216 1.000000 0.000000
 0.723889 1.000000 -0.000000 1.000000 1.183216 1.000000 0.000000
 0.725000 1.000000 0.000000 1.000000 1.183216 1.000000 0.000000
 0.726111 1.000000 -0.000000 1.000000 1.183216 1.000000 0.000000
 0.727222 1.000000 0.000000 1.000000 1.183216 1.000000 0.000000
 0.728333 1.000000 -0.000000 1.000000 1.183216 1.000000 0.000000
 0.729444 1.000000 0.000000 1.000000 1.183216 1.000000 0.000000
 0.730556 1.000000 -0.000000 1.000000 1.183216 1.000000 0.000000
 0.731667 1.000000 0.000000 1.000000 1.183216 1.000000 0.000000
 0.732778 1.000000 -0.000000 1.000000 1.183216 1.000000 0.000000
 0.733889 1.000000 0.000000 1.000000 1.183216 1.000000 0.000000
 0.735000 1.000000 -0.000000 1.000000 1.183216 1.000000 0.000000
 0.736111 1.000000 0.000000 1.000000 1.183216 1.000000 0.000000
 0.737222 1.000000 -0.000000 1.000000 1.183216 1.000000 0.000000
 0.738333 1.000000 0.000000 1.000000 1.183216 1.000000 0.000000
 0.739444 1.000000 -0.000000 1.000000 1.183216 1.000000 0.000000
 0.740556 1.000000 0.000000 1.000000 1.183216 1.000000 0.000000
 0.741667 1.000000 -0.000000 1.000000 1.183216 1.000000 0.000000
 0.742778 1.000000 0.000000 1.000000 1.183216 1.000000 0.000000
 0.743889 1.000000 -0.000000 1.000000 1.183216 1.000000 0.000000
 0.745000 1.000000 0.000000 1.000000 1.183216 1.000000 0.000000
 0.746111 1.000000 -0.000000 1.000000 1.183216 1.000000 0.000000
 0.747222 1.000000 0.000000 1.000000 1.183216 1.000000 0.000000
 0.748333 1.000000 -0.000000 1.000000 1.183216 1.000000 0.000000
 0.749444 1.000000 0.000000 1.000000 1.183216 1.000000 0.000000
 0.750556 1.000000 -0.000000 1.000000 1.183216 1.000000 0.000000
 0.751667 1.000000 0.000000 1.000000 1.183216 1.000000 0.000000
 0.752778 1.000000 -0.000000 1.000000 1.183216 1.000000 0.000000
 0.753889 1.000000 0.000000 1.000000 1.183216 1.000000 0.000000
 0.755000 1.000000 -0.000000 1.000000 1.183216 1.000000 0.000000
 0.756111 1.000000 0.000000 1.000000 1.183216 1.000000 0.000000
 0.757222 1.000000 -0.000000 1.000000 1.183216 1.000000 0.000000
 0.758333 1.000000 0.000000 1.000000 1.183216 1.000000 0.000000
 0.759444 1.000000 -0.000000 1.000000 1.183216 1.000000 0.000000
 0.760556 1.000000 0.000000 1.000000 1.183216 1.000000 0.000000
 0.761667 1.000000 -0.000000 1.000000 1.183216 1.000000 0.000000
 0.762778 1.000000 0.000000 1.000000 1.183216 1.000000 0.000000
 0.763889 1.000000 -0.000000 1.000000 1.183216 1.000000 0.000000
 0.765000 1.000000 0.000000 1.000000 1.183216 1.000000 0.000000
 0.766111 1.000000 -0.000000 1.000000 1.183216 1.000000 0.000000
 0.767222 1.000000 0.000000 1.000000 1.183216 1.000000 0.000000
 0.768333 1.000000 -0.000000 1.000000 1.183216 1.000000 0.000000
 0.769444 1.000000 0.000000 1.000000 1.183216 1.000000 0.000000
 0.770556 1.000000 -0.000000 1.000000 1.183216 1.000000 0.000000
 0.771667 1.000000 0.000000 1.000000 1.183216 1.000000 0.000000
 0.772778 1.000000 -0.000000 1.000000 1.183216 1.000000 0.000000
 0.773889 1.000000 0.000000 1.000000 1.183216 1.000000 0.000000
 0.775000 1.000000 -0.000000 1.000000 1.183216 1.000000 0.000000
 0.776111 1.000000 0.000000 1.000000 1.183216 1.000000 0.000000
 0.777222 1.000000 -0.000000 1.000000 1.183216 1.000000 0.000000
 0.778333 1.000000 0.000000 1.000000 1.183216 1.000000 0.000000
 0.779444 1.000000 -0.000000 1.000000 1.183216 1.000000 0.000000
 0.780556 1.000000 0.000000 1.000000 1.183216 1.000000 0.000000
 0.781667 1.000000 -0.000000 1.000000 1.183216 1.000000 0.000000
 0.782778 1.000000 0.000000 1.000000 1.183216 1.000000 0.000000
 0.783889 1.000000 -0.000000 1.000000 1.183216 1.000000 0.000000
 0.785000 1.000000 0.000000 1.000000 1.183216 1.000000 0.000000
 0.786111 1.000000 -0.000000 1.000000 1.183216 1.000000 0.000000
 0.787222 1.000000 0.000000 1.000000 1.183216 1.000000 0.000000
 0.788333 1.000000 -0.000000 1.000000 1.183216 1.000000 0.000000
 0.789444 1.000000 0.000000 1.000000 1.183216 1.000000 0.000000
 0.790556 1.000000 -0.000000 1.000000 1.183216 1.000000 0.000000
 0.791667 1.000000 0.000000 1.000000 1.183216 1.000000 0.000000
 0.792778 1.000000 -0.000000 1.000000 1.183216 1.000000 0.000000
 0.793889 1.000000 0.000000 1.000000 1.183216 1.000000 0.000000
 0.795000 1.000000 -0.000000 1.000000 1.183216 1.000000 0.000000
 0.796111 1.000000 0.000000 1.000000 1.183216 1.000000 0.000000
 0.797222 1.000000 -0.000000 1.000000 1.183216 1.000000 0.000000
 0.798333 1.000000 0.000000 1.000000 1.183216 1.000000 0.000000
 0.799444 1.000000 -0.000000 1.000000 1.183216 1.000000 0.000000
 0.800556 1.000000 0.000000 1.000000 1.183216 1.000000 0.000000
 0.801667 1.000000 -0.000000 1.000000 1.183216 1.000000 0.000000
 0.802778 1.000000 0.000000 1.000000 1.183216 1.000000 0.000000
 0.803889 1.000000 -0.000000 1.000000 1.183216 1.000000 0.000000
 0.805000 1.000000 0.000000 1.000000 1.183216 1.000000 0.000000
 0.806111 1.000000 -0.000000 1.000000 1.183216 1.000000 0.000000
 0.807222 1.000000 0.000000 1.000000 1.183216 1.000000 0.000000
 0.808333 1.000000 -0.000000 1.000000 1.183216 1.000000 0.000000
 0.809444 1.000000 0.000000 1.000000 1.183216 1.000000 0.000000
 0.810556 1.000000 -0.000000 1.000000 1.183216 1.000000 0.000000
 0.811667 1.000000 0.000000 1.000000 1.183216 1.000000 0.000000
 0.812778 1.000000 -0.000000 1.000000 1.183216 1.000000 0.000000
 0.813889 1.000000 0.000000 1.000000 1.183216 1.000000 0.000000
 0.815000 1.000000 -0.000000 1.000000 1.183216 1.000000 0.000000
 0.816111 1.000000 0.000000 1.000000 1.183216 1.000000 0.000000
 0.817222 1.000000 -0.000000 1.000000 1.183216 1.000000 0.000000
 0.818333 1.000000 0.000000 1.000000 1.183216 1.000000 0.000000
 0.819444 1.000000 -0.000000 1.000000 1.183216 1.000000 0.000000
 0.820556 1.000000 0.000000 1.000000 1.183216 1.000000 0.000000
 0.821667 1.000000 -0.000000 1.000000 1.183216 1.000000 0.000000
 0.822778 1.000000 0.000000 1.000000 1.183216 1.000000 0.000000
 0.823889 1.000000 -0.000000 1.000000 1.183216 1.000000 0.000000
 0.825000 1.000000 0.000000 1.000000 1.183216 1.000000 0.000000
 0.826111 1.000000 -0.000000 1.000000 1.183216 1.000000 0.000000
 0.827222 1.000000 0.000000 1.000000 1.183216 1.000000 0.000000
 0.828333 1.000000 -0.000000 1.000000 1.183216 1.000000 0.000000
 0.829444 1.000000 0.000000 1.000000 1.183216 1.000000 0.000000
 0.830556 1.000000 -0.000000 1.000000 1.183216 1.000000 0.000000
 0.831667 1.000000 0.000000 1.000000 1.183216 1.000000 0.000000
 0.832778 1.000000 -0.000000 1.000000 1.183216 1.000000 0.000000
 0.833889 1.000000 0.000000 1.000000 1.183216 1.000000 0.000000
 0.835000 1.000000 -0.000000 1.000000 1.183216 1.000000 0.000000
 0.836111 1.000000 0.000000 1.000000 1.183216 1.000000 0.000000
 0.837222 1.000000 -0.000000 1.000000 1.183216 1.000000 0.000000
 0.838333 1.000000 0.000000 1.000000 1.183216 1.000000 0.000000
 0.839444 1.000000 -0.000000 1.000000 1.183216 1.000000 0.000000
 0.840556 1.000000 0.000000 1.000000 1.183216 1.000000 0.000000
 0.841667 1.000000 -0.000000 1.000000 1.183216 1.000000 0.000000
 0.842778 1.000000 0.000000 1.000000 1.183216 1.000000 0.000000
 0.843889 1.000000 -0.000000 1.000000 1.183216 1.000000 0.000000
 0.845000 1.000000 0.000000 1.000000 1.183216 1.000000 0.000000
 0.846111 1.000000 -0.000000 1.000000 1.183216 1.000000 0.000000
 0.847222 1.000000 0.000000 1.000000 1.183216 1.000000 0.000000
 0.848333 1.000000 -0.000000 1.000000 1.183216 1.000000 0.000000
 0.849444 1.000000 0.000000 1.000000 1.183216 1.000000 0.000000
 0.850556 1.000000 -0.000000 1.000000 1.183216 1.000000 0.000000
 0.851667 1.000000 0.000000 1.000000 1.183216 1.000000 0.000000
 0.852778 1.000000 -0.000000 1.000000 1.183216 1.000000 0.000000
 0.853889 1.000000 0.000000 1.000000 1.183216 1.000000 0.000000
 0.855000 1.000000 -0.000000 1.000000 1.183216 1.000000 0.000000
 0.856111 1.000000 0.000000 1.000000 1.183216 1.000000 0.000000
 0.857222 1.000000 -0.000000 1.000000 1.183216 1.000000 0.000000
 0.858333 1.000000 0.000000 1.000000 1.183216 1.000000 0.000000
 0.859444 1.000000 -0.000000 1.000000 1.183216 1.000000 0.000000
 0.860556 1.000000 0.000000 1.000000 1.183216 1.000000 0.000000
 0.861667 1.000000 -0.000000 1.000000 1.183216 1.000000 0.000000
 0.862778 1.000000 0.000000 1.000000 1.183216 1.000000 0.000000
 0.863889 1.000000 -0.000000 1.000000 1.183216 1.000000 0.000000
 0.865000 1.000000 0.000000 1.000000 1.183216 1.000000 0.000000
 0.866111 1.000000 -0.000000 1.000000 1.183216 1.000000 0.000000
 0.867222 1.000000 0.000000 1.000000 1.183216 1.000000 0.000000
 0.868333 1.000000 -0.000000 1.000000 1.183216 1.000000 0.000000
 0.869444 1.000000 0.000000 1.000000 1.183216 1.000000 0.000000
 0.870556 1.000000 -0.000000 1.000000 1.183216 1.000000 0.000000
 0.871667 1.000000 0.000000 1.000000 1.183216 1.000000 0.000000
 0.872778 1.000000 -0.000000 1.000000 1.183216 1.000000 0.000000
 0.873889 1.000000 0.000000 1.000000 1.183216 1.000000 0.000000
 0.875000 1.000000 -0.000000 1.000000 1.183216 1.000000 0.000000
 0.876111 1.000000 0.000000 1.000000 1.183216 1.000000 0.000000
 0.877222 1.000000 -0.000000 1.000000 1.183216 1.000000 0.000000
 0.878333 1.000000 0.000000 1.000000 1.183216 1.000000 0.000000
 0.879444 1.000000 -0.000000 1.000000 1.183216 1.000000 0.000000
 0.880556 1.000000 0.000000 1.000000 1.183216 1.000000 0.000000
 0.881667 1.000000 -0.000000 1.000000 1.183216 1.000000 0.000000
 0.882778 1.000000 0.000000 1.000000 1.183216 1.000000 0.000000
 0.883889 1.000000 -0.000000 1.000000 1.183216 1.000000 0.000000
 0.885000 1.000000 0.000000 1.000000 1.183216 1.000000 0.000000
 0.886111 1.000000 -0.000000 1.000000 1.183216 1.000000 0.000000
 0.887222 1.000000 0.000000 1.000000 1.183216 1.000000 0.000000
 0.888333 1.000000 -0.000000 1.000000 1.183216 1.000000 0.000000
 0.889444 1.000000 0.000000 1.000000 1.183216 1.000000 0.000000
 0.890556 1.000000 -0.000000 1.000000 1.183216 1.000000 0.000000
 0.891667 1.000000 0.000000 1.000000 1.183216 1.000000 0.000000
 0.892778 1.000000 -0.000000 1.000000 1.183216 1.000000 0.000000
 0.893889 1.000000 0.000000 1.000000 1.183216 1.000000 0.000000
 0.895000 1.000000 -0.000000 1.000000 1.183216 1.000000 0.000000
 0.896111 1.000000 0.000000 1.000000 1.183216 1.000000 0.000000
 0.897222 1.000000 -0.000000 1.000000 1.183216 1.000000 0.000000
 0.898333 1.000000 0.000000 1.000000 1.183216 1.000000 0.000000
 0.899444 1.000000 -0.000000 1.000000 1.183216 1.000000 0.000000
 0.900556 1.000000 0.000000 1.000000 1.183216 1.000000 0.000000
 0.901667 1.000000 0.000000 1.000000 1.183216 1.000000 0.000000
 0.902778 1.000000 0.000000 1.000000 1.183216 1.000000 0.000000
 0.903889 1.000000 0.000000 1.000000 1.183216 1.000000 0.000000
 0.905000 1.000000 0.000000 1.000000 1.183216 1.000000 0.000000
 0.906111 1.000000 0.000000 1.000000 1.183216 1.000000 0.000000
 0.907222 1.000000 0.000000 1.000000 1.183216 1.000000 0.000000
 0.908333 1.000000 0.000000 1.000000 1.183216 1.000000 0.000000
 0.909444 1.000000 0.000000 1.000000 1.183216 1.000000 0.000000
 0.910556 1.000000 0.000000 1.000000 1.183216 1.000000 0.000000
 0.911667 1.000000 0.000000 1.000000 1.183216 1.000000 0.000000
 0.912778 1.000000 0.000000 1.000000 1.183216 1.000000 0.000000
 0.913889 1.000000 0.000000 1.000000 1.183216 1.000000 0.000000
 0.915000 1.000000 0.000000 1.000000 1.183216 1.000000 0.000000
 0.916111 1.000000 0.000000 1.000000 1.183216 1.000000 0.000000
 0.917222 1.000000 0.000000 1.000000 1.183216 1.000000 0.000000
 0.918333 1.000000 0.000000 1.000000 1.183216 1.000000 0.000000
 0.919444 1.000000 0.000000 1.000000 1.183216 1.000000 0.000000
 0.920556 1.000000 0.000000 1.000000 1.183216 1.000000 0.000000
 0.921667 1.000000 0.000000 1.000000 1.183216 1.000000 0.000000
 0.922778 1.000000 0.000000 1.000000 1.183216 1.000000 0.000000
 0.923889 1.000000 0.000000 1.000000 1.183216 1.000000 0.000000
 0.925000 1.000000 0.000000 1.000000 1.183216 1.000000 0.000000
 0.926111 1.000000 0.000000 1.000000 1.183216 1.000000 0.000000
 0.927222 1.000000 0.000000 1.000000 1.183216 1.000000 0.000000
 0.928333 1.000000 0.000000 1.000000 1.183216 1.000000 0.000000
 0.929444 1.000000 0.000000 1.000000 1.183216 1.000000 0.000000
 0.930556 1.000000 0.000000 1.000000 1.183216 1.000000 0.000000
 0.931667 1.000000 0.000000 1.000000 1.183216 1.000000 0.000000
 0.932778 1.000000 0.000000 1.000000 1.183216 1.000000 0.000000
 0.933889 1.000000 0.000000 1.000000 1.183216 1.000000 0.000000
 0.935000 1.000000 0.000000 1.000000 1.183216 1.000000 0.000000
 0.936111 1.000000 0.000000 1.000000 1.183216 1.000000 0.000000
 0.937222 1.000000 0.000000 1.000000 1.183216 1.000000 0.000000
 0.938333 1.000000 0.000000 1.000000 1.183216 1.000000 0.000000
 0.939444 1.000000 0.000000 1.000000 1.183216 1.000000 0.000000
 0.940556 1.000000 0.000000 1.000000 1.183216 1.000000 0.000000
 0.941667 1.000000 0.000000 1.000000 1.183216 1.000000 0.000000
 0.942778 1.000000 0.000000 1.000000 1.183216 1.000000 0.000000
 0.943889 1.000000 0.000000 1.000000 1.183216 1.000000 0.000000
 0.945000 1.000000 0.000000 1.000000 1.183216 1.000000 0.000000
 0.946111 1.000000 0.000000 1.000000 1.183216 1.000000 0.000000
 0.947222 1.000000 0.000000 1.000000 1.183216 1.000000 0.000000
 0.948333 1.000000 0.000000 1.000000 1.183216 1.000000 0.000000
 0.949444 1.000000 0.000000 1.000000 1.183216 1.000000 0.000000
 0.950556 1.000000 0.000000 1.000000 1.183216 1.000000 0.000000
 0.951667 1.000000 0.000000 1.000000 1.183216 1.000000 0.000000
 0.952778 1.000000 0.000000 1.000000 1.183216 1.000000 0.000000
 0.953889 1.000000 0.000000 1.000000 1.183216 1.000000 0.000000
 0.955000 1.000000 0.000000 1.000000 1.183216 1.000000 0.000000
 0.956111 1.000000 0.000000 1.000000 1.183216 1.000000 0.000000
 0.957222 1.000000 0.000000 1.000000 1.183216 1.000000 0.000000
 0.958333 1.000000 0.000000 1.000000 1.183216 1.000000 0.000000
 0.959444 1.000000 0.000000 1.000000 1.183216 1.000000 0.000000
 0.960556 1.000000 0.000000 1.000000 1.183216 1.000000 0.000000
 0.961667 1.000000 0.000000 1.000000 1.183216 1.000000 0.000000
 0.962778 1.000000 0.000000 1.000000 1.183216 1.000000 0.000000
 0.963889 1.000000 0.000000 1.000000 1.183216 1.000000 0.000000
 0.965000 1.000000 0.000000 1.000000 1.183216 1.000000 0.000000
 0.966111 1.000000 0.000000 1.000000 1.183216 1.000000 0.000000
 0.967222 1.000000 0.000000 1.000000 1.183216 1.000000 0.000000
 0.968333 1.000000 0.000000 1.000000 1.183216 1.000000 0.000000
 0.969444 1.000000 0.000000 1.000000 1.183216 1.000000 0.000000
 0.970556 1.000000 0.000000 1.000000 1.183216 1.000000 0.000000
 0.971667 1.000000 0.000000 1.000000 1.183216 1.000000 0.000000
 0.972778 1.000000 0.000000 1.000000 1.183216 1.000000 0.000000
 0.973889 1.000000 0.000000 1.000000 1.183216 1.000000 0.000000
 0.975000 1.000000 0.000000 1.000000 1.183216 1.000000 0.000000
 0.976111 1.000000 0.000000 1.000000 1.183216 1.000000 0.000000
 0.977222 1.000000 0.000000 1.000000 1.183216 1.000000 0.000000
 0.978333 1.000000 0.000000 1.000000 1.183216 1.000000 0.000000
 0.979444 1.000000 0.000000 1.000000 1.183216 1.000000 0.000000
 0.980556 1.000000 0.000000 1.000000 1.183216 1.000000 0.000000
 0.981667 1.000000 0.000000 1.000000 1.183216 1.000000 0.000000
 0.982778 1.000000 0.000000 1.000000 1.183216 1.000000 0.000000
 0.983889 1.000000 0.000000 1.000000 1.183216 1.000000 0.000000
 0.985000 1.000000 0.000000 1.000000 1.183216 1.000000 0.000000
 0.986111 1.000000 0.000000 1.000000 1.183216 1.000000 0.000000
 0.987222 1.000000 0.000000 1.000000 1.183216 1.000000 0.000000
 0.988333 1.000000 0.000000 1.000000 1.183216 1.000000 0.000000
 0.989444 1.000000 0.000000 1.000000 1.183216 1.000000 0.000000
 0.990556 1.000000 0.000000 1.000000 1.183216 1.000000 0.000000
 0.991667 1.000000 0.000000 1.000000 1.183216 1.000000 0.000000
 0.992778 1.000000 0.000000 1.000000 1.183216 1.000000 0.000000
 0.993889 1.000000 0.000000 1.000000 1.183216 1.000000 0.000000
 0.995000 1.000000 0.000000 1.000000 1.183216 1.000000 0.000000
 0.996111 1.000000 0.000000 1.000000 1.183216 1.000000 0.000000
 0.997222 1.000000 0.000000 1.000000 1.183216 1.000000 0.000000
 0.998333 1.000000 0.000000 1.000000 1.183216 1.000000 0.000000
 0.999444 1.000000 0.000000 1.000000 1.183216 1.000000 0.000000
