Timer: 0.022287
 0.000556 2.000000 0.000000 2.000000 1.183216 0.757858 0.000000
 0.001667 2.000000 0.000000 2.000000 1.183216 0.757858 0.000000
 0.002778 2.000000 0.000000 2.000000 1.183216 0.757858 0.000000
 0.003889 2.000000 0.000000 2.000000 1.183216 0.757858 0.000000
 0.005000 2.000000 0.000000 2.000000 1.183216 0.757858 0.000000
 0.006111 2.000000 0.000000 2.000000 1.183216 0.757858 0.000000
 0.007222 2.000000 0.000000 2.000000 1.183216 0.757858 0.000000
 0.008333 2.000000 0.000000 2.000000 1.183216 0.757858 0.000000
 0.009444 2.000000 0.000000 2.000000 1.183216 0.757858 0.000000
 0.010556 2.000000 0.000000 2.000000 1.183216 0.757858 0.000000
 0.011667 2.000000 0.000000 2.000000 1.183216 0.757858 0.000000
 0.012778 2.000000 0.000000 2.000000 1.183216 0.757858 0.000000
 0.013889 2.000000 0.000000 2.000000 1.183216 0.757858 0.000000
 0.015000 2.000000 0.000000 2.000000 1.183216 0.757858 0.000000
 0.016111 2.000000 0.000000 2.000000 1.183216 0.757858 0.000000
 0.017222 2.000000 0.000000 2.000000 1.183216 0.757858 0.000000
 0.018333 2.000000 0.000000 2.000000 1.183216 0.757858 0.000000
 0.019444 2.000000 0.000000 2.000000 1.183216 0.757858 0.000000
 0.020556 2.000000 0.000000 2.000000 1.183216 0.757858 0.000000
 0.021667 2.000000 0.000000 2.000000 1.183216 0.757858 0.000000
 0.022778 2.000000 0.000000 2.000000 1.183216 0.757858 0.000000
 0.023889 2.000000 0.000000 2.000000 1.183216 0.757858 0.000000
 0.025000 2.000000 0.000000 2.000000 1.183216 0.757858 0.000000
 0.026111 2.000000 0.000000 2.000000 1.183216 0.757858 0.000000
 0.027222 2.000000 0.000000 2.000000 1.183216 0.757858 0.000000
 0.028333 2.000000 0.000000 2.000000 1.183216 0.757858 0.000000
 0.029444 2.000000 0.000000 2.000000 1.183216 0.757858 0.000000
 0.030556 2.000000 0.000000 2.000000 1.183216 0.757858 0.000000
 0.031667 2.000000 0.000000 2.000000 1.183216 0.757858 0.000000
 0.032778 2.000000 0.000000 2.000000 1.183216 0.757858 0.000000
 0.033889 2.000000 0.000000 2.000000 1.183216 0.757858 0.000000
 0.035000 2.000000 0.000000 2.000000 1.183216 0.757858 0.000000
 0.036111 2.000000 0.000000 2.000000 1.183216 0.757858 0.000000
 0.037222 2.000000 0.000000 2.000000 1.183216 0.757858 0.000000
 0.038333 2.000000 0.000000 2.000000 1.183216 0.757858 0.000000
 0.039444 2.000000 0.000000 2.000000 1.183216 0.757858 0.000000
 0.040556 2.000000 0.000000 2.000000 1.183216 0.757858 0.000000
 0.041667 2.000000 0.000000 2.000000 1.183216 0.757858 0.000000
 0.042778 2.000000 0.000000 2.000000 1.183216 0.757858 0.000000
 0.043889 2.000000 0.000000 2.000000 1.183216 0.757858 0.000000
 0.045000 2.000000 0.000000 2.000000 1.183216 0.757858 0.000000
 0.046111 2.000000 0.000000 2.000000 1.183216 0.757858 0.000000
 0.047222 2.000000 0.000000 2.000000 1.183216 0.757858 0.000000
 0.048333 2.000000 0.000000 2.000000 1.183216 0.757858 0.000000
 0.049444 2.000000 0.000000 2.000000 1.183216 0.757858 0.000000
 0.050556 2.000000 0.000000 2.000000 1.183216 0.757858 0.000000
 0.051667 2.000000 0.000000 2.000000 1.183216 0.757858 0.000000
 0.052778 2.000000 0.000000 2.000000 1.183216 0.757858 0.000000
 0.053889 2.000000 0.000000 2.000000 1.183216 0.757858 0.000000
 0.055000 2.000000 0.000000 2.000000 1.183216 0.757858 0.000000
 0.056111 2.000000 0.000000 2.000000 1.183216 0.757858 0.000000
 0.057222 2.000000 0.000000 2.000000 1.183216 0.757858 0.000000
 0.058333 2.000000 0.000000 2.000000 1.183216 0.757858 0.000000
 0.059444 2.000000 0.000000 2.000000 1.183216 0.757858 0.000000
 0.060556 2.000000 0.000000 2.000000 1.183216 0.757858 0.000000
 0.061667 2.000000 0.000000 2.000000 1.183216 0.757858 0.000000
 0.062778 2.000000 0.000000 2.000000 1.183216 0.757858 0.000000
 0.063889 2.000000 0.000000 2.000000 1.183216 0.757858 0.000000
 0.065000 2.000000 0.000000 2.000000 1.183216 0.757858 0.000000
 0.066111 2.000000 0.000000 2.000000 1.183216 0.757858 0.000000
 0.067222 2.000000 0.000000 2.000000 1.183216 0.757858 0.000000
 0.068333 2.000000 0.000000 2.000000 1.183216 0.757858 0.000000
 0.069444 2.000000 0.000000 2.000000 1.183216 0.757858 0.000000
 0.070556 2.000000 0.000000 2.000000 1.183216 0.757858 0.000000
 0.071667 2.000000 0.000000 2.000000 1.183216 0.757858 0.000000
 0.072778 2.000000 0.000000 2.000000 1.183216 0.757858 0.000000
 0.073889 2.000000 0.000000 2.000000 1.183216 0.757858 0.000000
 0.075000 2.000000 0.000000 2.000000 1.183216 0.757858 0.000000
 0.076111 2.000000 0.000000 2.000000 1.183216 0.757858 0.000000
 0.077222 2.000000 0.000000 2.000000 1.183216 0.757858 0.000000
 0.078333 2.000000 0.000000 2.000000 1.183216 0.757858 0.000000
 0.079444 2.000000 0.000000 2.000000 1.183216 0.757858 0.000000
 0.080556 2.000000 0.000000 2.000000 1.183216 0.757858 0.000000
 0.081667 2.000000 0.000000 2.000000 1.183216 0.757858 0.000000
 0.082778 2.000000 0.000000 2.000000 1.183216 0.757858 0.000000
 0.083889 2.000000 0.000000 2.000000 1.183216 0.757858 0.000000
 0.085000 2.000000 0.000000 2.000000 1.183216 0.757858 0.000000
 0.086111 2.000000 0.000000 2.000000 1.183216 0.757858 0.000000
 0.087222 2.000000 0.000000 2.000000 1.183216 0.757858 0.000000
 0.088333 2.000000 0.000000 2.000000 1.183216 0.757858 0.000000
 0.089444 2.000000 0.000000 2.000000 1.183216 0.757858 0.000000
 0.090556 2.000000 0.000000 2.000000 1.183216 0.757858 0.000000
 0.091667 2.000000 0.000000 2.000000 1.183216 0.757858 0.000000
 0.092778 2.000000 0.000000 2.000000 1.183216 0.757858 0.000000
 0.093889 2.000000 0.000000 2.000000 1.183216 0.757858 0.000000
 0.095000 2.000000 0.000000 2.000000 1.183216 0.757858 0.000000
 0.096111 2.000000 0.000000 2.000000 1.183216 0.757858 0.000000
 0.097222 2.000000 0.000000 2.000000 1.183216 0.757858 0.000000
 0.098333 2.000000 0.000000 2.000000 1.183216 0.757858 0.000000
 0.099444 2.000000 0.000000 2.000000 1.183216 0.757858 0.000000
 0.100556 2.000000 0.000000 2.000000 1.183216 0.757858 0.000000
 0.101667 2.000000 0.000000 2.000000 1.183216 0.757858 0.000000
 0.102778 2.000000 0.000000 2.000000 1.183216 0.757858 0.000000
 0.103889 2.000000 0.000000 2.000000 1.183216 0.757858 0.000000
 0.105000 2.000000 0.000000 2.000000 1.183216 0.757858 0.000000
 0.106111 2.000000 0.000000 2.000000 1.183216 0.757858 0.000000
 0.107222 2.000000 0.000000 2.000000 1.183216 0.757858 0.000000
 0.108333 2.000000 0.000000 2.000000 1.183216 0.757858 0.000000
 0.109444 2.000000 0.000000 2.000000 1.183216 0.757858 0.000000
 0.110556 2.000000 0.000000 2.000000 1.183216 0.757858 0.000000
 0.111667 2.000000 0.000000 2.000000 1.183216 0.757858 0.000000
 0.112778 2.000000 0.000000 2.000000 1.183216 0.757858 0.000000
 0.113889 2.000000 0.000000 2.000000 1.183216 0.757858 0.000000
 0.115000 2.000000 0.000000 2.000000 1.183216 0.757858 0.000000
 0.116111 2.000000 0.000000 2.000000 1.183216 0.757858 0.000000
 0.117222 2.000000 0.000000 2.000000 1.183216 0.757858 0.000000
 0.118333 2.000000 0.000000 2.000000 1.183216 0.757858 0.000000
 0.119444 2.000000 0.000000 2.000000 1.183216 0.757858 0.000000
 0.120556 2.000000 0.000000 2.000000 1.183216 0.757858 0.000000
 0.121667 2.000000 0.000000 2.000000 1.183216 0.757858 0.000000
 0.122778 2.000000 0.000000 2.000000 1.183216 0.757858 0.000000
 0.123889 2.000000 0.000000 2.000000 1.183216 0.757858 0.000000
 0.125000 2.000000 0.000000 2.000000 1.183216 0.757858 0.000000
 0.126111 2.000000 0.000000 2.000000 1.183216 0.757858 0.000000
 0.127222 2.000000 0.000000 2.000000 1.183216 0.757858 0.000000
 0.128333 2.000000 0.000000 2.000000 1.183216 0.757858 0.000000
 0.129444 2.000000 0.000000 2.000000 1.183216 0.757858 0.000000
 0.130556 2.000000 0.000000 2.000000 1.183216 0.757858 0.000000
 0.131667 2.000000 0.000000 2.000000 1.183216 0.757858 0.000000
 0.132778 2.000000 0.000000 2.000000 1.183216 0.757858 0.000000
 0.133889 2.000000 0.000000 2.000000 1.183216 0.757858 0.000000
 0.135000 2.000000 0.000000 2.000000 1.183216 0.757858 0.000000
 0.136111 2.000000 0.000000 2.000000 1.183216 0.757858 0.000000
 0.137222 2.000000 0.000000 2.000000 1.183216 0.757858 0.000000
 0.138333 2.000000 0.000000 2.000000 1.183216 0.757858 0.000000
 0.139444 2.000000 0.000000 2.000000 1.183216 0.757858 0.000000
 0.140556 2.000000 0.000000 2.000000 1.183216 0.757858 0.000000
 0.141667 2.000000 0.000000 2.000000 1.183216 0.757858 0.000000
 0.142778 2.000000 0.000000 2.000000 1.183216 0.757858 0.000000
 0.143889 2.000000 0.000000 2.000000 1.183216 0.757858 0.000000
 0.145000 2.000000 0.000000 2.000000 1.183216 0.757858 0.000000
 0.146111 2.000000 0.000000 2.000000 1.183216 0.757858 0.000000
 0.147222 2.000000 0.000000 2.000000 1.183216 0.757858 0.000000
 0.148333 2.000000 0.000000 2.000000 1.183216 0.757858 0.000000
 0.149444 2.000000 0.000000 2.000000 1.183216 0.757858 0.000000
 0.150556 2.000000 0.000000 2.000000 1.183216 0.757858 0.000000
 0.151667 2.000000 0.000000 2.000000 1.183216 0.757858 0.000000
 0.152778 2.000000 0.000000 2.000000 1.183216 0.757858 0.000000
 0.153889 2.000000 0.000000 2.000000 1.183216 0.757858 0.000000
 0.155000 2.000000 0.000000 2.000000 1.183216 0.757858 0.000000
 0.156111 2.000000 0.000000 2.000000 1.183216 0.757858 0.000000
 0.157222 2.000000 0.000000 2.000000 1.183216 0.757858 0.000000
 0.158333 2.000000 0.000000 2.000000 1.183216 0.757858 0.000000
 0.159444 2.000000 0.000000 2.000000 1.183216 0.757858 0.000000
 0.160556 2.000000 0.000000 2.000000 1.183216 0.757858 0.000000
 0.161667 2.000000 0.000000 2.000000 1.183216 0.757858 0.000000
 0.162778 2.000000 0.000000 2.000000 1.183216 0.757858 0.000000
 0.163889 2.000000 0.000000 2.000000 1.183216 0.757858 0.000000
 0.165000 2.000000 0.000000 2.000000 1.183216 0.757858 0.000000
 0.166111 2.000000 0.000000 2.000000 1.183216 0.757858 0.000000
 0.167222 2.000000 0.000000 2.000000 1.183216 0.757858 0.000000
 0.168333 2.000000 0.000000 2.000000 1.183216 0.757858 0.000000
 0.169444 2.000000 0.000000 2.000000 1.183216 0.757858 0.000000
 0.170556 2.000000 0.000000 2.000000 1.183216 0.757858 0.000000
 0.171667 2.000000 0.000000 2.000000 1.183216 0.757858 0.000000
 0.172778 2.000000 0.000000 2.000000 1.183216 0.757858 0.000000
 0.173889 2.000000 0.000000 2.000000 1.183216 0.757858 0.000000
 0.175000 2.000000 0.000000 2.000000 1.183216 0.757858 0.000000
 0.176111 2.000000 0.000000 2.000000 1.183216 0.757858 0.000000
 0.177222 2.000000 0.000000 2.000000 1.183216 0.757858 0.000000
 0.178333 2.000000 0.000000 2.000000 1.183216 0.757858 0.000000
 0.179444 2.000000 0.000000 2.000000 1.183216 0.757858 0.000000
 0.180556 2.000000 0.000000 2.000000 1.183216 0.757858 0.000000
 0.181667 2.000000 0.000000 2.000000 1.183216 0.757858 0.000000
 0.182778 2.000000 0.000000 2.000000 1.183216 0.757858 0.000000
 0.183889 2.000000 0.000000 2.000000 1.183216 0.757858 0.000000
 0.185000 2.000000 0.000000 2.000000 1.183216 0.757858 0.000000
 0.186111 2.000000 0.000000 2.000000 1.183216 0.757858 0.000000
 0.187222 2.000000 0.000000 2.000000 1.183216 0.757858 0.000000
 0.188333 2.000000 0.000000 2.000000 1.183216 0.757858 0.000000
 0.189444 2.000000 0.000000 2.000000 1.183216 0.757858 0.000000
 0.190556 2.000000 0.000000 2.000000 1.183216 0.757858 0.000000
 0.191667 2.000000 0.000000 2.000000 1.183216 0.757858 0.000000
 0.192778 2.000000 0.000000 2.000000 1.183216 0.757858 0.000000
 0.193889 2.000000 0.000000 2.000000 1.183216 0.757858 0.000000
 0.195000 2.000000 0.000000 2.000000 1.183216 0.757858 0.000000
 0.196111 2.000000 0.000000 2.000000 1.183216 0.757858 0.000000
 0.197222 2.000000 0.000000 2.000000 1.183216 0.757858 0.000000
 0.198333 2.000000 0.000000 2.000000 1.183216 0.757858 0.000000
 0.199444 2.000000 0.000000 2.000000 1.183216 0.757858 0.000000
 0.200556 2.000000 0.000000 2.000000 1.183216 0.757858 0.000000
 0.201667 2.000000 0.000000 2.000000 1.183216 0.757858 0.000000
 0.202778 2.000000 0.000000 2.000000 1.183216 0.757858 0.000000
 0.203889 2.000000 0.000000 2.000000 1.183216 0.757858 0.000000
 0.205000 2.000000 0.000000 2.000000 1.183216 0.757858 0.000000
 0.206111 2.000000 0.000000 2.000000 1.183216 0.757858 0.000000
 0.207222 2.000000 0.000000 2.000000 1.183216 0.757858 0.000000
 0.208333 2.000000 0.000000 2.000000 1.183216 0.757858 0.000000
 0.209444 2.000000 0.000000 2.000000 1.183216 0.757858 0.000000
 0.210556 2.000000 0.000000 2.000000 1.183216 0.757858 0.000000
 0.211667 2.000000 0.000000 2.000000 1.183216 0.757858 0.000000
 0.212778 2.000000 0.000000 2.000000 1.183216 0.757858 0.000000
 0.213889 2.000000 0.000000 2.000000 1.183216 0.757858 0.000000
 0.215000 2.000000 0.000000 2.000000 1.183216 0.757858 0.000000
 0.216111 2.000000 0.000000 2.000000 1.183216 0.757858 0.000000
 0.217222 2.000000 0.000000 2.000000 1.183216 0.757858 0.000000
 0.218333 2.000000 0.000000 2.000000 1.183216 0.757858 0.000000
 0.219444 2.000000 0.000000 2.000000 1.183216 0.757858 0.000000
 0.220556 2.000000 0.000000 2.000000 1.183216 0.757858 0.000000
 0.221667 2.000000 0.000000 2.000000 1.183216 0.757858 0.000000
 0.222778 2.000000 0.000000 2.000000 1.183216 0.757858 0.000000
 0.223889 2.000000 0.000000 2.000000 1.183216 0.757858 0.000000
 0.225000 2.000000 0.000000 2.000000 1.183216 0.757858 0.000000
 0.226111 2.000000 0.000000 2.000000 1.183216 0.757858 0.000000
 0.227222 2.000000 0.000000 2.000000 1.183216 0.757858 0.000000
 0.228333 2.000000 0.000000 2.000000 1.183216 0.757858 0.000000
 0.229444 2.000000 0.000000 2.000000 1.183216 0.757858 0.000000
 0.230556 2.000000 0.000000 2.000000 1.183216 0.757858 0.000000
 0.231667 2.000000 0.000000 2.000000 1.183216 0.757858 0.000000
 0.232778 2.000000 0.000000 2.000000 1.183216 0.757858 0.000000
 0.233889 2.000000 0.000000 2.000000 1.183216 0.757858 0.000000
 0.235000 2.000000 0.000000 2.000000 1.183216 0.757858 0.000000
 0.236111 2.000000 0.000000 2.000000 1.183216 0.757858 0.000000
 0.237222 2.000000 0.000000 2.000000 1.183216 0.757858 0.000000
 0.238333 2.000000 0.000000 2.000000 1.183216 0.757858 0.000000
 0.239444 2.000000 0.000000 2.000000 1.183216 0.757858 0.000000
 0.240556 2.000000 0.000000 2.000000 1.183216 0.757858 0.000000
 0.241667 2.000000 0.000000 2.000000 1.183216 0.757858 0.000000
 0.242778 2.000000 0.000000 2.000000 1.183216 0.757858 0.000000
 0.243889 2.000000 0.000000 2.000000 1.183216 0.757858 0.000000
 0.245000 2.000000 0.000000 2.000000 1.183216 0.757858 0.000000
 0.246111 2.000000 0.000000 2.000000 1.183216 0.757858 0.000000
 0.247222 2.000000 0.000000 2.000000 1.183216 0.757858 0.000000
 0.248333 2.000000 0.000000 2.000000 1.183216 0.757858 0.000000
 0.249444 2.000000 0.000000 2.000000 1.183216 0.757858 0.000000
 0.250556 2.000000 0.000000 2.000000 1.183216 0.757858 0.000000
 0.251667 2.000000 0.000000 2.000000 1.183216 0.757858 0.000000
 0.252778 2.000000 0.000000 2.000000 1.183216 0.757858 0.000000
 0.253889 2.000000 0.000000 2.000000 1.183216 0.757858 0.000000
 0.255000 2.000000 0.000000 2.000000 1.183216 0.757858 0.000000
 0.256111 2.000000 0.000000 2.000000 1.183216 0.757858 0.000000
 0.257222 2.000000 0.000000 2.000000 1.183216 0.757858 0.000000
 0.258333 2.000000 0.000000 2.000000 1.183216 0.757858 0.000000
 0.259444 2.000000 0.000000 2.000000 1.183216 0.757858 0.000000
 0.260556 2.000000 0.000000 2.000000 1.183216 0.757858 0.000000
 0.261667 2.000000 0.000000 2.000000 1.183216 0.757858 0.000000
 0.262778 2.000000 0.000000 2.000000 1.183216 0.757858 0.000000
 0.263889 2.000000 0.000000 2.000000 1.183216 0.757858 0.000000
 0.265000 2.000000 0.000000 2.000000 1.183216 0.757858 0.000000
 0.266111 2.000000 0.000000 2.000000 1.183216 0.757858 0.000000
 0.267222 2.000000 0.000000 2.000000 1.183216 0.757858 0.000000
 0.268333 2.000000 0.000000 2.000000 1.183216 0.757858 0.000000
 0.269444 2.000000 0.000000 2.000000 1.183216 0.757858 0.000000
 0.270556 2.000000 0.000000 2.000000 1.183216 0.757858 0.000000
 0.271667 2.000000 0.000000 2.000000 1.183216 0.757858 0.000000
 0.272778 2.000000 0.000000 2.000000 1.183216 0.757858 0.000000
 0.273889 2.000000 0.000000 2.000000 1.183216 0.757858 0.000000
 0.275000 2.000000 0.000000 2.000000 1.183216 0.757858 0.000000
 0.276111 2.000000 0.000000 2.000000 1.183216 0.757858 0.000000
 0.277222 2.000000 0.000000 2.000000 1.183216 0.757858 0.000000
 0.278333 2.000000 0.000000 2.000000 1.183216 0.757858 0.000000
 0.279444 2.000000 0.000000 2.000000 1.183216 0.757858 0.000000
 0.280556 2.000000 0.000000 2.000000 1.183216 0.757858 0.000000
 0.281667 2.000000 0.000000 2.000000 1.183216 0.757858 0.000000
 0.282778 2.000000 0.000000 2.000000 1.183216 0.757858 0.000000
 0.283889 2.000000 0.000000 2.000000 1.183216 0.757858 0.000000
 0.285000 2.000000 0.000000 2.000000 1.183216 0.757858 0.000000
 0.286111 2.000000 0.000000 2.000000 1.183216 0.757858 0.000000
 0.287222 2.000000 0.000000 2.000000 1.183216 0.757858 0.000000
 0.288333 2.000000 0.000000 2.000000 1.183216 0.757858 0.000000
 0.289444 2.000000 0.000000 2.000000 1.183216 0.757858 0.000000
 0.290556 2.000000 0.000000 2.000000 1.183216 0.757858 0.000000
 0.291667 2.000000 0.000000 2.000000 1.183216 0.757858 0.000000
 0.292778 2.000000 0.000000 2.000000 1.183216 0.757858 0.000000
 0.293889 2.000000 0.000000 2.000000 1.183216 0.757858 0.000000
 0.295000 2.000000 0.000000 2.000000 1.183216 0.757858 0.000000
 0.296111 2.000000 0.000000 2.000000 1.183216 0.757858 0.000000
 0.297222 2.000000 0.000000 2.000000 1.183216 0.757858 0.000000
 0.298333 2.000000 0.000000 2.000000 1.183216 0.757858 0.000000
 0.299444 2.000000 0.000000 2.000000 1.183216 0.757858 0.000000
 0.300556 2.000000 0.000000 2.000000 1.183216 0.757858 0.000000
 0.301667 2.000000 0.000000 2.000000 1.183216 0.757858 0.000000
 0.302778 2.000000 0.000000 2.000000 1.183216 0.757858 0.000000
 0.303889 2.000000 0.000000 2.000000 1.183216 0.757858 0.000000
 0.305000 2.000000 0.000000 2.000000 1.183216 0.757858 0.000000
 0.306111 2.000000 0.000000 2.000000 1.183216 0.757858 0.000000
 0.307222 2.000000 0.000000 2.000000 1.183216 0.757858 0.000000
 0.308333 2.000000 0.000000 2.000000 1.183216 0.757858 0.000000
 0.309444 2.000000 0.000000 2.000000 1.183216 0.757858 0.000000
 0.310556 2.000000 0.000000 2.000000 1.183216 0.757858 0.000000
 0.311667 2.000000 0.000000 2.000000 1.183216 0.757858 0.000000
 0.312778 2.000000 0.000000 2.000000 1.183216 0.757858 0.000000
 0.313889 2.000000 0.000000 2.000000 1.183216 0.757858 0.000000
 0.315000 2.000000 0.000000 2.000000 1.183216 0.757858 0.000000
 0.316111 2.000000 0.000000 2.000000 1.183216 0.757858 0.000000
 0.317222 2.000000 0.000000 2.000000 1.183216 0.757858 0.000000
 0.318333 2.000000 0.000000 2.000000 1.183216 0.757858 0.000000
 0.319444 2.000000 0.000000 2.000000 1.183216 0.757858 0.000000
 0.320556 2.000000 0.000000 2.000000 1.183216 0.757858 0.000000
 0.321667 2.000000 0.000000 2.000000 1.183216 0.757858 0.000000
 0.322778 2.000000 0.000000 2.000000 1.183216 0.757858 0.000000
 0.323889 2.000000 0.000000 2.000000 1.183216 0.757858 0.000000
 0.325000 2.000000 0.000000 2.000000 1.183216 0.757858 0.000000
 0.326111 2.000000 0.000000 2.000000 1.183216 0.757858 0.000000
 0.327222 2.000000 0.000000 2.000000 1.183216 0.757858 0.000000
 0.328333 2.000000 0.000000 2.000000 1.183216 0.757858 0.000000
 0.329444 2.000000 0.000000 2.000000 1.183216 0.757858 0.000000
 0.330556 2.000000 0.000000 2.000000 1.183216 0.757858 0.000000
 0.331667 2.000000 0.000000 2.000000 1.183216 0.757858 0.000000
 0.332778 2.000000 0.000000 2.000000 1.183216 0.757858 0.000000
 0.333889 2.000000 0.000000 2.000000 1.183216 0.757858 0.000000
 0.335000 2.000000 0.000000 2.000000 1.183216 0.757858 0.000000
 0.336111 2.000000 0.000000 2.000000 1.183216 0.757858 0.000000
 0.337222 2.000000 0.000000 2.000000 1.183216 0.757858 0.000000
 0.338333 2.000000 0.000000 2.000000 1.183216 0.757858 0.000000
 0.339444 2.000000 0.000000 2.000000 1.183216 0.757858 0.000000
 0.340556 2.000000 0.000000 2.000000 1.183216 0.757858 0.000000
 0.341667 2.000000 0.000000 2.000000 1.183216 0.757858 0.000000
 0.342778 2.000000 0.000000 2.000000 1.183216 0.757858 0.000000
 0.343889 2.000000 0.000000 2.000000 1.183216 0.757858 0.000000
 0.345000 2.000000 0.000000 2.000000 1.183216 0.757858 0.000000
 0.346111 2.000000 0.000000 2.000000 1.183216 0.757858 0.000000
 0.347222 2.000000 0.000000 2.000000 1.183216 0.757858 0.000000
 0.348333 2.000000 0.000000 2.000000 1.183216 0.757858 0.000000
 0.349444 2.000000 0.000000 2.000000 1.183216 0.757858 0.000000
 0.350556 2.000000 0.000000 2.000000 1.183216 0.757858 0.000000
 0.351667 2.000000 0.000000 2.000000 1.183216 0.757858 0.000000
 0.352778 2.000000 0.000000 2.000000 1.183216 0.757858 0.000000
 0.353889 2.000000 0.000000 2.000000 1.183216 0.757858 0.000000
 0.355000 2.000000 0.000000 2.000000 1.183216 0.757858 0.000000
 0.356111 2.000000 0.000000 2.000000 1.183216 0.757858 0.000000
 0.357222 2.000000 0.000000 2.000000 1.183216 0.757858 0.000000
 0.358333 2.000000 0.000000 2.000000 1.183216 0.757858 0.000000
 0.359444 2.000000 0.000000 2.000000 1.183216 0.757858 0.000000
 0.360556 2.000000 0.000000 2.000000 1.183216 0.757858 0.000000
 0.361667 2.000000 0.000000 2.000000 1.183216 0.757858 0.000000
 0.362778 2.000000 0.000000 2.000000 1.183216 0.757858 0.000000
 0.363889 2.000000 0.000000 2.000000 1.183216 0.757858 0.000000
 0.365000 2.000000 0.000000 2.000000 1.183216 0.757858 0.000000
 0.366111 2.000000 0.000000 2.000000 1.183216 0.757858 0.000000
 0.367222 2.000000 0.000000 2.000000 1.183216 0.757858 0.000000
 0.368333 2.000000 0.000000 2.000000 1.183216 0.757858 0.000000
 0.369444 2.000000 0.000000 2.000000 1.183216 0.757858 0.000000
 0.370556 2.000000 0.000000 2.000000 1.183216 0.757858 0.000000
 0.371667 2.000000 0.000000 2.000000 1.183216 0.757858 0.000000
 0.372778 2.000000 0.000000 2.000000 1.183216 0.757858 0.000000
 0.373889 2.000000 0.000000 2.000000 1.183216 0.757858 0.000000
 0.375000 2.000000 0.000000 2.000000 1.183216 0.757858 0.000000
 0.376111 2.000000 0.000000 2.000000 1.183216 0.757858 0.000000
 0.377222 2.000000 0.000000 2.000000 1.183216 0.757858 0.000000
 0.378333 2.000000 0.000000 2.000000 1.183216 0.757858 0.000000
 0.379444 2.000000 0.000000 2.000000 1.183216 0.757858 0.000000
 0.380556 2.000000 0.000000 2.000000 1.183216 0.757858 0.000000
 0.381667 2.000000 0.000000 2.000000 1.183216 0.757858 0.000000
 0.382778 2.000000 0.000000 2.000000 1.183216 0.757858 0.000000
 0.383889 2.000000 0.000000 2.000000 1.183216 0.757858 0.000000
 0.385000 2.000000 0.000000 2.000000 1.183216 0.757858 0.000000
 0.386111 2.000000 0.000000 2.000000 1.183216 0.757858 0.000000
 0.387222 2.000000 0.000000 2.000000 1.183216 0.757858 0.000000
 0.388333 2.000000 0.000000 2.000000 1.183216 0.757858 0.000000
 0.389444 2.000000 0.000000 2.000000 1.183216 0.757858 0.000000
 0.390556 2.000000 0.000000 2.000000 1.183216 0.757858 0.000000
 0.391667 2.000000 0.000000 2.000000 1.183216 0.757858 0.000000
 0.392778 2.000000 0.000000 2.000000 1.183216 0.757858 0.000000
 0.393889 2.000000 0.000000 2.000000 1.183216 0.757858 0.000000
 0.395000 2.000000 0.000000 2.000000 1.183216 0.757858 0.000000
 0.396111 2.000000 0.000000 2.000000 1.183216 0.757858 0.000000
 0.397222 2.000000 0.000000 2.000000 1.183216 0.757858 0.000000
 0.398333 2.000000 0.000000 2.000000 1.183216 0.757858 0.000000
 0.399444 2.000000 0.000000 2.000000 1.183216 0.757858 0.000000
 0.400556 2.000000 0.000000 2.000000 1.183216 0.757858 0.000000
 0.401667 2.000000 0.000000 2.000000 1.183216 0.757858 0.000000
 0.402778 2.000000 0.000000 2.000000 1.183216 0.757858 0.000000
 0.403889 2.000000 0.000000 2.000000 1.183216 0.757858 0.000000
 0.405000 2.000000 0.000000 2.000000 1.183216 0.757858 0.000000
 0.406111 2.000000 0.000000 2.000000 1.183216 0.757858 0.000000
 0.407222 2.000000 0.000000 2.000000 1.183216 0.757858 0.000000
 0.408333 2.000000 0.000000 2.000000 1.183216 0.757858 0.000000
 0.409444 2.000000 0.000000 2.000000 1.183216 0.757858 0.000000
 0.410556 2.000000 0.000000 2.000000 1.183216 0.757858 0.000000
 0.411667 2.000000 0.000000 2.000000 1.183216 0.757858 0.000000
 0.412778 2.000000 0.000000 2.000000 1.183216 0.757858 0.000000
 0.413889 2.000000 0.000000 2.000000 1.183216 0.757858 0.000000
 0.415000 2.000000 0.000000 2.000000 1.183216 0.757858 0.000000
 0.416111 2.000000 0.000000 2.000000 1.183216 0.757858 0.000000
 0.417222 2.000000 0.000000 2.000000 1.183216 0.757858 0.000000
 0.418333 2.000000 0.000000 2.000000 1.183216 0.757858 0.000000
 0.419444 2.000000 0.000000 2.000000 1.183216 0.757858 0.000000
 0.420556 2.000000 0.000000 2.000000 1.183216 0.757858 0.000000
 0.421667 2.000000 0.000000 2.000000 1.183216 0.757858 0.000000
 0.422778 2.000000 0.000000 2.000000 1.183216 0.757858 0.000000
 0.423889 2.000000 0.000000 2.000000 1.183216 0.757858 0.000000
 0.425000 2.000000 0.000000 2.000000 1.183216 0.757858 0.000000
 0.426111 2.000000 0.000000 2.000000 1.183216 0.757858 0.000000
 0.427222 2.000000 0.000000 2.000000 1.183216 0.757858 0.000000
 0.428333 2.000000 0.000000 2.000000 1.183216 0.757858 0.000000
 0.429444 2.000000 0.000000 2.000000 1.183216 0.757858 0.000000
 0.430556 2.000000 0.000000 2.000000 1.183216 0.757858 0.000000
 0.431667 2.000000 0.000000 2.000000 1.183216 0.757858 0.000000
 0.432778 2.000000 0.000000 2.000000 1.183216 0.757858 0.000000
 0.433889 2.000000 0.000000 2.000000 1.183216 0.757858 0.000000
 0.435000 2.000000 0.000000 2.000000 1.183216 0.757858 0.000000
 0.436111 2.000000 0.000000 2.000000 1.183216 0.757858 0.000000
 0.437222 2.000000 0.000000 2.000000 1.183216 0.757858 0.000000
 0.438333 2.000000 0.000000 2.000000 1.183216 0.757858 0.000000
 0.439444 2.000000 0.000000 2.000000 1.183216 0.757858 0.000000
 0.440556 2.000000 0.000000 2.000000 1.183216 0.757858 0.000000
 0.441667 2.000000 0.000000 2.000000 1.183216 0.757858 0.000000
 0.442778 2.000000 0.000000 2.000000 1.183216 0.757858 0.000000
 0.443889 2.000000 0.000000 2.000000 1.183216 0.757858 0.000000
 0.445000 2.000000 0.000000 2.000000 1.183216 0.757858 0.000000
 0.446111 2.000000 0.000000 2.000000 1.183216 0.757858 0.000000
 0.447222 2.000000 0.000000 2.000000 1.183216 0.757858 0.000000
 0.448333 2.000000 0.000000 2.000000 1.183216 0.757858 0.000000
 0.449444 2.000000 0.000000 2.000000 1.183216 0.757858 0.000000
 0.450556 2.000000 0.000000 2.000000 1.183216 0.757858 0.000000
 0.451667 2.000000 0.000000 1.999999 1.183216 0.757858 0.000000
 0.452778 1.999999 0.000001 1.999998 1.183216 0.757858 0.000000
 0.453889 1.999997 0.000002 1.999995 1.183216 0.757858 0.000000
 0.455000 1.999991 0.000005 1.999987 1.183215 0.757858 0.000000
 0.456111 1.999976 0.000014 1.999967 1.183213 0.757858 0.000000
 0.457222 1.999943 0.000034 1.999920 1.183209 0.757858 0.000000
 0.458333 1.999867 0.000079 1.999814 1.183200 0.757858 0.000000
 0.459444 1.999709 0.000172 1.999592 1.183181 0.757858 0.000000
 0.460556 1.999392 0.000360 1.999148 1.183144 0.757858 0.000000
 0.461667 1.998791 0.000715 1.998308 1.183073 0.757858 0.000000
 0.462778 1.997714 0.001353 1.996801 1.182946 0.757858 0.000000
 0.463889 1.995883 0.002437 1.994240 1.182729 0.757859 0.000000
 0.465000 1.992932 0.004187 1.990115 1.182379 0.757860 0.000000
 0.466111 1.988417 0.006867 1.983810 1.181845 0.757861 0.000000
 0.467222 1.981853 0.010771 1.974657 1.181066 0.757865 0.000000
 0.468333 1.972763 0.016193 1.962008 1.179986 0.757872 0.000000
 0.469444 1.960742 0.023390 1.945323 1.178555 0.757885 0.000000
 0.470556 1.945511 0.032555 1.924252 1.176734 0.757905 0.000000
 0.471667 1.926960 0.043790 1.898689 1.174504 0.757935 0.000000
 0.472778 1.905157 0.057097 1.868785 1.171867 0.757978 0.000000
 0.473889 1.880348 0.072378 1.834941 1.168842 0.758033 0.000000
 0.475000 1.852931 0.089444 1.797758 1.165467 0.758103 0.000000
 0.476111 1.823422 0.108027 1.757998 1.161795 0.758187 0.000000
 0.477222 1.792437 0.127793 1.716532 1.157892 0.758282 0.000000
 0.478333 1.760657 0.148341 1.674304 1.153835 0.758385 0.000000
 0.479444 1.728820 0.169219 1.632307 1.149714 0.758494 0.000000
 0.480556 1.697709 0.189915 1.591559 1.145628 0.758602 0.000000
 0.481667 1.668131 0.209871 1.553088 1.141687 0.758707 0.000000
 0.482778 1.640895 0.228495 1.517896 1.138006 0.758802 0.000000
 0.483889 1.616763 0.245204 1.486901 1.134702 0.758887 0.000000
 0.485000 1.596359 0.259486 1.460835 1.131877 0.758959 0.000000
 0.486111 1.580067 0.270991 1.440124 1.129604 0.759022 0.000000
 0.487222 1.567927 0.279618 1.424763 1.127905 0.759078 0.000000
 0.488333 1.559588 0.285560 1.414267 1.126743 0.759133 0.000000
 0.489444 1.554370 0.289268 1.407752 1.126030 0.759189 0.000000
 0.490556 1.551421 0.291337 1.404128 1.125648 0.759251 0.000000
 0.491667 1.549916 0.292353 1.402348 1.125480 0.759319 0.000000
 0.492778 1.549205 0.292784 1.401591 1.125435 0.759397 0.000000
 0.493889 1.548861 0.292936 1.401321 1.125451 0.759487 0.000000
 0.495000 1.548649 0.292975 1.401248 1.125498 0.759592 0.000000
 0.496111 1.548460 0.292977 1.401240 1.125564 0.759718 0.000000
 0.497222 1.548242 0.292968 1.401249 1.125647 0.759873 0.000000
 0.498333 1.547961 0.292958 1.401261 1.125754 0.760073 0.000000
 0.499444 1.547556 0.292948 1.401273 1.125906 0.760358 0.000000
 0.500556 1.546323 0.292938 1.401284 1.126359 0.761212 0.000000
 0.501667 1.541543 0.292929 1.401294 1.128108 0.764524 0.000000
 0.502778 1.528224 0.292921 1.401303 1.133017 0.773874 0.000000
 0.503889 1.501831 0.292913 1.401311 1.142933 0.792985 0.000000
 0.505000 1.462249 0.292905 1.401318 1.158302 0.823202 0.000000
 0.506111 1.415052 0.292897 1.401324 1.177463 0.861901 0.000000
 0.507222 1.368714 0.292890 1.401329 1.197231 0.903031 0.000000
 0.508333 1.330305 0.292883 1.401334 1.214393 0.939745 0.000000
 0.509444 1.302937 0.292877 1.401338 1.227083 0.967499 0.000000
 0.510556 1.285955 0.292871 1.401342 1.235160 0.985435 0.000000
 0.511667 1.276709 0.292865 1.401346 1.239626 0.995443 0.000000
 0.512778 1.272287 0.292860 1.401350 1.241780 1.000293 0.000000
 0.513889 1.270455 0.292854 1.401353 1.242677 1.002316 0.000000
 0.515000 1.269833 0.292848 1.401353 1.242981 1.003004 0.000000
 0.516111 1.269701 0.292837 1.401347 1.243043 1.003145 0.000000
 0.517222 1.269727 0.292813 1.401319 1.243018 1.003096 0.000000
 0.518333 1.269760 0.292752 1.401232 1.242963 1.002997 0.000000
 0.519444 1.269704 0.292601 1.401002 1.242888 1.002894 0.000000
 0.520556 1.269432 0.292246 1.400452 1.242777 1.002801 0.000000
 0.521667 1.268717 0.291468 1.399233 1.242586 1.002719 0.000000
 0.522778 1.267153 0.289864 1.396716 1.242235 1.002646 0.000000
 0.523889 1.264055 0.286759 1.391846 1.241585 1.002580 0.000000
 0.525000 1.258374 0.281099 1.383008 1.240428 1.002515 0.000000
 0.526111 1.248660 0.271405 1.367985 1.238462 1.002442 0.000000
 0.527222 1.233210 0.255863 1.344210 1.235319 1.002340 0.000000
 0.528333 1.210549 0.232750 1.309538 1.230642 1.002172 0.000000
 0.529444 1.180326 0.201322 1.263642 1.224264 1.001893 0.000000
 0.530556 1.144302 0.162973 1.209486 1.216450 1.001484 0.000000
 0.531667 1.106573 0.121796 1.153468 1.208027 1.000999 0.000000
 0.532778 1.072219 0.083424 1.103161 1.200167 1.000558 0.000000
 0.533889 1.045011 0.052444 1.063850 1.193833 1.000256 0.000000
 0.535000 1.026025 0.030512 1.036726 1.189370 1.000098 0.000000
 0.536111 1.014110 0.016610 1.019842 1.186555 1.000032 0.000000
 0.537222 1.007239 0.008542 1.010159 1.184930 1.000009 0.000000
 0.538333 1.003536 0.004178 1.004956 1.184053 1.000002 0.000000
 0.539444 1.001650 0.001951 1.002311 1.183606 1.000001 0.000000
 0.540556 1.000736 0.000871 1.001031 1.183390 1.000000 0.000000
 0.541667 1.000314 0.000372 1.000440 1.183290 1.000000 0.000000
 0.542778 1.000128 0.000152 1.000180 1.183246 1.000000 0.000000
 0.543889 1.000050 0.000059 1.000070 1.183228 1.000000 0.000000
 0.545000 1.000019 0.000022 1.000026 1.183220 1.000000 0.000000
 0.546111 1.000007 0.000008 1.000009 1.183218 1.000000 0.000000
 0.547222 1.000002 0.000003 1.000003 1.183216 1.000000 0.000000
 0.548333 1.000001 0.000001 1.000001 1.183216 1.000000 0.000000
 0.549444 1.000000 0.000000 1.000000 1.183216 1.000000 0.000000
 0.550556 1.000000 0.000000 1.000000 1.183216 1.000000 0.000000
 0.551667 1.000000 0.000000 1.000000 1.183216 1.000000 0.000000
 0.552778 1.000000 0.000000 1.000000 1.183216 1.000000 0.000000
 0.553889 1.000000 0.000000 1.000000 1.183216 1.000000 0.000000
 0.555000 1.000000 0.000000 1.000000 1.183216 1.000000 0.000000
 0.556111 1.000000 0.000000 1.000000 1.183216 1.000000 0.000000
 0.557222 1.000000 0.000000 1.000000 1.183216 1.000000 0.000000
 0.558333 1.000000 0.000000 1.000000 1.183216 1.000000 0.000000
 0.559444 1.000000 0.000000 1.000000 1.183216 1.000000 0.000000
 0.560556 1.000000 0.000000 1.000000 1.183216 1.000000 0.000000
 0.561667 1.000000 0.000000 1.000000 1.183216 1.000000 0.000000
 0.562778 1.000000 0.000000 1.000000 1.183216 1.000000 0.000000
 0.563889 1.000000 0.000000 1.000000 1.183216 1.000000 0.000000
 0.565000 1.000000 0.000000 1.000000 1.183216 1.000000 0.000000
 0.566111 1.000000 0.000000 1.000000 1.183216 1.000000 0.000000
 0.567222 1.000000 -0.000000 1.000000 1.183216 1.000000 0.000000
 0.568333 1.000000 0.000000 1.000000 1.183216 1.000000 0.000000
 0.569444 1.000000 -0.000000 1.000000 1.183216 1.000000 0.000000
 0.570556 1.000000 0.000000 1.000000 1.183216 1.000000 0.000000
 0.571667 1.000000 -0.000000 1.000000 1.183216 1.000000 0.000000
 0.572778 1.000000 0.000000 1.000000 1.183216 1.000000 0.000000
 0.573889 1.000000 -0.000000 1.000000 1.183216 1.000000 0.000000
 0.575000 1.000000 0.000000 1.000000 1.183216 1.000000 0.000000
 0.576111 1.000000 -0.000000 1.000000 1.183216 1.000000 0.000000
 0.577222 1.000000 0.000000 1.000000 1.183216 1.000000 0.000000
 0.578333 1.000000 -0.000000 1.000000 1.183216 1.000000 0.000000
 0.579444 1.000000 0.000000 1.000000 1.183216 1.000000 0.000000
 0.580556 1.000000 -0.000000 1.000000 1.183216 1.000000 0.000000
 0.581667 1.000000 0.000000 1.000000 1.183216 1.000000 0.000000
 0.582778 1.000000 -0.000000 1.000000 1.183216 1.000000 0.000000
 0.583889 1.000000 0.000000 1.000000 1.183216 1.000000 0.000000
 0.585000 1.000000 0.000000 1.000000 1.183216 1.000000 0.000000
 0.586111 1.000000 0.000000 1.000000 1.183216 1.000000 0.000000
 0.587222 1.000000 0.000000 1.000000 1.183216 1.000000 0.000000
 0.588333 1.000000 0.000000 1.000000 1.183216 1.000000 0.000000
 0.589444 1.000000 0.000000 1.000000 1.183216 1.000000 0.000000
 0.590556 1.000000 0.000000 1.000000 1.183216 1.000000 0.000000
 0.591667 1.000000 0.000000 1.000000 1.183216 1.000000 0.000000
 0.592778 1.000000 0.000000 1.000000 1.183216 1.000000 0.000000
 0.593889 1.000000 0.000000 1.000000 1.183216 1.000000 0.000000
 0.595000 1.000000 0.000000 1.000000 1.183216 1.000000 0.000000
 0.596111 1.000000 0.000000 1.000000 1.183216 1.000000 0.000000
 0.597222 1.000000 0.000000 1.000000 1.183216 1.000000 0.000000
 0.598333 1.000000 0.000000 1.000000 1.183216 1.000000 0.000000
 0.599444 1.000000 0.000000 1.000000 1.183216 1.000000 0.000000
 0.600556 1.000000 0.000000 1.000000 1.183216 1.000000 0.000000
 0.601667 1.000000 0.000000 1.000000 1.183216 1.000000 0.000000
 0.602778 1.000000 0.000000 1.000000 1.183216 1.000000 0.000000
 0.603889 1.000000 0.000000 1.000000 1.183216 1.000000 0.000000
 0.605000 1.000000 0.000000 1.000000 1.183216 1.000000 0.000000
 0.606111 1.000000 0.000000 1.000000 1.183216 1.000000 0.000000
 0.607222 1.000000 0.000000 1.000000 1.183216 1.000000 0.000000
 0.608333 1.000000 0.000000 1.000000 1.183216 1.000000 0.000000
 0.609444 1.000000 0.000000 1.000000 1.183216 1.000000 0.000000
 0.610556 1.000000 0.000000 1.000000 1.183216 1.000000 0.000000
 0.611667 1.000000 0.000000 1.000000 1.183216 1.000000 0.000000
 0.612778 1.000000 0.000000 1.000000 1.183216 1.000000 0.000000
 0.613889 1.000000 0.000000 1.000000 1.183216 1.000000 0.000000
 0.615000 1.000000 0.000000 1.000000 1.183216 1.000000 0.000000
 0.616111 1.000000 0.000000 1.000000 1.183216 1.000000 0.000000
 0.617222 1.000000 0.000000 1.000000 1.183216 1.000000 0.000000
 0.618333 1.000000 0.000000 1.000000 1.183216 1.000000 0.000000
 0.619444 1.000000 0.000000 1.000000 1.183216 1.000000 0.000000
 0.620556 1.000000 0.000000 1.000000 1.183216 1.000000 0.000000
 0.621667 1.000000 0.000000 1.000000 1.183216 1.000000 0.000000
 0.622778 1.000000 0.000000 1.000000 1.183216 1.000000 0.000000
 0.623889 1.000000 0.000000 1.000000 1.183216 1.000000 0.000000
 0.625000 1.000000 0.000000 1.000000 1.183216 1.000000 0.000000
 0.626111 1.000000 0.000000 1.000000 1.183216 1.000000 0.000000
 0.627222 1.000000 0.000000 1.000000 1.183216 1.000000 0.000000
 0.628333 1.000000 0.000000 1.000000 1.183216 1.000000 0.000000
 0.629444 1.000000 0.000000 1.000000 1.183216 1.000000 0.000000
 0.630556 1.000000 0.000000 1.000000 1.183216 1.000000 0.000000
 0.631667 1.000000 0.000000 1.000000 1.183216 1.000000 0.000000
 0.632778 1.000000 0.000000 1.000000 1.183216 1.000000 0.000000
 0.633889 1.000000 0.000000 1.000000 1.183216 1.000000 0.000000
 0.635000 1.000000 0.000000 1.000000 1.183216 1.000000 0.000000
 0.636111 1.000000 0.000000 1.000000 1.183216 1.000000 0.000000
 0.637222 1.000000 0.000000 1.000000 1.183216 1.000000 0.000000
 0.638333 1.000000 0.000000 1.000000 1.183216 1.000000 0.000000
 0.639444 1.000000 0.000000 1.000000 1.183216 1.000000 0.000000
 0.640556 1.000000 0.000000 1.000000 1.183216 1.000000 0.000000
 0.641667 1.000000 0.000000 1.000000 1.183216 1.000000 0.000000
 0.642778 1.000000 0.000000 1.000000 1.183216 1.000000 0.000000
 0.643889 1.000000 0.000000 1.000000 1.183216 1.000000 0.000000
 0.645000 1.000000 0.000000 1.000000 1.183216 1.000000 0.000000
 0.646111 1.000000 0.000000 1.000000 1.183216 1.000000 0.000000
 0.647222 1.000000 0.000000 1.000000 1.183216 1.000000 0.000000
 0.648333 1.000000 0.000000 1.000000 1.183216 1.000000 0.000000
 0.649444 1.000000 0.000000 1.000000 1.183216 1.000000 0.000000
 0.650556 1.000000 0.000000 1.000000 1.183216 1.000000 0.000000
 0.651667 1.000000 0.000000 1.000000 1.183216 1.000000 0.000000
 0.652778 1.000000 0.000000 1.000000 1.183216 1.000000 0.000000
 0.653889 1.000000 0.000000 1.000000 1.183216 1.000000 0.000000
 0.655000 1.000000 0.000000 1.000000 1.183216 1.000000 0.000000
 0.656111 1.000000 0.000000 1.000000 1.183216 1.000000 0.000000
 0.657222 1.000000 0.000000 1.000000 1.183216 1.000000 0.000000
 0.658333 1.000000 0.000000 1.000000 1.183216 1.000000 0.000000
 0.659444 1.000000 0.000000 1.000000 1.183216 1.000000 0.000000
 0.660556 1.000000 0.000000 1.000000 1.183216 1.000000 0.000000
 0.661667 1.000000 0.000000 1.000000 1.183216 1.000000 0.000000
 0.662778 1.000000 0.000000 1.000000 1.183216 1.000000 0.000000
 0.663889 1.000000 0.000000 1.000000 1.183216 1.000000 0.000000
 0.665000 1.000000 0.000000 1.000000 1.183216 1.000000 0.000000
 0.666111 1.000000 0.000000 1.000000 1.183216 1.000000 0.000000
 0.667222 1.000000 0.000000 1.000000 1.183216 1.000000 0.000000
 0.668333 1.000000 0.000000 1.000000 1.183216 1.000000 0.000000
 0.669444 1.000000 0.000000 1.000000 1.183216 1.000000 0.000000
 0.670556 1.000000 0.000000 1.000000 1.183216 1.000000 0.000000
 0.671667 1.000000 0.000000 1.000000 1.183216 1.000000 0.000000
 0.672778 1.000000 0.000000 1.000000 1.183216 1.000000 0.000000
 0.673889 1.000000 0.000000 1.000000 1.183216 1.000000 0.000000
 0.675000 1.000000 0.000000 1.000000 1.183216 1.000000 0.000000
 0.676111 1.000000 0.000000 1.000000 1.183216 1.000000 0.000000
 0.677222 1.000000 0.000000 1.000000 1.183216 1.000000 0.000000
 0.678333 1.000000 0.000000 1.000000 1.183216 1.000000 0.000000
 0.679444 1.000000 0.000000 1.000000 1.183216 1.000000 0.000000
 0.680556 1.000000 0.000000 1.000000 1.183216 1.000000 0.000000
 0.681667 1.000000 0.000000 1.000000 1.183216 1.000000 0.000000
 0.682778 1.000000 0.000000 1.000000 1.183216 1.000000 0.000000
 0.683889 1.000000 0.000000 1.000000 1.183216 1.000000 0.000000
 0.685000 1.000000 0.000000 1.000000 1.183216 1.000000 0.000000
 0.686111 1.000000 0.000000 1.000000 1.183216 1.000000 0.000000
 0.687222 1.000000 0.000000 1.000000 1.183216 1.000000 0.000000
 0.688333 1.000000 0.000000 1.000000 1.183216 1.000000 0.000000
 0.689444 1.000000 0.000000 1.000000 1.183216 1.000000 0.000000
 0.690556 1.000000 0.000000 1.000000 1.183216 1.000000 0.000000
 0.691667 1.000000 0.000000 1.000000 1.183216 1.000000 0.000000
 0.692778 1.000000 0.000000 1.000000 1.183216 1.000000 0.000000
 0.693889 1.000000 0.000000 1.000000 1.183216 1.000000 0.000000
 0.695000 1.000000 0.000000 1.000000 1.183216 1.000000 0.000000
 0.696111 1.000000 0.000000 1.000000 1.183216 1.000000 0.000000
 0.697222 1.000000 0.000000 1.000000 1.183216 1.000000 0.000000
 0.698333 1.000000 0.000000 1.000000 1.183216 1.000000 0.000000
 0.699444 1.000000 0.000000 1.000000 1.183216 1.000000 0.000000
 0.700556 1.000000 0.000000 1.000000 1.183216 1.000000 0.000000
 0.701667 1.000000 0.000000 1.000000 1.183216 1.000000 0.000000
 0.702778 1.000000 0.000000 1.000000 1.183216 1.000000 0.000000
 0.703889 1.000000 0.000000 1.000000 1.183216 1.000000 0.000000
 0.705000 1.000000 0.000000 1.000000 1.183216 1.000000 0.000000
 0.706111 1.000000 0.000000 1.000000 1.183216 1.000000 0.000000
 0.707222 1.000000 0.000000 1.000000 1.183216 1.000000 0.000000
 0.708333 1.000000 0.000000 1.000000 1.183216 1.000000 0.000000
 0.709444 1.000000 0.000000 1.000000 1.183216 1.000000 0.000000
 0.710556 1.000000 0.000000 1.000000 1.183216 1.000000 0.000000
 0.711667 1.000000 0.000000 1.000000 1.183216 1.000000 0.000000
 0.712778 1.000000 0.000000 1.000000 1.183216 1.000000 0.000000
 0.713889 1.000000 0.000000 1.000000 1.183216 1.000000 0.000000
 0.715000 1.000000 0.000000 1.000000 1.183216 1.000000 0.000000
 0.716111 1.000000 0.000000 1.000000 1.183216 1.000000 0.000000
 0.717222 1.000000 0.000000 1.000000 1.183216 1.000000 0.000000
 0.718333 1.000000 0.000000 1.000000 1.183216 1.000000 0.000000
 0.719444 1.000000 0.000000 1.000000 1.183216 1.000000 0.000000
 0.720556 1.000000 0.000000 1.000000 1.183216 1.000000 0.000000
 0.721667 1.000000 0.000000 1.000000 1.183216 1.000000 0.000000
 0.722778 1.000000 0.000000 1.000000 1.183216 1.000000 0.000000
 0.723889 1.000000 0.000000 1.000000 1.183216 1.000000 0.000000
 0.725000 1.000000 0.000000 1.000000 1.183216 1.000000 0.000000
 0.726111 1.000000 0.000000 1.000000 1.183216 1.000000 0.000000
 0.727222 1.000000 0.000000 1.000000 1.183216 1.000000 0.000000
 0.728333 1.000000 0.000000 1.000000 1.183216 1.000000 0.000000
 0.729444 1.000000 0.000000 1.000000 1.183216 1.000000 0.000000
 0.730556 1.000000 0.000000 1.000000 1.183216 1.000000 0.000000
 0.731667 1.000000 0.000000 1.000000 1.183216 1.000000 0.000000
 0.732778 1.000000 0.000000 1.000000 1.183216 1.000000 0.000000
 0.733889 1.000000 0.000000 1.000000 1.183216 1.000000 0.000000
 0.735000 1.000000 0.000000 1.000000 1.183216 1.000000 0.000000
 0.736111 1.000000 0.000000 1.000000 1.183216 1.000000 0.000000
 0.737222 1.000000 0.000000 1.000000 1.183216 1.000000 0.000000
 0.738333 1.000000 0.000000 1.000000 1.183216 1.000000 0.000000
 0.739444 1.000000 0.000000 1.000000 1.183216 1.000000 0.000000
 0.740556 1.000000 0.000000 1.000000 1.183216 1.000000 0.000000
 0.741667 1.000000 0.000000 1.000000 1.183216 1.000000 0.000000
 0.742778 1.000000 0.000000 1.000000 1.183216 1.000000 0.000000
 0.743889 1.000000 0.000000 1.000000 1.183216 1.000000 0.000000
 0.745000 1.000000 0.000000 1.000000 1.183216 1.000000 0.000000
 0.746111 1.000000 0.000000 1.000000 1.183216 1.000000 0.000000
 0.747222 1.000000 0.000000 1.000000 1.183216 1.000000 0.000000
 0.748333 1.000000 0.000000 1.000000 1.183216 1.000000 0.000000
 0.749444 1.000000 0.000000 1.000000 1.183216 1.000000 0.000000
 0.750556 1.000000 0.000000 1.000000 1.183216 1.000000 0.000000
 0.751667 1.000000 0.000000 1.000000 1.183216 1.000000 0.000000
 0.752778 1.000000 0.000000 1.000000 1.183216 1.000000 0.000000
 0.753889 1.000000 0.000000 1.000000 1.183216 1.000000 0.000000
 0.755000 1.000000 0.000000 1.000000 1.183216 1.000000 0.000000
 0.756111 1.000000 0.000000 1.000000 1.183216 1.000000 0.000000
 0.757222 1.000000 0.000000 1.000000 1.183216 1.000000 0.000000
 0.758333 1.000000 0.000000 1.000000 1.183216 1.000000 0.000000
 0.759444 1.000000 0.000000 1.000000 1.183216 1.000000 0.000000
 0.760556 1.000000 0.000000 1.000000 1.183216 1.000000 0.000000
 0.761667 1.000000 0.000000 1.000000 1.183216 1.000000 0.000000
 0.762778 1.000000 0.000000 1.000000 1.183216 1.000000 0.000000
 0.763889 1.000000 0.000000 1.000000 1.183216 1.000000 0.000000
 0.765000 1.000000 0.000000 1.000000 1.183216 1.000000 0.000000
 0.766111 1.000000 0.000000 1.000000 1.183216 1.000000 0.000000
 0.767222 1.000000 0.000000 1.000000 1.183216 1.000000 0.000000
 0.768333 1.000000 0.000000 1.000000 1.183216 1.000000 0.000000
 0.769444 1.000000 0.000000 1.000000 1.183216 1.000000 0.000000
 0.770556 1.000000 0.000000 1.000000 1.183216 1.000000 0.000000
 0.771667 1.000000 0.000000 1.000000 1.183216 1.000000 0.000000
 0.772778 1.000000 0.000000 1.000000 1.183216 1.000000 0.000000
 0.773889 1.000000 0.000000 1.000000 1.183216 1.000000 0.000000
 0.775000 1.000000 0.000000 1.000000 1.183216 1.000000 0.000000
 0.776111 1.000000 0.000000 1.000000 1.183216 1.000000 0.000000
 0.777222 1.000000 0.000000 1.000000 1.183216 1.000000 0.000000
 0.778333 1.000000 0.000000 1.000000 1.183216 1.000000 0.000000
 0.779444 1.000000 0.000000 1.000000 1.183216 1.000000 0.000000
 0.780556 1.000000 0.000000 1.000000 1.183216 1.000000 0.000000
 0.781667 1.000000 0.000000 1.000000 1.183216 1.000000 0.000000
 0.782778 1.000000 0.000000 1.000000 1.183216 1.000000 0.000000
 0.783889 1.000000 0.000000 1.000000 1.183216 1.000000 0.000000
 0.785000 1.000000 0.000000 1.000000 1.183216 1.000000 0.000000
 0.786111 1.000000 0.000000 1.000000 1.183216 1.000000 0.000000
 0.787222 1.000000 0.000000 1.000000 1.183216 1.000000 0.000000
 0.788333 1.000000 0.000000 1.000000 1.183216 1.000000 0.000000
 0.789444 1.000000 0.000000 1.000000 1.183216 1.000000 0.000000
 0.790556 1.000000 0.000000 1.000000 1.183216 1.000000 0.000000
 0.791667 1.000000 0.000000 1.000000 1.183216 1.000000 0.000000
 0.792778 1.000000 0.000000 1.000000 1.183216 1.000000 0.000000
 0.793889 1.000000 0.000000 1.000000 1.183216 1.000000 0.000000
 0.795000 1.000000 0.000000 1.000000 1.183216 1.000000 0.000000
 0.796111 1.000000 0.000000 1.000000 1.183216 1.000000 0.000000
 0.797222 1.000000 0.000000 1.000000 1.183216 1.000000 0.000000
 0.798333 1.000000 0.000000 1.000000 1.183216 1.000000 0.000000
 0.799444 1.000000 0.000000 1.000000 1.183216 1.000000 0.000000
 0.800556 1.000000 0.000000 1.000000 1.183216 1.000000 0.000000
 0.801667 1.000000 0.000000 1.000000 1.183216 1.000000 0.000000
 0.802778 1.000000 0.000000 1.000000 1.183216 1.000000 0.000000
 0.803889 1.000000 0.000000 1.000000 1.183216 1.000000 0.000000
 0.805000 1.000000 0.000000 1.000000 1.183216 1.000000 0.000000
 0.806111 1.000000 0.000000 1.000000 1.183216 1.000000 0.000000
 0.807222 1.000000 0.000000 1.000000 1.183216 1.000000 0.000000
 0.808333 1.000000 0.000000 1.000000 1.183216 1.000000 0.000000
 0.809444 1.000000 0.000000 1.000000 1.183216 1.000000 0.000000
 0.810556 1.000000 0.000000 1.000000 1.183216 1.000000 0.000000
 0.811667 1.000000 0.000000 1.000000 1.183216 1.000000 0.000000
 0.812778 1.000000 0.000000 1.000000 1.183216 1.000000 0.000000
 0.813889 1.000000 0.000000 1.000000 1.183216 1.000000 0.000000
 0.815000 1.000000 0.000000 1.000000 1.183216 1.000000 0.000000
 0.816111 1.000000 0.000000 1.000000 1.183216 1.000000 0.000000
 0.817222 1.000000 0.000000 1.000000 1.183216 1.000000 0.000000
 0.818333 1.000000 0.000000 1.000000 1.183216 1.000000 0.000000
 0.819444 1.000000 0.000000 1.000000 1.183216 1.000000 0.000000
 0.820556 1.000000 0.000000 1.000000 1.183216 1.000000 0.000000
 0.821667 1.000000 0.000000 1.000000 1.183216 1.000000 0.000000
 0.822778 1.000000 0.000000 1.000000 1.183216 1.000000 0.000000
 0.823889 1.000000 0.000000 1.000000 1.183216 1.000000 0.000000
 0.825000 1.000000 0.000000 1.000000 1.183216 1.000000 0.000000
 0.826111 1.000000 0.000000 1.000000 1.183216 1.000000 0.000000
 0.827222 1.000000 0.000000 1.000000 1.183216 1.000000 0.000000
 0.828333 1.000000 0.000000 1.000000 1.183216 1.000000 0.000000
 0.829444 1.000000 0.000000 1.000000 1.183216 1.000000 0.000000
 0.830556 1.000000 0.000000 1.000000 1.183216 1.000000 0.000000
 0.831667 1.000000 0.000000 1.000000 1.183216 1.000000 0.000000
 0.832778 1.000000 0.000000 1.000000 1.183216 1.000000 0.000000
 0.833889 1.000000 0.000000 1.000000 1.183216 1.000000 0.000000
 0.835000 1.000000 0.000000 1.000000 1.183216 1.000000 0.000000
 0.836111 1.000000 0.000000 1.000000 1.183216 1.000000 0.000000
 0.837222 1.000000 0.000000 1.000000 1.183216 1.000000 0.000000
 0.838333 1.000000 0.000000 1.000000 1.183216 1.000000 0.000000
 0.839444 1.000000 0.000000 1.000000 1.183216 1.000000 0.000000
 0.840556 1.000000 0.000000 1.000000 1.183216 1.000000 0.000000
 0.841667 1.000000 0.000000 1.000000 1.183216 1.000000 0.000000
 0.842778 1.000000 0.000000 1.000000 1.183216 1.000000 0.000000
 0.843889 1.000000 0.000000 1.000000 1.183216 1.000000 0.000000
 0.845000 1.000000 0.000000 1.000000 1.183216 1.000000 0.000000
 0.846111 1.000000 0.000000 1.000000 1.183216 1.000000 0.000000
 0.847222 1.000000 0.000000 1.000000 1.183216 1.000000 0.000000
 0.848333 1.000000 0.000000 1.000000 1.183216 1.000000 0.000000
 0.849444 1.000000 0.000000 1.000000 1.183216 1.000000 0.000000
 0.850556 1.000000 0.000000 1.000000 1.183216 1.000000 0.000000
 0.851667 1.000000 0.000000 1.000000 1.183216 1.000000 0.000000
 0.852778 1.000000 0.000000 1.000000 1.183216 1.000000 0.000000
 0.853889 1.000000 0.000000 1.000000 1.183216 1.000000 0.000000
 0.855000 1.000000 0.000000 1.000000 1.183216 1.000000 0.000000
 0.856111 1.000000 0.000000 1.000000 1.183216 1.000000 0.000000
 0.857222 1.000000 0.000000 1.000000 1.183216 1.000000 0.000000
 0.858333 1.000000 0.000000 1.000000 1.183216 1.000000 0.000000
 0.859444 1.000000 0.000000 1.000000 1.183216 1.000000 0.000000
 0.860556 1.000000 0.000000 1.000000 1.183216 1.000000 0.000000
 0.861667 1.000000 0.000000 1.000000 1.183216 1.000000 0.000000
 0.862778 1.000000 0.000000 1.000000 1.183216 1.000000 0.000000
 0.863889 1.000000 0.000000 1.000000 1.183216 1.000000 0.000000
 0.865000 1.000000 0.000000 1.000000 1.183216 1.000000 0.000000
 0.866111 1.000000 0.000000 1.000000 1.183216 1.000000 0.000000
 0.867222 1.000000 0.000000 1.000000 1.183216 1.000000 0.000000
 0.868333 1.000000 0.000000 1.000000 1.183216 1.000000 0.000000
 0.869444 1.000000 0.000000 1.000000 1.183216 1.000000 0.000000
 0.870556 1.000000 0.000000 1.000000 1.183216 1.000000 0.000000
 0.871667 1.000000 0.000000 1.000000 1.183216 1.000000 0.000000
 0.872778 1.000000 0.000000 1.000000 1.183216 1.000000 0.000000
 0.873889 1.000000 0.000000 1.000000 1.183216 1.000000 0.000000
 0.875000 1.000000 0.000000 1.000000 1.183216 1.000000 0.000000
 0.876111 1.000000 0.000000 1.000000 1.183216 1.000000 0.000000
 0.877222 1.000000 0.000000 1.000000 1.183216 1.000000 0.000000
 0.878333 1.000000 0.000000 1.000000 1.183216 1.000000 0.000000
 0.879444 1.000000 0.000000 1.000000 1.183216 1.000000 0.000000
 0.880556 1.000000 0.000000 1.000000 1.183216 1.000000 0.000000
 0.881667 1.000000 0.000000 1.000000 1.183216 1.000000 0.000000
 0.882778 1.000000 0.000000 1.000000 1.183216 1.000000 0.000000
 0.883889 1.000000 0.000000 1.000000 1.183216 1.000000 0.000000
 0.885000 1.000000 0.000000 1.000000 1.183216 1.000000 0.000000
 0.886111 1.000000 0.000000 1.000000 1.183216 1.000000 0.000000
 0.887222 1.000000 0.000000 1.000000 1.183216 1.000000 0.000000
 0.888333 1.000000 0.000000 1.000000 1.183216 1.000000 0.000000
 0.889444 1.000000 0.000000 1.000000 1.183216 1.000000 0.000000
 0.890556 1.000000 0.000000 1.000000 1.183216 1.000000 0.000000
 0.891667 1.000000 0.000000 1.000000 1.183216 1.000000 0.000000
 0.892778 1.000000 0.000000 1.000000 1.183216 1.000000 0.000000
 0.893889 1.000000 0.000000 1.000000 1.183216 1.000000 0.000000
 0.895000 1.000000 0.000000 1.000000 1.183216 1.000000 0.000000
 0.896111 1.000000 0.000000 1.000000 1.183216 1.000000 0.000000
 0.897222 1.000000 0.000000 1.000000 1.183216 1.000000 0.000000
 0.898333 1.000000 0.000000 1.000000 1.183216 1.000000 0.000000
 0.899444 1.000000 0.000000 1.000000 1.183216 1.000000 0.000000
 0.900556 1.000000 0.000000 1.000000 1.183216 1.000000 0.000000
 0.901667 1.000000 0.000000 1.000000 1.183216 1.000000 0.000000
 0.902778 1.000000 0.000000 1.000000 1.183216 1.000000 0.000000
 0.903889 1.000000 0.000000 1.000000 1.183216 1.000000 0.000000
 0.905000 1.000000 0.000000 1.000000 1.183216 1.000000 0.000000
 0.906111 1.000000 0.000000 1.000000 1.183216 1.000000 0.000000
 0.907222 1.000000 0.000000 1.000000 1.183216 1.000000 0.000000
 0.908333 1.000000 0.000000 1.000000 1.183216 1.000000 0.000000
 0.909444 1.000000 0.000000 1.000000 1.183216 1.000000 0.000000
 0.910556 1.000000 0.000000 1.000000 1.183216 1.000000 0.000000
 0.911667 1.000000 0.000000 1.000000 1.183216 1.000000 0.000000
 0.912778 1.000000 0.000000 1.000000 1.183216 1.000000 0.000000
 0.913889 1.000000 0.000000 1.000000 1.183216 1.000000 0.000000
 0.915000 1.000000 0.000000 1.000000 1.183216 1.000000 0.000000
 0.916111 1.000000 0.000000 1.000000 1.183216 1.000000 0.000000
 0.917222 1.000000 0.000000 1.000000 1.183216 1.000000 0.000000
 0.918333 1.000000 0.000000 1.000000 1.183216 1.000000 0.000000
 0.919444 1.000000 0.000000 1.000000 1.183216 1.000000 0.000000
 0.920556 1.000000 0.000000 1.000000 1.183216 1.000000 0.000000
 0.921667 1.000000 0.000000 1.000000 1.183216 1.000000 0.000000
 0.922778 1.000000 0.000000 1.000000 1.183216 1.000000 0.000000
 0.923889 1.000000 0.000000 1.000000 1.183216 1.000000 0.000000
 0.925000 1.000000 0.000000 1.000000 1.183216 1.000000 0.000000
 0.926111 1.000000 0.000000 1.000000 1.183216 1.000000 0.000000
 0.927222 1.000000 0.000000 1.000000 1.183216 1.000000 0.000000
 0.928333 1.000000 0.000000 1.000000 1.183216 1.000000 0.000000
 0.929444 1.000000 0.000000 1.000000 1.183216 1.000000 0.000000
 0.930556 1.000000 0.000000 1.000000 1.183216 1.000000 0.000000
 0.931667 1.000000 0.000000 1.000000 1.183216 1.000000 0.000000
 0.932778 1.000000 0.000000 1.000000 1.183216 1.000000 0.000000
 0.933889 1.000000 0.000000 1.000000 1.183216 1.000000 0.000000
 0.935000 1.000000 0.000000 1.000000 1.183216 1.000000 0.000000
 0.936111 1.000000 0.000000 1.000000 1.183216 1.000000 0.000000
 0.937222 1.000000 0.000000 1.000000 1.183216 1.000000 0.000000
 0.938333 1.000000 0.000000 1.000000 1.183216 1.000000 0.000000
 0.939444 1.000000 0.000000 1.000000 1.183216 1.000000 0.000000
 0.940556 1.000000 0.000000 1.000000 1.183216 1.000000 0.000000
 0.941667 1.000000 0.000000 1.000000 1.183216 1.000000 0.000000
 0.942778 1.000000 0.000000 1.000000 1.183216 1.000000 0.000000
 0.943889 1.000000 0.000000 1.000000 1.183216 1.000000 0.000000
 0.945000 1.000000 0.000000 1.000000 1.183216 1.000000 0.000000
 0.946111 1.000000 0.000000 1.000000 1.183216 1.000000 0.000000
 0.947222 1.000000 0.000000 1.000000 1.183216 1.000000 0.000000
 0.948333 1.000000 0.000000 1.000000 1.183216 1.000000 0.000000
 0.949444 1.000000 0.000000 1.000000 1.183216 1.000000 0.000000
 0.950556 1.000000 0.000000 1.000000 1.183216 1.000000 0.000000
 0.951667 1.000000 0.000000 1.000000 1.183216 1.000000 0.000000
 0.952778 1.000000 0.000000 1.000000 1.183216 1.000000 0.000000
 0.953889 1.000000 0.000000 1.000000 1.183216 1.000000 0.000000
 0.955000 1.000000 0.000000 1.000000 1.183216 1.000000 0.000000
 0.956111 1.000000 0.000000 1.000000 1.183216 1.000000 0.000000
 0.957222 1.000000 0.000000 1.000000 1.183216 1.000000 0.000000
 0.958333 1.000000 0.000000 1.000000 1.183216 1.000000 0.000000
 0.959444 1.000000 0.000000 1.000000 1.183216 1.000000 0.000000
 0.960556 1.000000 0.000000 1.000000 1.183216 1.000000 0.000000
 0.961667 1.000000 0.000000 1.000000 1.183216 1.000000 0.000000
 0.962778 1.000000 0.000000 1.000000 1.183216 1.000000 0.000000
 0.963889 1.000000 0.000000 1.000000 1.183216 1.000000 0.000000
 0.965000 1.000000 0.000000 1.000000 1.183216 1.000000 0.000000
 0.966111 1.000000 0.000000 1.000000 1.183216 1.000000 0.000000
 0.967222 1.000000 0.000000 1.000000 1.183216 1.000000 0.000000
 0.968333 1.000000 0.000000 1.000000 1.183216 1.000000 0.000000
 0.969444 1.000000 0.000000 1.000000 1.183216 1.000000 0.000000
 0.970556 1.000000 0.000000 1.000000 1.183216 1.000000 0.000000
 0.971667 1.000000 0.000000 1.000000 1.183216 1.000000 0.000000
 0.972778 1.000000 0.000000 1.000000 1.183216 1.000000 0.000000
 0.973889 1.000000 0.000000 1.000000 1.183216 1.000000 0.000000
 0.975000 1.000000 0.000000 1.000000 1.183216 1.000000 0.000000
 0.976111 1.000000 0.000000 1.000000 1.183216 1.000000 0.000000
 0.977222 1.000000 0.000000 1.000000 1.183216 1.000000 0.000000
 0.978333 1.000000 0.000000 1.000000 1.183216 1.000000 0.000000
 0.979444 1.000000 0.000000 1.000000 1.183216 1.000000 0.000000
 0.980556 1.000000 0.000000 1.000000 1.183216 1.000000 0.000000
 0.981667 1.000000 0.000000 1.000000 1.183216 1.000000 0.000000
 0.982778 1.000000 0.000000 1.000000 1.183216 1.000000 0.000000
 0.983889 1.000000 0.000000 1.000000 1.183216 1.000000 0.000000
 0.985000 1.000000 0.000000 1.000000 1.183216 1.000000 0.000000
 0.986111 1.000000 0.000000 1.000000 1.183216 1.000000 0.000000
 0.987222 1.000000 0.000000 1.000000 1.183216 1.000000 0.000000
 0.988333 1.000000 0.000000 1.000000 1.183216 1.000000 0.000000
 0.989444 1.000000 0.000000 1.000000 1.183216 1.000000 0.000000
 0.990556 1.000000 0.000000 1.000000 1.183216 1.000000 0.000000
 0.991667 1.000000 0.000000 1.000000 1.183216 1.000000 0.000000
 0.992778 1.000000 0.000000 1.000000 1.183216 1.000000 0.000000
 0.993889 1.000000 0.000000 1.000000 1.183216 1.000000 0.000000
 0.995000 1.000000 0.000000 1.000000 1.183216 1.000000 0.000000
 0.996111 1.000000 0.000000 1.000000 1.183216 1.000000 0.000000
 0.997222 1.000000 0.000000 1.000000 1.183216 1.000000 0.000000
 0.998333 1.000000 0.000000 1.000000 1.183216 1.000000 0.000000
 0.999444 1.000000 0.000000 1.000000 1.183216 1.000000 0.000000
