Timer: 0.079801
 0.000556 1.000000 -1.000000 1.000000 1.183216 1.000000 0.000000
 0.001667 1.000000 -1.000000 1.000000 1.183216 1.000000 0.000000
 0.002778 1.000000 -1.000000 1.000000 1.183216 1.000000 0.000000
 0.003889 1.000000 -1.000000 1.000000 1.183216 1.000000 0.000000
 0.005000 1.000000 -1.000000 1.000000 1.183216 1.000000 0.000000
 0.006111 1.000000 -1.000000 1.000000 1.183216 1.000000 0.000000
 0.007222 1.000000 -1.000000 1.000000 1.183216 1.000000 0.000000
 0.008333 1.000000 -1.000000 1.000000 1.183216 1.000000 0.000000
 0.009444 1.000000 -1.000000 1.000000 1.183216 1.000000 0.000000
 0.010556 1.000000 -1.000000 1.000000 1.183216 1.000000 0.000000
 0.011667 1.000000 -1.000000 1.000000 1.183216 1.000000 0.000000
 0.012778 1.000000 -1.000000 1.000000 1.183216 1.000000 0.000000
 0.013889 1.000000 -1.000000 1.000000 1.183216 1.000000 0.000000
 0.015000 1.000000 -1.000000 1.000000 1.183216 1.000000 0.000000
 0.016111 1.000000 -1.000000 1.000000 1.183216 1.000000 0.000000
 0.017222 1.000000 -1.000000 1.000000 1.183216 1.000000 0.000000
 0.018333 1.000000 -1.000000 1.000000 1.183216 1.000000 0.000000
 0.019444 1.000000 -1.000000 1.000000 1.183216 1.000000 0.000000
 0.020556 1.000000 -1.000000 1.000000 1.183216 1.000000 0.000000
 0.021667 1.000000 -1.000000 1.000000 1.183216 1.000000 0.000000
 0.022778 1.000000 -1.000000 1.000000 1.183216 1.000000 0.000000
 0.023889 1.000000 -1.000000 1.000000 1.183216 1.000000 0.000000
 0.025000 1.000000 -1.000000 1.000000 1.183216 1.000000 0.000000
 0.026111 1.000000 -1.000000 1.000000 1.183216 1.000000 0.000000
 0.027222 1.000000 -1.000000 1.000000 1.183216 1.000000 0.000000
 0.028333 1.000000 -1.000000 1.000000 1.183216 1.000000 0.000000
 0.029444 1.000000 -1.000000 1.000000 1.183216 1.000000 0.000000
 0.030556 1.000000 -1.000000 1.000000 1.183216 1.000000 0.000000
 0.031667 1.000000 -1.000000 1.000000 1.183216 1.000000 0.000000
 0.032778 1.000000 -1.000000 1.000000 1.183216 1.000000 0.000000
 0.033889 1.000000 -1.000000 1.000000 1.183216 1.000000 0.000000
 0.035000 1.000000 -1.000000 1.000000 1.183216 1.000000 0.000000
 0.036111 1.000000 -1.000000 1.000000 1.183216 1.000000 0.000000
 0.037222 1.000000 -1.000000 1.000000 1.183216 1.000000 0.000000
 0.038333 1.000000 -1.000000 1.000000 1.183216 1.000000 0.000000
 0.039444 1.000000 -1.000000 1.000000 1.183216 1.000000 0.000000
 0.040556 1.000000 -1.000000 1.000000 1.183216 1.000000 0.000000
 0.041667 1.000000 -1.000000 1.000000 1.183216 1.000000 0.000000
 0.042778 1.000000 -1.000000 1.000000 1.183216 1.000000 0.000000
 0.043889 1.000000 -1.000000 1.000000 1.183216 1.000000 0.000000
 0.045000 1.000000 -1.000000 1.000000 1.183216 1.000000 0.000000
 0.046111 1.000000 -1.000000 1.000000 1.183216 1.000000 0.000000
 0.047222 1.000000 -1.000000 1.000000 1.183216 1.000000 0.000000
 0.048333 1.000000 -1.000000 1.000000 1.183216 1.000000 0.000000
 0.049444 1.000000 -1.000000 1.000000 1.183216 1.000000 0.000000
 0.050556 1.000000 -1.000000 1.000000 1.183216 1.000000 0.000000
 0.051667 1.000000 -1.000000 1.000000 1.183216 1.000000 0.000000
 0.052778 1.000000 -1.000000 1.000000 1.183216 1.000000 0.000000
 0.053889 1.000000 -1.000000 1.000000 1.183216 1.000000 0.000000
 0.055000 1.000000 -1.000000 1.000000 1.183216 1.000000 0.000000
 0.056111 1.000000 -1.000000 1.000000 1.183216 1.000000 0.000000
 0.057222 1.000000 -1.000000 1.000000 1.183216 1.000000 0.000000
 0.058333 1.000000 -1.000000 1.000000 1.183216 1.000000 0.000000
 0.059444 1.000000 -1.000000 1.000000 1.183216 1.000000 0.000000
 0.060556 1.000000 -1.000000 1.000000 1.183216 1.000000 0.000000
 0.061667 1.000000 -1.000000 1.000000 1.183216 1.000000 0.000000
 0.062778 1.000000 -1.000000 1.000000 1.183216 1.000000 0.000000
 0.063889 1.000000 -1.000000 1.000000 1.183216 1.000000 0.000000
 0.065000 1.000000 -1.000000 1.000000 1.183216 1.000000 0.000000
 0.066111 1.000000 -1.000000 1.000000 1.183216 1.000000 0.000000
 0.067222 1.000000 -1.000000 1.000000 1.183216 1.000000 0.000000
 0.068333 1.000000 -1.000000 1.000000 1.183216 1.000000 0.000000
 0.069444 1.000000 -1.000000 1.000000 1.183216 1.000000 0.000000
 0.070556 1.000000 -1.000000 1.000000 1.183216 1.000000 0.000000
 0.071667 1.000000 -1.000000 1.000000 1.183216 1.000000 0.000000
 0.072778 1.000000 -1.000000 1.000000 1.183216 1.000000 0.000000
 0.073889 1.000000 -1.000000 1.000000 1.183216 1.000000 0.000000
 0.075000 1.000000 -1.000000 1.000000 1.183216 1.000000 0.000000
 0.076111 1.000000 -1.000000 1.000000 1.183216 1.000000 0.000000
 0.077222 1.000000 -1.000000 1.000000 1.183216 1.000000 0.000000
 0.078333 1.000000 -1.000000 1.000000 1.183216 1.000000 0.000000
 0.079444 1.000000 -1.000000 1.000000 1.183216 1.000000 0.000000
 0.080556 1.000000 -1.000000 1.000000 1.183216 1.000000 0.000000
 0.081667 1.000000 -1.000000 1.000000 1.183216 1.000000 0.000000
 0.082778 1.000000 -1.000000 1.000000 1.183216 1.000000 0.000000
 0.083889 1.000000 -1.000000 1.000000 1.183216 1.000000 0.000000
 0.085000 1.000000 -1.000000 1.000000 1.183216 1.000000 0.000000
 0.086111 1.000000 -1.000000 1.000000 1.183216 1.000000 0.000000
 0.087222 1.000000 -1.000000 1.000000 1.183216 1.000000 0.000000
 0.088333 1.000000 -1.000000 1.000000 1.183216 1.000000 0.000000
 0.089444 1.000000 -1.000000 1.000000 1.183216 1.000000 0.000000
 0.090556 1.000000 -1.000000 1.000000 1.183216 1.000000 0.000000
 0.091667 1.000000 -1.000000 1.000000 1.183216 1.000000 0.000000
 0.092778 1.000000 -1.000000 1.000000 1.183216 1.000000 0.000000
 0.093889 1.000000 -1.000000 1.000000 1.183216 1.000000 0.000000
 0.095000 1.000000 -1.000000 1.000000 1.183216 1.000000 0.000000
 0.096111 1.000000 -1.000000 1.000000 1.183216 1.000000 0.000000
 0.097222 1.000000 -1.000000 1.000000 1.183216 1.000000 0.000000
 0.098333 1.000000 -1.000000 1.000000 1.183216 1.000000 0.000000
 0.099444 1.000000 -1.000000 1.000000 1.183216 1.000000 0.000000
 0.100556 1.000000 -1.000000 1.000000 1.183216 1.000000 0.000000
 0.101667 1.000000 -1.000000 1.000000 1.183216 1.000000 0.000000
 0.102778 1.000000 -1.000000 1.000000 1.183216 1.000000 0.000000
 0.103889 1.000000 -1.000000 1.000000 1.183216 1.000000 0.000000
 0.105000 1.000000 -1.000000 1.000000 1.183216 1.000000 0.000000
 0.106111 1.000000 -1.000000 1.000000 1.183216 1.000000 0.000000
 0.107222 1.000000 -1.000000 1.000000 1.183216 1.000000 0.000000
 0.108333 1.000000 -1.000000 1.000000 1.183216 1.000000 0.000000
 0.109444 1.000000 -1.000000 1.000000 1.183216 1.000000 0.000000
 0.110556 1.000000 -1.000000 1.000000 1.183216 1.000000 0.000000
 0.111667 1.000000 -1.000000 1.000000 1.183216 1.000000 0.000000
 0.112778 1.000000 -1.000000 1.000000 1.183216 1.000000 0.000000
 0.113889 1.000000 -1.000000 1.000000 1.183216 1.000000 0.000000
 0.115000 1.000000 -1.000000 1.000000 1.183216 1.000000 0.000000
 0.116111 1.000000 -1.000000 1.000000 1.183216 1.000000 0.000000
 0.117222 1.000000 -1.000000 1.000000 1.183216 1.000000 0.000000
 0.118333 1.000000 -1.000000 1.000000 1.183216 1.000000 0.000000
 0.119444 1.000000 -1.000000 1.000000 1.183216 1.000000 0.000000
 0.120556 1.000000 -1.000000 1.000000 1.183216 1.000000 0.000000
 0.121667 1.000000 -1.000000 1.000000 1.183216 1.000000 0.000000
 0.122778 1.000000 -1.000000 1.000000 1.183216 1.000000 0.000000
 0.123889 1.000000 -1.000000 1.000000 1.183216 1.000000 0.000000
 0.125000 1.000000 -1.000000 1.000000 1.183216 1.000000 0.000000
 0.126111 1.000000 -1.000000 1.000000 1.183216 1.000000 0.000000
 0.127222 1.000000 -1.000000 1.000000 1.183216 1.000000 0.000000
 0.128333 1.000000 -1.000000 1.000000 1.183216 1.000000 0.000000
 0.129444 1.000000 -1.000000 1.000000 1.183216 1.000000 0.000000
 0.130556 1.000000 -1.000000 1.000000 1.183216 1.000000 0.000000
 0.131667 1.000000 -1.000000 1.000000 1.183216 1.000000 0.000000
 0.132778 1.000000 -1.000000 1.000000 1.183216 1.000000 0.000000
 0.133889 1.000000 -1.000000 1.000000 1.183216 1.000000 0.000000
 0.135000 1.000000 -1.000000 1.000000 1.183216 1.000000 0.000000
 0.136111 1.000000 -1.000000 1.000000 1.183216 1.000000 0.000000
 0.137222 1.000000 -1.000000 1.000000 1.183216 1.000000 0.000000
 0.138333 1.000000 -1.000000 1.000000 1.183216 1.000000 0.000000
 0.139444 1.000000 -1.000000 1.000000 1.183216 1.000000 0.000000
 0.140556 1.000000 -1.000000 1.000000 1.183216 1.000000 0.000000
 0.141667 1.000000 -1.000000 1.000000 1.183216 1.000000 0.000000
 0.142778 1.000000 -1.000000 1.000000 1.183216 1.000000 0.000000
 0.143889 1.000000 -1.000000 1.000000 1.183216 1.000000 0.000000
 0.145000 1.000000 -1.000000 1.000000 1.183216 1.000000 0.000000
 0.146111 1.000000 -1.000000 1.000000 1.183216 1.000000 0.000000
 0.147222 1.000000 -1.000000 1.000000 1.183216 1.000000 0.000000
 0.148333 1.000000 -1.000000 1.000000 1.183216 1.000000 0.000000
 0.149444 1.000000 -1.000000 1.000000 1.183216 1.000000 0.000000
 0.150556 1.000000 -1.000000 1.000000 1.183216 1.000000 0.000000
 0.151667 1.000000 -1.000000 1.000000 1.183216 1.000000 0.000000
 0.152778 1.000000 -1.000000 1.000000 1.183216 1.000000 0.000000
 0.153889 1.000000 -1.000000 1.000000 1.183216 1.000000 0.000000
 0.155000 1.000000 -1.000000 1.000000 1.183216 1.000000 0.000000
 0.156111 1.000000 -1.000000 1.000000 1.183216 1.000000 0.000000
 0.157222 1.000000 -1.000000 1.000000 1.183216 1.000000 0.000000
 0.158333 1.000000 -1.000000 1.000000 1.183216 1.000000 0.000000
 0.159444 1.000000 -1.000000 1.000000 1.183216 1.000000 0.000000
 0.160556 1.000000 -1.000000 1.000000 1.183216 1.000000 0.000000
 0.161667 1.000000 -1.000000 1.000000 1.183216 1.000000 0.000000
 0.162778 1.000000 -1.000000 1.000000 1.183216 1.000000 0.000000
 0.163889 1.000000 -1.000000 1.000000 1.183216 1.000000 0.000000
 0.165000 1.000000 -1.000000 1.000000 1.183216 1.000000 0.000000
 0.166111 1.000000 -1.000000 1.000000 1.183216 1.000000 0.000000
 0.167222 1.000000 -1.000000 1.000000 1.183216 1.000000 0.000000
 0.168333 1.000000 -1.000000 1.000000 1.183216 1.000000 0.000000
 0.169444 1.000000 -1.000000 1.000000 1.183216 1.000000 0.000000
 0.170556 1.000000 -1.000000 1.000000 1.183216 1.000000 0.000000
 0.171667 1.000000 -1.000000 1.000000 1.183216 1.000000 0.000000
 0.172778 1.000000 -1.000000 1.000000 1.183216 1.000000 0.000000
 0.173889 1.000000 -1.000000 1.000000 1.183216 1.000000 0.000000
 0.175000 1.000000 -1.000000 1.000000 1.183216 1.000000 0.000000
 0.176111 1.000000 -1.000000 1.000000 1.183216 1.000000 0.000000
 0.177222 1.000000 -1.000000 1.000000 1.183216 1.000000 0.000000
 0.178333 1.000000 -1.000000 1.000000 1.183216 1.000000 0.000000
 0.179444 1.000000 -1.000000 1.000000 1.183216 1.000000 0.000000
 0.180556 1.000000 -1.000000 1.000000 1.183216 1.000000 0.000000
 0.181667 1.000000 -1.000000 1.000000 1.183216 1.000000 0.000000
 0.182778 1.000000 -1.000000 1.000000 1.183216 1.000000 0.000000
 0.183889 1.000000 -1.000000 1.000000 1.183216 1.000000 0.000000
 0.185000 1.000000 -1.000000 1.000000 1.183216 1.000000 0.000000
 0.186111 1.000000 -1.000000 1.000000 1.183216 1.000000 0.000000
 0.187222 1.000000 -1.000000 1.000000 1.183216 1.000000 0.000000
 0.188333 1.000000 -1.000000 1.000000 1.183216 1.000000 0.000000
 0.189444 1.000000 -1.000000 1.000000 1.183216 1.000000 0.000000
 0.190556 1.000000 -1.000000 1.000000 1.183216 1.000000 0.000000
 0.191667 1.000000 -1.000000 1.000000 1.183216 1.000000 0.000000
 0.192778 1.000000 -1.000000 1.000000 1.183216 1.000000 0.000000
 0.193889 1.000000 -1.000000 1.000000 1.183216 1.000000 0.000000
 0.195000 1.000000 -1.000000 1.000000 1.183216 1.000000 0.000000
 0.196111 1.000000 -1.000000 1.000000 1.183216 1.000000 0.000000
 0.197222 1.000000 -1.000000 1.000000 1.183216 1.000000 0.000000
 0.198333 1.000000 -1.000000 1.000000 1.183216 1.000000 0.000000
 0.199444 1.000000 -1.000000 1.000000 1.183216 1.000000 0.000000
 0.200556 1.000000 -1.000000 1.000000 1.183216 1.000000 0.000000
 0.201667 1.000000 -1.000000 1.000000 1.183216 1.000000 0.000000
 0.202778 1.000000 -1.000000 1.000000 1.183216 1.000000 0.000000
 0.203889 1.000000 -1.000000 1.000000 1.183216 1.000000 0.000000
 0.205000 1.000000 -1.000000 1.000000 1.183216 1.000000 0.000000
 0.206111 1.000000 -1.000000 1.000000 1.183216 1.000000 0.000000
 0.207222 1.000000 -1.000000 1.000000 1.183216 1.000000 0.000000
 0.208333 1.000000 -1.000000 1.000000 1.183216 1.000000 0.000000
 0.209444 1.000000 -1.000000 1.000000 1.183216 1.000000 0.000000
 0.210556 1.000000 -1.000000 1.000000 1.183216 1.000000 0.000000
 0.211667 1.000000 -1.000000 1.000000 1.183216 1.000000 0.000000
 0.212778 1.000000 -1.000000 1.000000 1.183216 1.000000 0.000000
 0.213889 1.000000 -1.000000 1.000000 1.183216 1.000000 0.000000
 0.215000 1.000000 -1.000000 1.000000 1.183216 1.000000 0.000000
 0.216111 1.000000 -1.000000 1.000000 1.183216 1.000000 0.000000
 0.217222 1.000000 -1.000000 1.000000 1.183216 1.000000 0.000000
 0.218333 1.000000 -1.000000 1.000000 1.183216 1.000000 0.000000
 0.219444 1.000000 -1.000000 1.000000 1.183216 1.000000 0.000000
 0.220556 1.000000 -1.000000 1.000000 1.183216 1.000000 0.000000
 0.221667 1.000000 -1.000000 1.000000 1.183216 1.000000 0.000000
 0.222778 1.000000 -1.000000 1.000000 1.183216 1.000000 0.000000
 0.223889 1.000000 -1.000000 1.000000 1.183216 1.000000 0.000000
 0.225000 1.000000 -1.000000 1.000000 1.183216 1.000000 0.000000
 0.226111 1.000000 -1.000000 1.000000 1.183216 1.000000 0.000000
 0.227222 1.000000 -1.000000 1.000000 1.183216 1.000000 0.000000
 0.228333 1.000000 -1.000000 1.000000 1.183216 1.000000 0.000000
 0.229444 1.000000 -1.000000 1.000000 1.183216 1.000000 0.000000
 0.230556 1.000000 -1.000000 1.000000 1.183216 1.000000 0.000000
 0.231667 1.000000 -1.000000 1.000000 1.183216 1.000000 0.000000
 0.232778 1.000000 -1.000000 1.000000 1.183216 1.000000 0.000000
 0.233889 1.000000 -1.000000 1.000000 1.183216 1.000000 0.000000
 0.235000 1.000000 -1.000000 1.000000 1.183216 1.000000 0.000000
 0.236111 1.000000 -1.000000 1.000000 1.183216 1.000000 0.000000
 0.237222 1.000000 -1.000000 1.000000 1.183216 1.000000 0.000000
 0.238333 1.000000 -1.000000 1.000000 1.183216 1.000000 0.000000
 0.239444 1.000000 -1.000000 1.000000 1.183216 1.000000 0.000000
 0.240556 1.000000 -1.000000 1.000000 1.183216 1.000000 0.000000
 0.241667 1.000000 -1.000000 1.000000 1.183216 1.000000 0.000000
 0.242778 1.000000 -1.000000 1.000000 1.183216 1.000000 0.000000
 0.243889 1.000000 -1.000000 1.000000 1.183216 1.000000 0.000000
 0.245000 1.000000 -1.000000 1.000000 1.183216 1.000000 0.000000
 0.246111 1.000000 -1.000000 1.000000 1.183216 1.000000 0.000000
 0.247222 1.000000 -1.000000 1.000000 1.183216 1.000000 0.000000
 0.248333 1.000000 -1.000000 1.000000 1.183216 1.000000 0.000000
 0.249444 1.000000 -1.000000 1.000000 1.183216 1.000000 0.000000
 0.250556 1.000000 -1.000000 1.000000 1.183216 1.000000 0.000000
 0.251667 1.000000 -1.000000 1.000000 1.183216 1.000000 0.000000
 0.252778 1.000000 -1.000000 1.000000 1.183216 1.000000 0.000000
 0.253889 1.000000 -1.000000 1.000000 1.183216 1.000000 0.000000
 0.255000 1.000000 -1.000000 1.000000 1.183216 1.000000 0.000000
 0.256111 1.000000 -1.000000 1.000000 1.183216 1.000000 0.000000
 0.257222 1.000000 -1.000000 1.000000 1.183216 1.000000 0.000000
 0.258333 1.000000 -1.000000 1.000000 1.183216 1.000000 0.000000
 0.259444 1.000000 -1.000000 1.000000 1.183216 1.000000 0.000000
 0.260556 1.000000 -1.000000 1.000000 1.183216 1.000000 0.000000
 0.261667 1.000000 -1.000000 1.000000 1.183216 1.000000 0.000000
 0.262778 1.000000 -1.000000 1.000000 1.183216 1.000000 0.000000
 0.263889 1.000000 -1.000000 1.000000 1.183216 1.000000 0.000000
 0.265000 1.000000 -1.000000 1.000000 1.183216 1.000000 0.000000
 0.266111 1.000000 -1.000000 1.000000 1.183216 1.000000 0.000000
 0.267222 1.000000 -1.000000 1.000000 1.183216 1.000000 0.000000
 0.268333 1.000000 -1.000000 1.000000 1.183216 1.000000 0.000000
 0.269444 1.000000 -1.000000 1.000000 1.183216 1.000000 0.000000
 0.270556 1.000000 -1.000000 1.000000 1.183216 1.000000 0.000000
 0.271667 1.000000 -1.000000 1.000000 1.183216 1.000000 0.000000
 0.272778 1.000000 -1.000000 1.000000 1.183216 1.000000 0.000000
 0.273889 1.000000 -1.000000 1.000000 1.183216 1.000000 0.000000
 0.275000 1.000000 -1.000000 1.000000 1.183216 1.000000 0.000000
 0.276111 0.999999 -0.999999 0.999999 1.183216 1.000000 0.000000
 0.277222 0.999999 -0.999999 0.999999 1.183216 1.000000 0.000000
 0.278333 0.999999 -0.999998 0.999998 1.183216 1.000000 0.000000
 0.279444 0.999998 -0.999998 0.999997 1.183215 1.000000 0.000000
 0.280556 0.999997 -0.999996 0.999996 1.183215 1.000000 0.000000
 0.281667 0.999995 -0.999994 0.999993 1.183215 1.000000 0.000000
 0.282778 0.999993 -0.999991 0.999990 1.183214 1.000000 0.000000
 0.283889 0.999989 -0.999987 0.999985 1.183213 1.000000 0.000000
 0.285000 0.999984 -0.999981 0.999977 1.183212 1.000000 0.000000
 0.286111 0.999976 -0.999972 0.999966 1.183210 1.000000 0.000000
 0.287222 0.999965 -0.999959 0.999951 1.183208 1.000000 0.000000
 0.288333 0.999950 -0.999940 0.999930 1.183204 1.000000 0.000000
 0.289444 0.999928 -0.999915 0.999899 1.183199 1.000000 0.000000
 0.290556 0.999898 -0.999880 0.999858 1.183192 1.000000 0.000000
 0.291667 0.999857 -0.999831 0.999800 1.183182 1.000000 0.000000
 0.292778 0.999802 -0.999766 0.999723 1.183169 1.000000 0.000000
 0.293889 0.999729 -0.999679 0.999620 1.183152 1.000000 0.000000
 0.295000 0.999631 -0.999564 0.999484 1.183129 1.000000 0.000000
 0.296111 0.999504 -0.999413 0.999305 1.183099 1.000000 0.000000
 0.297222 0.999339 -0.999217 0.999074 1.183059 1.000000 0.000000
 0.298333 0.999127 -0.998967 0.998779 1.183009 1.000000 0.000000
 0.299444 0.998859 -0.998650 0.998404 1.182946 1.000000 0.000000
 0.300556 0.998524 -0.998252 0.997934 1.182867 1.000000 0.000000
 0.301667 0.998107 -0.997759 0.997352 1.182768 1.000000 0.000000
 0.302778 0.997596 -0.997154 0.996637 1.182647 1.000001 0.000000
 0.303889 0.996976 -0.996418 0.995770 1.182500 1.000001 0.000000
 0.305000 0.996230 -0.995534 0.994728 1.182323 1.000001 0.000000
 0.306111 0.995343 -0.994481 0.993488 1.182113 1.000002 0.000000
 0.307222 0.994298 -0.993240 0.992028 1.181865 1.000003 0.000000
 0.308333 0.993078 -0.991791 0.990327 1.181576 1.000004 0.000000
 0.309444 0.991669 -0.990115 0.988361 1.181241 1.000005 0.000000
 0.310556 0.990056 -0.988194 0.986112 1.180857 1.000007 0.000000
 0.311667 0.988225 -0.986010 0.983562 1.180422 1.000009 0.000000
 0.312778 0.986164 -0.983550 0.980695 1.179931 1.000012 0.000000
 0.313889 0.983865 -0.980800 0.977499 1.179382 1.000016 0.000000
 0.315000 0.981319 -0.977750 0.973964 1.178774 1.000020 0.000000
 0.316111 0.978521 -0.974391 0.970084 1.178104 1.000026 0.000000
 0.317222 0.975468 -0.970718 0.965856 1.177372 1.000032 0.000000
 0.318333 0.972160 -0.966727 0.961281 1.176577 1.000040 0.000000
 0.319444 0.968597 -0.962418 0.956361 1.175718 1.000049 0.000000
 0.320556 0.964784 -0.957792 0.951103 1.174797 1.000059 0.000000
 0.321667 0.960724 -0.952853 0.945517 1.173814 1.000071 0.000000
 0.322778 0.956426 -0.947606 0.939612 1.172770 1.000085 0.000000
 0.323889 0.951897 -0.942058 0.933403 1.171666 1.000100 0.000000
 0.325000 0.947147 -0.936216 0.926904 1.170504 1.000117 0.000000
 0.326111 0.942185 -0.930091 0.920131 1.169286 1.000135 0.000000
 0.327222 0.937024 -0.923692 0.913101 1.168014 1.000155 0.000000
 0.328333 0.931674 -0.917031 0.905830 1.166690 1.000178 0.000000
 0.329444 0.926148 -0.910118 0.898338 1.165316 1.000201 0.000000
 0.330556 0.920456 -0.902965 0.890642 1.163895 1.000227 0.000000
 0.331667 0.914611 -0.895584 0.882758 1.162429 1.000255 0.000000
 0.332778 0.908625 -0.887986 0.874706 1.160921 1.000284 0.000000
 0.333889 0.902509 -0.880181 0.866501 1.159372 1.000315 0.000000
 0.335000 0.896274 -0.872183 0.858159 1.157784 1.000348 0.000000
 0.336111 0.889930 -0.864000 0.849698 1.156161 1.000383 0.000000
 0.337222 0.883489 -0.855644 0.841130 1.154503 1.000419 0.000000
 0.338333 0.876959 -0.847125 0.832472 1.152814 1.000457 0.000000
 0.339444 0.870350 -0.838451 0.823735 1.151094 1.000497 0.000000
 0.340556 0.863672 -0.829633 0.814933 1.149346 1.000539 0.000000
 0.341667 0.856931 -0.820678 0.806078 1.147571 1.000582 0.000000
 0.342778 0.850137 -0.811595 0.797180 1.145771 1.000627 0.000000
 0.343889 0.843296 -0.802392 0.788251 1.143948 1.000673 0.000000
 0.345000 0.836416 -0.793075 0.779299 1.142102 1.000721 0.000000
 0.346111 0.829502 -0.783653 0.770334 1.140236 1.000770 0.000000
 0.347222 0.822561 -0.774130 0.761363 1.138350 1.000821 0.000000
 0.348333 0.815598 -0.764514 0.752396 1.136447 1.000874 0.000000
 0.349444 0.808619 -0.754809 0.743438 1.134526 1.000928 0.000000
 0.350556 0.801629 -0.745021 0.734496 1.132588 1.000984 0.000000
 0.351667 0.794631 -0.735156 0.725577 1.130636 1.001041 0.000000
 0.352778 0.787630 -0.725216 0.716685 1.128670 1.001099 0.000000
 0.353889 0.780631 -0.715209 0.707826 1.126690 1.001159 0.000000
 0.355000 0.773636 -0.705136 0.699005 1.124698 1.001220 0.000000
 0.356111 0.766648 -0.695002 0.690226 1.122695 1.001283 0.000000
 0.357222 0.759672 -0.684810 0.681493 1.120680 1.001347 0.000000
 0.358333 0.752710 -0.674565 0.672809 1.118655 1.001412 0.000000
 0.359444 0.745765 -0.664268 0.664178 1.116620 1.001479 0.000000
 0.360556 0.738838 -0.653924 0.655602 1.114576 1.001547 0.000000
 0.361667 0.731933 -0.643534 0.647085 1.112523 1.001616 0.000000
 0.362778 0.725051 -0.633102 0.638629 1.110462 1.001687 0.000000
 0.363889 0.718195 -0.622630 0.630236 1.108394 1.001760 0.000000
 0.365000 0.711366 -0.612121 0.621908 1.106319 1.001833 0.000000
 0.366111 0.704567 -0.601576 0.613647 1.104237 1.001908 0.000000
 0.367222 0.697797 -0.590998 0.605455 1.102149 1.001984 0.000000
 0.368333 0.691060 -0.580388 0.597334 1.100055 1.002062 0.000000
 0.369444 0.684357 -0.569749 0.589284 1.097956 1.002141 0.000000
 0.370556 0.677688 -0.559083 0.581307 1.095852 1.002221 0.000000
 0.371667 0.671056 -0.548392 0.573404 1.093743 1.002303 0.000000
 0.372778 0.664460 -0.537676 0.565577 1.091630 1.002386 0.000000
 0.373889 0.657903 -0.526938 0.557825 1.089512 1.002470 0.000000
 0.375000 0.651385 -0.516180 0.550151 1.087391 1.002556 0.000000
 0.376111 0.644908 -0.505403 0.542554 1.085267 1.002643 0.000000
 0.377222 0.638471 -0.494609 0.535035 1.083140 1.002731 0.000000
 0.378333 0.632077 -0.483799 0.527596 1.081010 1.002821 0.000000
 0.379444 0.625725 -0.472974 0.520235 1.078877 1.002912 0.000000
 0.380556 0.619417 -0.462137 0.512955 1.076743 1.003004 0.000000
 0.381667 0.613154 -0.451289 0.505755 1.074607 1.003098 0.000000
 0.382778 0.606935 -0.440431 0.498636 1.072469 1.003193 0.000000
 0.383889 0.600763 -0.429566 0.491598 1.070330 1.003290 0.000000
 0.385000 0.594637 -0.418694 0.484642 1.068191 1.003387 0.000000
 0.386111 0.588558 -0.407818 0.477768 1.066050 1.003487 0.000000
 0.387222 0.582528 -0.396939 0.470976 1.063910 1.003587 0.000000
 0.388333 0.576547 -0.386059 0.464267 1.061770 1.003689 0.000000
 0.389444 0.570615 -0.375180 0.457640 1.059631 1.003792 0.000000
 0.390556 0.564734 -0.364305 0.451097 1.057493 1.003897 0.000000
 0.391667 0.558904 -0.353434 0.444638 1.055356 1.004003 0.000000
 0.392778 0.553126 -0.342571 0.438263 1.053221 1.004110 0.000000
 0.393889 0.547401 -0.331719 0.431973 1.051089 1.004219 0.000000
 0.395000 0.541730 -0.320879 0.425767 1.048959 1.004329 0.000000
 0.396111 0.536115 -0.310055 0.419648 1.046833 1.004440 0.000000
 0.397222 0.530555 -0.299250 0.413615 1.044712 1.004553 0.000000
 0.398333 0.525054 -0.288468 0.407668 1.042595 1.004666 0.000000
 0.399444 0.519611 -0.277712 0.401810 1.040484 1.004781 0.000000
 0.400556 0.514228 -0.266986 0.396041 1.038379 1.004898 0.000000
 0.401667 0.508907 -0.256295 0.390361 1.036282 1.005015 0.000000
 0.402778 0.503650 -0.245644 0.384773 1.034193 1.005134 0.000000
 0.403889 0.498459 -0.235040 0.379277 1.032114 1.005253 0.000000
 0.405000 0.493335 -0.224487 0.373875 1.030045 1.005374 0.000000
 0.406111 0.488282 -0.213993 0.368570 1.027989 1.005496 0.000000
 0.407222 0.483302 -0.203566 0.363362 1.025946 1.005619 0.000000
 0.408333 0.478398 -0.193214 0.358255 1.023918 1.005742 0.000000
 0.409444 0.473574 -0.182947 0.353251 1.021908 1.005867 0.000000
 0.410556 0.468833 -0.172776 0.348353 1.019917 1.005992 0.000000
 0.411667 0.464179 -0.162712 0.343565 1.017948 1.006118 0.000000
 0.412778 0.459617 -0.152770 0.338889 1.016003 1.006245 0.000000
 0.413889 0.455152 -0.142962 0.334332 1.014085 1.006372 0.000000
 0.415000 0.450790 -0.133307 0.329896 1.012198 1.006499 0.000000
 0.416111 0.446537 -0.123822 0.325589 1.010345 1.006627 0.000000
 0.417222 0.442400 -0.114527 0.321414 1.008530 1.006754 0.000000
 0.418333 0.438387 -0.105444 0.317380 1.006758 1.006882 0.000000
 0.419444 0.434505 -0.096596 0.313492 1.005032 1.007010 0.000000
 0.420556 0.430764 -0.088010 0.309759 1.003359 1.007137 0.000000
 0.421667 0.427172 -0.079713 0.306187 1.001743 1.007265 0.000000
 0.422778 0.423738 -0.071733 0.302786 1.000190 1.007391 0.000000
 0.423889 0.420474 -0.064100 0.299563 0.998707 1.007518 0.000000
 0.425000 0.417389 -0.056844 0.296527 0.997300 1.007644 0.000000
 0.426111 0.414492 -0.049996 0.293686 0.995973 1.007769 0.000000
 0.427222 0.411791 -0.043583 0.291047 0.994734 1.007895 0.000000
 0.428333 0.409295 -0.037631 0.288616 0.993587 1.008020 0.000000
 0.429444 0.407010 -0.032162 0.286398 0.992537 1.008145 0.000000
 0.430556 0.404939 -0.027192 0.284395 0.991586 1.008270 0.000000
 0.431667 0.403083 -0.022729 0.282607 0.990738 1.008397 0.000000
 0.432778 0.401440 -0.018776 0.281032 0.989991 1.008524 0.000000
 0.433889 0.400005 -0.015322 0.279662 0.989346 1.008653 0.000000
 0.435000 0.398768 -0.012353 0.278489 0.988797 1.008784 0.000000
 0.436111 0.397718 -0.009840 0.277499 0.988342 1.008918 0.000000
 0.437222 0.396840 -0.007750 0.276679 0.987972 1.009055 0.000000
 0.438333 0.396116 -0.006043 0.276011 0.987679 1.009195 0.000000
 0.439444 0.395526 -0.004673 0.275475 0.987456 1.009339 0.000000
 0.440556 0.395053 -0.003593 0.275054 0.987292 1.009487 0.000000
 0.441667 0.394676 -0.002757 0.274729 0.987178 1.009640 0.000000
 0.442778 0.394378 -0.002121 0.274481 0.987106 1.009799 0.000000
 0.443889 0.394142 -0.001644 0.274296 0.987068 1.009962 0.000000
 0.445000 0.393955 -0.001291 0.274159 0.987057 1.010132 0.000000
 0.446111 0.393803 -0.001032 0.274059 0.987067 1.010307 0.000000
 0.447222 0.393678 -0.000843 0.273986 0.987093 1.010489 0.000000
 0.448333 0.393571 -0.000705 0.273933 0.987132 1.010678 0.000000
 0.449444 0.393476 -0.000604 0.273894 0.987180 1.010875 0.000000
 0.450556 0.393390 -0.000528 0.273866 0.987237 1.011079 0.000000
 0.451667 0.393308 -0.000470 0.273844 0.987299 1.011292 0.000000
 0.452778 0.393229 -0.000424 0.273827 0.987368 1.011513 0.000000
 0.453889 0.393151 -0.000387 0.273813 0.987441 1.011744 0.000000
 0.455000 0.393072 -0.000356 0.273802 0.987519 1.011985 0.000000
 0.456111 0.392993 -0.000330 0.273792 0.987602 1.012237 0.000000
 0.457222 0.392911 -0.000307 0.273784 0.987690 1.012501 0.000000
 0.458333 0.392827 -0.000287 0.273776 0.987782 1.012777 0.000000
 0.459444 0.392740 -0.000268 0.273770 0.987880 1.013066 0.000000
 0.460556 0.392650 -0.000252 0.273764 0.987983 1.013370 0.000000
 0.461667 0.392557 -0.000236 0.273759 0.988091 1.013690 0.000000
 0.462778 0.392459 -0.000222 0.273754 0.988206 1.014027 0.000000
 0.463889 0.392356 -0.000209 0.273750 0.988327 1.014382 0.000000
 0.465000 0.392248 -0.000197 0.273746 0.988456 1.014757 0.000000
 0.466111 0.392135 -0.000186 0.273742 0.988592 1.015154 0.000000
 0.467222 0.392016 -0.000175 0.273739 0.988737 1.015575 0.000000
 0.468333 0.391889 -0.000166 0.273736 0.988891 1.016022 0.000000
 0.469444 0.391755 -0.000156 0.273733 0.989055 1.016499 0.000000
 0.470556 0.391612 -0.000148 0.273731 0.989231 1.017008 0.000000
 0.471667 0.391460 -0.000139 0.273728 0.989419 1.017553 0.000000
 0.472778 0.391297 -0.000131 0.273726 0.989621 1.018138 0.000000
 0.473889 0.391122 -0.000124 0.273724 0.989838 1.018768 0.000000
 0.475000 0.390934 -0.000117 0.273722 0.990073 1.019449 0.000000
 0.476111 0.390730 -0.000110 0.273720 0.990329 1.020187 0.000000
 0.477222 0.390508 -0.000103 0.273719 0.990607 1.020992 0.000000
 0.478333 0.390267 -0.000097 0.273717 0.990911 1.021872 0.000000
 0.479444 0.390001 -0.000091 0.273716 0.991245 1.022840 0.000000
 0.480556 0.389709 -0.000085 0.273715 0.991615 1.023911 0.000000
 0.481667 0.389384 -0.000079 0.273714 0.992026 1.025102 0.000000
 0.482778 0.389021 -0.000074 0.273713 0.992487 1.026437 0.000000
 0.483889 0.388612 -0.000068 0.273712 0.993007 1.027945 0.000000
 0.485000 0.388148 -0.000063 0.273711 0.993599 1.029663 0.000000
 0.486111 0.387616 -0.000058 0.273710 0.994279 1.031640 0.000000
 0.487222 0.386999 -0.000053 0.273709 0.995070 1.033940 0.000000
 0.488333 0.386275 -0.000048 0.273709 0.996001 1.036650 0.000000
 0.489444 0.385414 -0.000043 0.273708 0.997111 1.039892 0.000000
 0.490556 0.384374 -0.000038 0.273707 0.998459 1.043833 0.000000
 0.491667 0.383093 -0.000034 0.273707 1.000126 1.048722 0.000000
 0.492778 0.381482 -0.000029 0.273707 1.002236 1.054927 0.000000
 0.493889 0.379402 -0.000025 0.273706 1.004977 1.063028 0.000000
 0.495000 0.376634 -0.000020 0.273706 1.008664 1.073983 0.000000
 0.496111 0.372797 -0.000016 0.273706 1.013841 1.089488 0.000000
 0.497222 0.367191 -0.000011 0.273706 1.021550 1.112845 0.000000
 0.498333 0.358392 -0.000007 0.273705 1.034014 1.151282 0.000000
 0.499444 0.343517 -0.000002 0.273705 1.056164 1.221674 0.000000
 0.500556 0.343517 0.000002 0.273705 1.056164 1.221674 0.000000
 0.501667 0.358392 0.000007 0.273705 1.034014 1.151282 0.000000
 0.502778 0.367191 0.000011 0.273706 1.021550 1.112845 0.000000
 0.503889 0.372797 0.000016 0.273706 1.013841 1.089488 0.000000
 0.505000 0.376634 0.000020 0.273706 1.008664 1.073983 0.000000
 0.506111 0.379402 0.000025 0.273706 1.004977 1.063028 0.000000
 0.507222 0.381482 0.000029 0.273707 1.002236 1.054927 0.000000
 0.508333 0.383093 0.000034 0.273707 1.000126 1.048722 0.000000
 0.509444 0.384374 0.000038 0.273707 0.998459 1.043833 0.000000
 0.510556 0.385414 0.000043 0.273708 0.997111 1.039892 0.000000
 0.511667 0.386275 0.000048 0.273709 0.996001 1.036650 0.000000
 0.512778 0.386999 0.000053 0.273709 0.995070 1.033940 0.000000
 0.513889 0.387616 0.000058 0.273710 0.994279 1.031640 0.000000
 0.515000 0.388148 0.000063 0.273711 0.993599 1.029663 0.000000
 0.516111 0.388612 0.000068 0.273712 0.993007 1.027945 0.000000
 0.517222 0.389021 0.000074 0.273713 0.992487 1.026437 0.000000
 0.518333 0.389384 0.000079 0.273714 0.992026 1.025102 0.000000
 0.519444 0.389709 0.000085 0.273715 0.991615 1.023911 0.000000
 0.520556 0.390001 0.000091 0.273716 0.991245 1.022840 0.000000
 0.521667 0.390267 0.000097 0.273717 0.990911 1.021872 0.000000
 0.522778 0.390508 0.000103 0.273719 0.990607 1.020992 0.000000
 0.523889 0.390730 0.000110 0.273720 0.990329 1.020187 0.000000
 0.525000 0.390934 0.000117 0.273722 0.990073 1.019449 0.000000
 0.526111 0.391122 0.000124 0.273724 0.989838 1.018768 0.000000
 0.527222 0.391297 0.000131 0.273726 0.989621 1.018138 0.000000
 0.528333 0.391460 0.000139 0.273728 0.989419 1.017553 0.000000
 0.529444 0.391612 0.000148 0.273731 0.989231 1.017008 0.000000
 0.530556 0.391755 0.000156 0.273733 0.989055 1.016499 0.000000
 0.531667 0.391889 0.000166 0.273736 0.988891 1.016022 0.000000
 0.532778 0.392016 0.000175 0.273739 0.988737 1.015575 0.000000
 0.533889 0.392135 0.000186 0.273742 0.988592 1.015154 0.000000
 0.535000 0.392248 0.000197 0.273746 0.988456 1.014757 0.000000
 0.536111 0.392356 0.000209 0.273750 0.988327 1.014382 0.000000
 0.537222 0.392459 0.000222 0.273754 0.988206 1.014027 0.000000
 0.538333 0.392557 0.000236 0.273759 0.988091 1.013690 0.000000
 0.539444 0.392650 0.000252 0.273764 0.987983 1.013370 0.000000
 0.540556 0.392740 0.000268 0.273770 0.987880 1.013066 0.000000
 0.541667 0.392827 0.000287 0.273776 0.987782 1.012777 0.000000
 0.542778 0.392911 0.000307 0.273784 0.987690 1.012501 0.000000
 0.543889 0.392993 0.000330 0.273792 0.987602 1.012237 0.000000
 0.545000 0.393072 0.000356 0.273802 0.987519 1.011985 0.000000
 0.546111 0.393151 0.000387 0.273813 0.987441 1.011744 0.000000
 0.547222 0.393229 0.000424 0.273827 0.987368 1.011513 0.000000
 0.548333 0.393308 0.000470 0.273844 0.987299 1.011292 0.000000
 0.549444 0.393390 0.000528 0.273866 0.987237 1.011079 0.000000
 0.550556 0.393476 0.000604 0.273894 0.987180 1.010875 0.000000
 0.551667 0.393571 0.000705 0.273933 0.987132 1.010678 0.000000
 0.552778 0.393678 0.000843 0.273986 0.987093 1.010489 0.000000
 0.553889 0.393803 0.001032 0.274059 0.987067 1.010307 0.000000
 0.555000 0.393955 0.001291 0.274159 0.987057 1.010132 0.000000
 0.556111 0.394142 0.001644 0.274296 0.987068 1.009962 0.000000
 0.557222 0.394378 0.002121 0.274481 0.987106 1.009799 0.000000
 0.558333 0.394676 0.002757 0.274729 0.987178 1.009640 0.000000
 0.559444 0.395053 0.003593 0.275054 0.987292 1.009487 0.000000
 0.560556 0.395526 0.004673 0.275475 0.987456 1.009339 0.000000
 0.561667 0.396116 0.006043 0.276011 0.987679 1.009195 0.000000
 0.562778 0.396840 0.007750 0.276679 0.987972 1.009055 0.000000
 0.563889 0.397718 0.009840 0.277499 0.988342 1.008918 0.000000
 0.565000 0.398768 0.012353 0.278489 0.988797 1.008784 0.000000
 0.566111 0.400005 0.015322 0.279662 0.989346 1.008653 0.000000
 0.567222 0.401440 0.018776 0.281032 0.989991 1.008524 0.000000
 0.568333 0.403083 0.022729 0.282607 0.990738 1.008397 0.000000
 0.569444 0.404939 0.027192 0.284395 0.991586 1.008270 0.000000
 0.570556 0.407010 0.032162 0.286398 0.992537 1.008145 0.000000
 0.571667 0.409295 0.037631 0.288616 0.993587 1.008020 0.000000
 0.572778 0.411791 0.043583 0.291047 0.994734 1.007895 0.000000
 0.573889 0.414492 0.049996 0.293686 0.995973 1.007769 0.000000
 0.575000 0.417389 0.056844 0.296527 0.997300 1.007644 0.000000
 0.576111 0.420474 0.064100 0.299563 0.998707 1.007518 0.000000
 0.577222 0.423738 0.071733 0.302786 1.000190 1.007391 0.000000
 0.578333 0.427172 0.079713 0.306187 1.001743 1.007265 0.000000
 0.579444 0.430764 0.088010 0.309759 1.003359 1.007137 0.000000
 0.580556 0.434505 0.096596 0.313492 1.005032 1.007010 0.000000
 0.581667 0.438387 0.105444 0.317380 1.006758 1.006882 0.000000
 0.582778 0.442400 0.114527 0.321414 1.008530 1.006754 0.000000
 0.583889 0.446537 0.123822 0.325589 1.010345 1.006627 0.000000
 0.585000 0.450790 0.133307 0.329896 1.012198 1.006499 0.000000
 0.586111 0.455152 0.142962 0.334332 1.014085 1.006372 0.000000
 0.587222 0.459617 0.152770 0.338889 1.016003 1.006245 0.000000
 0.588333 0.464179 0.162712 0.343565 1.017948 1.006118 0.000000
 0.589444 0.468833 0.172776 0.348353 1.019917 1.005992 0.000000
 0.590556 0.473574 0.182947 0.353251 1.021908 1.005867 0.000000
 0.591667 0.478398 0.193214 0.358255 1.023918 1.005742 0.000000
 0.592778 0.483302 0.203566 0.363362 1.025946 1.005619 0.000000
 0.593889 0.488282 0.213993 0.368570 1.027989 1.005496 0.000000
 0.595000 0.493335 0.224487 0.373875 1.030045 1.005374 0.000000
 0.596111 0.498459 0.235040 0.379277 1.032114 1.005253 0.000000
 0.597222 0.503650 0.245644 0.384773 1.034193 1.005134 0.000000
 0.598333 0.508907 0.256295 0.390361 1.036282 1.005015 0.000000
 0.599444 0.514228 0.266986 0.396041 1.038379 1.004898 0.000000
 0.600556 0.519611 0.277712 0.401810 1.040484 1.004781 0.000000
 0.601667 0.525054 0.288468 0.407668 1.042595 1.004666 0.000000
 0.602778 0.530555 0.299250 0.413615 1.044712 1.004553 0.000000
 0.603889 0.536115 0.310055 0.419648 1.046833 1.004440 0.000000
 0.605000 0.541730 0.320879 0.425767 1.048959 1.004329 0.000000
 0.606111 0.547401 0.331719 0.431973 1.051089 1.004219 0.000000
 0.607222 0.553126 0.342571 0.438263 1.053221 1.004110 0.000000
 0.608333 0.558904 0.353434 0.444638 1.055356 1.004003 0.000000
 0.609444 0.564734 0.364305 0.451097 1.057493 1.003897 0.000000
 0.610556 0.570615 0.375180 0.457640 1.059631 1.003792 0.000000
 0.611667 0.576547 0.386059 0.464267 1.061770 1.003689 0.000000
 0.612778 0.582528 0.396939 0.470976 1.063910 1.003587 0.000000
 0.613889 0.588558 0.407818 0.477768 1.066050 1.003487 0.000000
 0.615000 0.594637 0.418694 0.484642 1.068191 1.003387 0.000000
 0.616111 0.600763 0.429566 0.491598 1.070330 1.003290 0.000000
 0.617222 0.606935 0.440431 0.498636 1.072469 1.003193 0.000000
 0.618333 0.613154 0.451289 0.505755 1.074607 1.003098 0.000000
 0.619444 0.619417 0.462137 0.512955 1.076743 1.003004 0.000000
 0.620556 0.625725 0.472974 0.520235 1.078877 1.002912 0.000000
 0.621667 0.632077 0.483799 0.527596 1.081010 1.002821 0.000000
 0.622778 0.638471 0.494609 0.535035 1.083140 1.002731 0.000000
 0.623889 0.644908 0.505403 0.542554 1.085267 1.002643 0.000000
 0.625000 0.651385 0.516180 0.550151 1.087391 1.002556 0.000000
 0.626111 0.657903 0.526938 0.557825 1.089512 1.002470 0.000000
 0.627222 0.664460 0.537676 0.565577 1.091630 1.002386 0.000000
 0.628333 0.671056 0.548392 0.573404 1.093743 1.002303 0.000000
 0.629444 0.677688 0.559083 0.581307 1.095852 1.002221 0.000000
 0.630556 0.684357 0.569749 0.589284 1.097956 1.002141 0.000000
 0.631667 0.691060 0.580388 0.597334 1.100055 1.002062 0.000000
 0.632778 0.697797 0.590998 0.605455 1.102149 1.001984 0.000000
 0.633889 0.704567 0.601576 0.613647 1.104237 1.001908 0.000000
 0.635000 0.711366 0.612121 0.621908 1.106319 1.001833 0.000000
 0.636111 0.718195 0.622630 0.630236 1.108394 1.001760 0.000000
 0.637222 0.725051 0.633102 0.638629 1.110462 1.001687 0.000000
 0.638333 0.731933 0.643534 0.647085 1.112523 1.001616 0.000000
 0.639444 0.738838 0.653924 0.655602 1.114576 1.001547 0.000000
 0.640556 0.745765 0.664268 0.664178 1.116620 1.001479 0.000000
 0.641667 0.752710 0.674565 0.672809 1.118655 1.001412 0.000000
 0.642778 0.759672 0.684810 0.681493 1.120680 1.001347 0.000000
 0.643889 0.766648 0.695002 0.690226 1.122695 1.001283 0.000000
 0.645000 0.773636 0.705136 0.699005 1.124698 1.001220 0.000000
 0.646111 0.780631 0.715209 0.707826 1.126690 1.001159 0.000000
 0.647222 0.787630 0.725216 0.716685 1.128670 1.001099 0.000000
 0.648333 0.794631 0.735156 0.725577 1.130636 1.001041 0.000000
 0.649444 0.801629 0.745021 0.734496 1.132588 1.000984 0.000000
 0.650556 0.808619 0.754809 0.743438 1.134526 1.000928 0.000000
 0.651667 0.815598 0.764514 0.752396 1.136447 1.000874 0.000000
 0.652778 0.822561 0.774130 0.761363 1.138350 1.000821 0.000000
 0.653889 0.829502 0.783653 0.770334 1.140236 1.000770 0.000000
 0.655000 0.836416 0.793075 0.779299 1.142102 1.000721 0.000000
 0.656111 0.843296 0.802392 0.788251 1.143948 1.000673 0.000000
 0.657222 0.850137 0.811595 0.797180 1.145771 1.000627 0.000000
 0.658333 0.856931 0.820678 0.806078 1.147571 1.000582 0.000000
 0.659444 0.863672 0.829633 0.814933 1.149346 1.000539 0.000000
 0.660556 0.870350 0.838451 0.823735 1.151094 1.000497 0.000000
 0.661667 0.876959 0.847125 0.832472 1.152814 1.000457 0.000000
 0.662778 0.883489 0.855644 0.841130 1.154503 1.000419 0.000000
 0.663889 0.889930 0.864000 0.849698 1.156161 1.000383 0.000000
 0.665000 0.896274 0.872183 0.858159 1.157784 1.000348 0.000000
 0.666111 0.902509 0.880181 0.866501 1.159372 1.000315 0.000000
 0.667222 0.908625 0.887986 0.874706 1.160921 1.000284 0.000000
 0.668333 0.914611 0.895584 0.882758 1.162429 1.000255 0.000000
 0.669444 0.920456 0.902965 0.890642 1.163895 1.000227 0.000000
 0.670556 0.926148 0.910118 0.898338 1.165316 1.000201 0.000000
 0.671667 0.931674 0.917031 0.905830 1.166690 1.000178 0.000000
 0.672778 0.937024 0.923692 0.913101 1.168014 1.000155 0.000000
 0.673889 0.942185 0.930091 0.920131 1.169286 1.000135 0.000000
 0.675000 0.947147 0.936216 0.926904 1.170504 1.000117 0.000000
 0.676111 0.951897 0.942058 0.933403 1.171666 1.000100 0.000000
 0.677222 0.956426 0.947606 0.939612 1.172770 1.000085 0.000000
 0.678333 0.960724 0.952853 0.945517 1.173814 1.000071 0.000000
 0.679444 0.964784 0.957792 0.951103 1.174797 1.000059 0.000000
 0.680556 0.968597 0.962418 0.956361 1.175718 1.000049 0.000000
 0.681667 0.972160 0.966727 0.961281 1.176577 1.000040 0.000000
 0.682778 0.975468 0.970718 0.965856 1.177372 1.000032 0.000000
 0.683889 0.978521 0.974391 0.970084 1.178104 1.000026 0.000000
 0.685000 0.981319 0.977750 0.973964 1.178774 1.000020 0.000000
 0.686111 0.983865 0.980800 0.977499 1.179382 1.000016 0.000000
 0.687222 0.986164 0.983550 0.980695 1.179931 1.000012 0.000000
 0.688333 0.988225 0.986010 0.983562 1.180422 1.000009 0.000000
 0.689444 0.990056 0.988194 0.986112 1.180857 1.000007 0.000000
 0.690556 0.991669 0.990115 0.988361 1.181241 1.000005 0.000000
 0.691667 0.993078 0.991791 0.990327 1.181576 1.000004 0.000000
 0.692778 0.994298 0.993240 0.992028 1.181865 1.000003 0.000000
 0.693889 0.995343 0.994481 0.993488 1.182113 1.000002 0.000000
 0.695000 0.996230 0.995534 0.994728 1.182323 1.000001 0.000000
 0.696111 0.996976 0.996418 0.995770 1.182500 1.000001 0.000000
 0.697222 0.997596 0.997154 0.996637 1.182647 1.000001 0.000000
 0.698333 0.998107 0.997759 0.997352 1.182768 1.000000 0.000000
 0.699444 0.998524 0.998252 0.997934 1.182867 1.000000 0.000000
 0.700556 0.998859 0.998650 0.998404 1.182946 1.000000 0.000000
 0.701667 0.999127 0.998967 0.998779 1.183009 1.000000 0.000000
 0.702778 0.999339 0.999217 0.999074 1.183059 1.000000 0.000000
 0.703889 0.999504 0.999413 0.999305 1.183099 1.000000 0.000000
 0.705000 0.999631 0.999564 0.999484 1.183129 1.000000 0.000000
 0.706111 0.999729 0.999679 0.999620 1.183152 1.000000 0.000000
 0.707222 0.999802 0.999766 0.999723 1.183169 1.000000 0.000000
 0.708333 0.999857 0.999831 0.999800 1.183182 1.000000 0.000000
 0.709444 0.999898 0.999880 0.999858 1.183192 1.000000 0.000000
 0.710556 0.999928 0.999915 0.999899 1.183199 1.000000 0.000000
 0.711667 0.999950 0.999940 0.999930 1.183204 1.000000 0.000000
 0.712778 0.999965 0.999959 0.999951 1.183208 1.000000 0.000000
 0.713889 0.999976 0.999972 0.999966 1.183210 1.000000 0.000000
 0.715000 0.999984 0.999981 0.999977 1.183212 1.000000 0.000000
 0.716111 0.999989 0.999987 0.999985 1.183213 1.000000 0.000000
 0.717222 0.999993 0.999991 0.999990 1.183214 1.000000 0.000000
 0.718333 0.999995 0.999994 0.999993 1.183215 1.000000 0.000000
 0.719444 0.999997 0.999996 0.999996 1.183215 1.000000 0.000000
 0.720556 0.999998 0.999998 0.999997 1.183215 1.000000 0.000000
 0.721667 0.999999 0.999998 0.999998 1.183216 1.000000 0.000000
 0.722778 0.999999 0.999999 0.999999 1.183216 1.000000 0.000000
 0.723889 0.999999 0.999999 0.999999 1.183216 1.000000 0.000000
 0.725000 1.000000 1.000000 1.000000 1.183216 1.000000 0.000000
 0.726111 1.000000 1.000000 1.000000 1.183216 1.000000 0.000000
 0.727222 1.000000 1.000000 1.000000 1.183216 1.000000 0.000000
 0.728333 1.000000 1.000000 1.000000 1.183216 1.000000 0.000000
 0.729444 1.000000 1.000000 1.000000 1.183216 1.000000 0.000000
 0.730556 1.000000 1.000000 1.000000 1.183216 1.000000 0.000000
 0.731667 1.000000 1.000000 1.000000 1.183216 1.000000 0.000000
 0.732778 1.000000 1.000000 1.000000 1.183216 1.000000 0.000000
 0.733889 1.000000 1.000000 1.000000 1.183216 1.000000 0.000000
 0.735000 1.000000 1.000000 1.000000 1.183216 1.000000 0.000000
 0.736111 1.000000 1.000000 1.000000 1.183216 1.000000 0.000000
 0.737222 1.000000 1.000000 1.000000 1.183216 1.000000 0.000000
 0.738333 1.000000 1.000000 1.000000 1.183216 1.000000 0.000000
 0.739444 1.000000 1.000000 1.000000 1.183216 1.000000 0.000000
 0.740556 1.000000 1.000000 1.000000 1.183216 1.000000 0.000000
 0.741667 1.000000 1.000000 1.000000 1.183216 1.000000 0.000000
 0.742778 1.000000 1.000000 1.000000 1.183216 1.000000 0.000000
 0.743889 1.000000 1.000000 1.000000 1.183216 1.000000 0.000000
 0.745000 1.000000 1.000000 1.000000 1.183216 1.000000 0.000000
 0.746111 1.000000 1.000000 1.000000 1.183216 1.000000 0.000000
 0.747222 1.000000 1.000000 1.000000 1.183216 1.000000 0.000000
 0.748333 1.000000 1.000000 1.000000 1.183216 1.000000 0.000000
 0.749444 1.000000 1.000000 1.000000 1.183216 1.000000 0.000000
 0.750556 1.000000 1.000000 1.000000 1.183216 1.000000 0.000000
 0.751667 1.000000 1.000000 1.000000 1.183216 1.000000 0.000000
 0.752778 1.000000 1.000000 1.000000 1.183216 1.000000 0.000000
 0.753889 1.000000 1.000000 1.000000 1.183216 1.000000 0.000000
 0.755000 1.000000 1.000000 1.000000 1.183216 1.000000 0.000000
 0.756111 1.000000 1.000000 1.000000 1.183216 1.000000 0.000000
 0.757222 1.000000 1.000000 1.000000 1.183216 1.000000 0.000000
 0.758333 1.000000 1.000000 1.000000 1.183216 1.000000 0.000000
 0.759444 1.000000 1.000000 1.000000 1.183216 1.000000 0.000000
 0.760556 1.000000 1.000000 1.000000 1.183216 1.000000 0.000000
 0.761667 1.000000 1.000000 1.000000 1.183216 1.000000 0.000000
 0.762778 1.000000 1.000000 1.000000 1.183216 1.000000 0.000000
 0.763889 1.000000 1.000000 1.000000 1.183216 1.000000 0.000000
 0.765000 1.000000 1.000000 1.000000 1.183216 1.000000 0.000000
 0.766111 1.000000 1.000000 1.000000 1.183216 1.000000 0.000000
 0.767222 1.000000 1.000000 1.000000 1.183216 1.000000 0.000000
 0.768333 1.000000 1.000000 1.000000 1.183216 1.000000 0.000000
 0.769444 1.000000 1.000000 1.000000 1.183216 1.000000 0.000000
 0.770556 1.000000 1.000000 1.000000 1.183216 1.000000 0.000000
 0.771667 1.000000 1.000000 1.000000 1.183216 1.000000 0.000000
 0.772778 1.000000 1.000000 1.000000 1.183216 1.000000 0.000000
 0.773889 1.000000 1.000000 1.000000 1.183216 1.000000 0.000000
 0.775000 1.000000 1.000000 1.000000 1.183216 1.000000 0.000000
 0.776111 1.000000 1.000000 1.000000 1.183216 1.000000 0.000000
 0.777222 1.000000 1.000000 1.000000 1.183216 1.000000 0.000000
 0.778333 1.000000 1.000000 1.000000 1.183216 1.000000 0.000000
 0.779444 1.000000 1.000000 1.000000 1.183216 1.000000 0.000000
 0.780556 1.000000 1.000000 1.000000 1.183216 1.000000 0.000000
 0.781667 1.000000 1.000000 1.000000 1.183216 1.000000 0.000000
 0.782778 1.000000 1.000000 1.000000 1.183216 1.000000 0.000000
 0.783889 1.000000 1.000000 1.000000 1.183216 1.000000 0.000000
 0.785000 1.000000 1.000000 1.000000 1.183216 1.000000 0.000000
 0.786111 1.000000 1.000000 1.000000 1.183216 1.000000 0.000000
 0.787222 1.000000 1.000000 1.000000 1.183216 1.000000 0.000000
 0.788333 1.000000 1.000000 1.000000 1.183216 1.000000 0.000000
 0.789444 1.000000 1.000000 1.000000 1.183216 1.000000 0.000000
 0.790556 1.000000 1.000000 1.000000 1.183216 1.000000 0.000000
 0.791667 1.000000 1.000000 1.000000 1.183216 1.000000 0.000000
 0.792778 1.000000 1.000000 1.000000 1.183216 1.000000 0.000000
 0.793889 1.000000 1.000000 1.000000 1.183216 1.000000 0.000000
 0.795000 1.000000 1.000000 1.000000 1.183216 1.000000 0.000000
 0.796111 1.000000 1.000000 1.000000 1.183216 1.000000 0.000000
 0.797222 1.000000 1.000000 1.000000 1.183216 1.000000 0.000000
 0.798333 1.000000 1.000000 1.000000 1.183216 1.000000 0.000000
 0.799444 1.000000 1.000000 1.000000 1.183216 1.000000 0.000000
 0.800556 1.000000 1.000000 1.000000 1.183216 1.000000 0.000000
 0.801667 1.000000 1.000000 1.000000 1.183216 1.000000 0.000000
 0.802778 1.000000 1.000000 1.000000 1.183216 1.000000 0.000000
 0.803889 1.000000 1.000000 1.000000 1.183216 1.000000 0.000000
 0.805000 1.000000 1.000000 1.000000 1.183216 1.000000 0.000000
 0.806111 1.000000 1.000000 1.000000 1.183216 1.000000 0.000000
 0.807222 1.000000 1.000000 1.000000 1.183216 1.000000 0.000000
 0.808333 1.000000 1.000000 1.000000 1.183216 1.000000 0.000000
 0.809444 1.000000 1.000000 1.000000 1.183216 1.000000 0.000000
 0.810556 1.000000 1.000000 1.000000 1.183216 1.000000 0.000000
 0.811667 1.000000 1.000000 1.000000 1.183216 1.000000 0.000000
 0.812778 1.000000 1.000000 1.000000 1.183216 1.000000 0.000000
 0.813889 1.000000 1.000000 1.000000 1.183216 1.000000 0.000000
 0.815000 1.000000 1.000000 1.000000 1.183216 1.000000 0.000000
 0.816111 1.000000 1.000000 1.000000 1.183216 1.000000 0.000000
 0.817222 1.000000 1.000000 1.000000 1.183216 1.000000 0.000000
 0.818333 1.000000 1.000000 1.000000 1.183216 1.000000 0.000000
 0.819444 1.000000 1.000000 1.000000 1.183216 1.000000 0.000000
 0.820556 1.000000 1.000000 1.000000 1.183216 1.000000 0.000000
 0.821667 1.000000 1.000000 1.000000 1.183216 1.000000 0.000000
 0.822778 1.000000 1.000000 1.000000 1.183216 1.000000 0.000000
 0.823889 1.000000 1.000000 1.000000 1.183216 1.000000 0.000000
 0.825000 1.000000 1.000000 1.000000 1.183216 1.000000 0.000000
 0.826111 1.000000 1.000000 1.000000 1.183216 1.000000 0.000000
 0.827222 1.000000 1.000000 1.000000 1.183216 1.000000 0.000000
 0.828333 1.000000 1.000000 1.000000 1.183216 1.000000 0.000000
 0.829444 1.000000 1.000000 1.000000 1.183216 1.000000 0.000000
 0.830556 1.000000 1.000000 1.000000 1.183216 1.000000 0.000000
 0.831667 1.000000 1.000000 1.000000 1.183216 1.000000 0.000000
 0.832778 1.000000 1.000000 1.000000 1.183216 1.000000 0.000000
 0.833889 1.000000 1.000000 1.000000 1.183216 1.000000 0.000000
 0.835000 1.000000 1.000000 1.000000 1.183216 1.000000 0.000000
 0.836111 1.000000 1.000000 1.000000 1.183216 1.000000 0.000000
 0.837222 1.000000 1.000000 1.000000 1.183216 1.000000 0.000000
 0.838333 1.000000 1.000000 1.000000 1.183216 1.000000 0.000000
 0.839444 1.000000 1.000000 1.000000 1.183216 1.000000 0.000000
 0.840556 1.000000 1.000000 1.000000 1.183216 1.000000 0.000000
 0.841667 1.000000 1.000000 1.000000 1.183216 1.000000 0.000000
 0.842778 1.000000 1.000000 1.000000 1.183216 1.000000 0.000000
 0.843889 1.000000 1.000000 1.000000 1.183216 1.000000 0.000000
 0.845000 1.000000 1.000000 1.000000 1.183216 1.000000 0.000000
 0.846111 1.000000 1.000000 1.000000 1.183216 1.000000 0.000000
 0.847222 1.000000 1.000000 1.000000 1.183216 1.000000 0.000000
 0.848333 1.000000 1.000000 1.000000 1.183216 1.000000 0.000000
 0.849444 1.000000 1.000000 1.000000 1.183216 1.000000 0.000000
 0.850556 1.000000 1.000000 1.000000 1.183216 1.000000 0.000000
 0.851667 1.000000 1.000000 1.000000 1.183216 1.000000 0.000000
 0.852778 1.000000 1.000000 1.000000 1.183216 1.000000 0.000000
 0.853889 1.000000 1.000000 1.000000 1.183216 1.000000 0.000000
 0.855000 1.000000 1.000000 1.000000 1.183216 1.000000 0.000000
 0.856111 1.000000 1.000000 1.000000 1.183216 1.000000 0.000000
 0.857222 1.000000 1.000000 1.000000 1.183216 1.000000 0.000000
 0.858333 1.000000 1.000000 1.000000 1.183216 1.000000 0.000000
 0.859444 1.000000 1.000000 1.000000 1.183216 1.000000 0.000000
 0.860556 1.000000 1.000000 1.000000 1.183216 1.000000 0.000000
 0.861667 1.000000 1.000000 1.000000 1.183216 1.000000 0.000000
 0.862778 1.000000 1.000000 1.000000 1.183216 1.000000 0.000000
 0.863889 1.000000 1.000000 1.000000 1.183216 1.000000 0.000000
 0.865000 1.000000 1.000000 1.000000 1.183216 1.000000 0.000000
 0.866111 1.000000 1.000000 1.000000 1.183216 1.000000 0.000000
 0.867222 1.000000 1.000000 1.000000 1.183216 1.000000 0.000000
 0.868333 1.000000 1.000000 1.000000 1.183216 1.000000 0.000000
 0.869444 1.000000 1.000000 1.000000 1.183216 1.000000 0.000000
 0.870556 1.000000 1.000000 1.000000 1.183216 1.000000 0.000000
 0.871667 1.000000 1.000000 1.000000 1.183216 1.000000 0.000000
 0.872778 1.000000 1.000000 1.000000 1.183216 1.000000 0.000000
 0.873889 1.000000 1.000000 1.000000 1.183216 1.000000 0.000000
 0.875000 1.000000 1.000000 1.000000 1.183216 1.000000 0.000000
 0.876111 1.000000 1.000000 1.000000 1.183216 1.000000 0.000000
 0.877222 1.000000 1.000000 1.000000 1.183216 1.000000 0.000000
 0.878333 1.000000 1.000000 1.000000 1.183216 1.000000 0.000000
 0.879444 1.000000 1.000000 1.000000 1.183216 1.000000 0.000000
 0.880556 1.000000 1.000000 1.000000 1.183216 1.000000 0.000000
 0.881667 1.000000 1.000000 1.000000 1.183216 1.000000 0.000000
 0.882778 1.000000 1.000000 1.000000 1.183216 1.000000 0.000000
 0.883889 1.000000 1.000000 1.000000 1.183216 1.000000 0.000000
 0.885000 1.000000 1.000000 1.000000 1.183216 1.000000 0.000000
 0.886111 1.000000 1.000000 1.000000 1.183216 1.000000 0.000000
 0.887222 1.000000 1.000000 1.000000 1.183216 1.000000 0.000000
 0.888333 1.000000 1.000000 1.000000 1.183216 1.000000 0.000000
 0.889444 1.000000 1.000000 1.000000 1.183216 1.000000 0.000000
 0.890556 1.000000 1.000000 1.000000 1.183216 1.000000 0.000000
 0.891667 1.000000 1.000000 1.000000 1.183216 1.000000 0.000000
 0.892778 1.000000 1.000000 1.000000 1.183216 1.000000 0.000000
 0.893889 1.000000 1.000000 1.000000 1.183216 1.000000 0.000000
 0.895000 1.000000 1.000000 1.000000 1.183216 1.000000 0.000000
 0.896111 1.000000 1.000000 1.000000 1.183216 1.000000 0.000000
 0.897222 1.000000 1.000000 1.000000 1.183216 1.000000 0.000000
 0.898333 1.000000 1.000000 1.000000 1.183216 1.000000 0.000000
 0.899444 1.000000 1.000000 1.000000 1.183216 1.000000 0.000000
 0.900556 1.000000 1.000000 1.000000 1.183216 1.000000 0.000000
 0.901667 1.000000 1.000000 1.000000 1.183216 1.000000 0.000000
 0.902778 1.000000 1.000000 1.000000 1.183216 1.000000 0.000000
 0.903889 1.000000 1.000000 1.000000 1.183216 1.000000 0.000000
 0.905000 1.000000 1.000000 1.000000 1.183216 1.000000 0.000000
 0.906111 1.000000 1.000000 1.000000 1.183216 1.000000 0.000000
 0.907222 1.000000 1.000000 1.000000 1.183216 1.000000 0.000000
 0.908333 1.000000 1.000000 1.000000 1.183216 1.000000 0.000000
 0.909444 1.000000 1.000000 1.000000 1.183216 1.000000 0.000000
 0.910556 1.000000 1.000000 1.000000 1.183216 1.000000 0.000000
 0.911667 1.000000 1.000000 1.000000 1.183216 1.000000 0.000000
 0.912778 1.000000 1.000000 1.000000 1.183216 1.000000 0.000000
 0.913889 1.000000 1.000000 1.000000 1.183216 1.000000 0.000000
 0.915000 1.000000 1.000000 1.000000 1.183216 1.000000 0.000000
 0.916111 1.000000 1.000000 1.000000 1.183216 1.000000 0.000000
 0.917222 1.000000 1.000000 1.000000 1.183216 1.000000 0.000000
 0.918333 1.000000 1.000000 1.000000 1.183216 1.000000 0.000000
 0.919444 1.000000 1.000000 1.000000 1.183216 1.000000 0.000000
 0.920556 1.000000 1.000000 1.000000 1.183216 1.000000 0.000000
 0.921667 1.000000 1.000000 1.000000 1.183216 1.000000 0.000000
 0.922778 1.000000 1.000000 1.000000 1.183216 1.000000 0.000000
 0.923889 1.000000 1.000000 1.000000 1.183216 1.000000 0.000000
 0.925000 1.000000 1.000000 1.000000 1.183216 1.000000 0.000000
 0.926111 1.000000 1.000000 1.000000 1.183216 1.000000 0.000000
 0.927222 1.000000 1.000000 1.000000 1.183216 1.000000 0.000000
 0.928333 1.000000 1.000000 1.000000 1.183216 1.000000 0.000000
 0.929444 1.000000 1.000000 1.000000 1.183216 1.000000 0.000000
 0.930556 1.000000 1.000000 1.000000 1.183216 1.000000 0.000000
 0.931667 1.000000 1.000000 1.000000 1.183216 1.000000 0.000000
 0.932778 1.000000 1.000000 1.000000 1.183216 1.000000 0.000000
 0.933889 1.000000 1.000000 1.000000 1.183216 1.000000 0.000000
 0.935000 1.000000 1.000000 1.000000 1.183216 1.000000 0.000000
 0.936111 1.000000 1.000000 1.000000 1.183216 1.000000 0.000000
 0.937222 1.000000 1.000000 1.000000 1.183216 1.000000 0.000000
 0.938333 1.000000 1.000000 1.000000 1.183216 1.000000 0.000000
 0.939444 1.000000 1.000000 1.000000 1.183216 1.000000 0.000000
 0.940556 1.000000 1.000000 1.000000 1.183216 1.000000 0.000000
 0.941667 1.000000 1.000000 1.000000 1.183216 1.000000 0.000000
 0.942778 1.000000 1.000000 1.000000 1.183216 1.000000 0.000000
 0.943889 1.000000 1.000000 1.000000 1.183216 1.000000 0.000000
 0.945000 1.000000 1.000000 1.000000 1.183216 1.000000 0.000000
 0.946111 1.000000 1.000000 1.000000 1.183216 1.000000 0.000000
 0.947222 1.000000 1.000000 1.000000 1.183216 1.000000 0.000000
 0.948333 1.000000 1.000000 1.000000 1.183216 1.000000 0.000000
 0.949444 1.000000 1.000000 1.000000 1.183216 1.000000 0.000000
 0.950556 1.000000 1.000000 1.000000 1.183216 1.000000 0.000000
 0.951667 1.000000 1.000000 1.000000 1.183216 1.000000 0.000000
 0.952778 1.000000 1.000000 1.000000 1.183216 1.000000 0.000000
 0.953889 1.000000 1.000000 1.000000 1.183216 1.000000 0.000000
 0.955000 1.000000 1.000000 1.000000 1.183216 1.000000 0.000000
 0.956111 1.000000 1.000000 1.000000 1.183216 1.000000 0.000000
 0.957222 1.000000 1.000000 1.000000 1.183216 1.000000 0.000000
 0.958333 1.000000 1.000000 1.000000 1.183216 1.000000 0.000000
 0.959444 1.000000 1.000000 1.000000 1.183216 1.000000 0.000000
 0.960556 1.000000 1.000000 1.000000 1.183216 1.000000 0.000000
 0.961667 1.000000 1.000000 1.000000 1.183216 1.000000 0.000000
 0.962778 1.000000 1.000000 1.000000 1.183216 1.000000 0.000000
 0.963889 1.000000 1.000000 1.000000 1.183216 1.000000 0.000000
 0.965000 1.000000 1.000000 1.000000 1.183216 1.000000 0.000000
 0.966111 1.000000 1.000000 1.000000 1.183216 1.000000 0.000000
 0.967222 1.000000 1.000000 1.000000 1.183216 1.000000 0.000000
 0.968333 1.000000 1.000000 1.000000 1.183216 1.000000 0.000000
 0.969444 1.000000 1.000000 1.000000 1.183216 1.000000 0.000000
 0.970556 1.000000 1.000000 1.000000 1.183216 1.000000 0.000000
 0.971667 1.000000 1.000000 1.000000 1.183216 1.000000 0.000000
 0.972778 1.000000 1.000000 1.000000 1.183216 1.000000 0.000000
 0.973889 1.000000 1.000000 1.000000 1.183216 1.000000 0.000000
 0.975000 1.000000 1.000000 1.000000 1.183216 1.000000 0.000000
 0.976111 1.000000 1.000000 1.000000 1.183216 1.000000 0.000000
 0.977222 1.000000 1.000000 1.000000 1.183216 1.000000 0.000000
 0.978333 1.000000 1.000000 1.000000 1.183216 1.000000 0.000000
 0.979444 1.000000 1.000000 1.000000 1.183216 1.000000 0.000000
 0.980556 1.000000 1.000000 1.000000 1.183216 1.000000 0.000000
 0.981667 1.000000 1.000000 1.000000 1.183216 1.000000 0.000000
 0.982778 1.000000 1.000000 1.000000 1.183216 1.000000 0.000000
 0.983889 1.000000 1.000000 1.000000 1.183216 1.000000 0.000000
 0.985000 1.000000 1.000000 1.000000 1.183216 1.000000 0.000000
 0.986111 1.000000 1.000000 1.000000 1.183216 1.000000 0.000000
 0.987222 1.000000 1.000000 1.000000 1.183216 1.000000 0.000000
 0.988333 1.000000 1.000000 1.000000 1.183216 1.000000 0.000000
 0.989444 1.000000 1.000000 1.000000 1.183216 1.000000 0.000000
 0.990556 1.000000 1.000000 1.000000 1.183216 1.000000 0.000000
 0.991667 1.000000 1.000000 1.000000 1.183216 1.000000 0.000000
 0.992778 1.000000 1.000000 1.000000 1.183216 1.000000 0.000000
 0.993889 1.000000 1.000000 1.000000 1.183216 1.000000 0.000000
 0.995000 1.000000 1.000000 1.000000 1.183216 1.000000 0.000000
 0.996111 1.000000 1.000000 1.000000 1.183216 1.000000 0.000000
 0.997222 1.000000 1.000000 1.000000 1.183216 1.000000 0.000000
 0.998333 1.000000 1.000000 1.000000 1.183216 1.000000 0.000000
 0.999444 1.000000 1.000000 1.000000 1.183216 1.000000 0.000000
