Timer: 0.022494
 0.000556 1.000000 0.750000 1.000000 1.183216 1.000000 0.000000
 0.001667 1.000000 0.750000 1.000000 1.183216 1.000000 0.000000
 0.002778 1.000000 0.750000 1.000000 1.183216 1.000000 0.000000
 0.003889 1.000000 0.750000 1.000000 1.183216 1.000000 0.000000
 0.005000 1.000000 0.750000 1.000000 1.183216 1.000000 0.000000
 0.006111 1.000000 0.750000 1.000000 1.183216 1.000000 0.000000
 0.007222 1.000000 0.750000 1.000000 1.183216 1.000000 0.000000
 0.008333 1.000000 0.750000 1.000000 1.183216 1.000000 0.000000
 0.009444 1.000000 0.750000 1.000000 1.183216 1.000000 0.000000
 0.010556 1.000000 0.750000 1.000000 1.183216 1.000000 0.000000
 0.011667 1.000000 0.750000 1.000000 1.183216 1.000000 0.000000
 0.012778 1.000000 0.750000 1.000000 1.183216 1.000000 0.000000
 0.013889 1.000000 0.750000 1.000000 1.183216 1.000000 0.000000
 0.015000 1.000000 0.750000 1.000000 1.183216 1.000000 0.000000
 0.016111 1.000000 0.750000 1.000000 1.183216 1.000000 0.000000
 0.017222 1.000000 0.750000 1.000000 1.183216 1.000000 0.000000
 0.018333 1.000000 0.750000 1.000000 1.183216 1.000000 0.000000
 0.019444 1.000000 0.750000 1.000000 1.183216 1.000000 0.000000
 0.020556 1.000000 0.750000 1.000000 1.183216 1.000000 0.000000
 0.021667 1.000000 0.750000 1.000000 1.183216 1.000000 0.000000
 0.022778 1.000000 0.750000 1.000000 1.183216 1.000000 0.000000
 0.023889 1.000000 0.750000 1.000000 1.183216 1.000000 0.000000
 0.025000 1.000000 0.750000 1.000000 1.183216 1.000000 0.000000
 0.026111 1.000000 0.750000 1.000000 1.183216 1.000000 0.000000
 0.027222 1.000000 0.750000 1.000000 1.183216 1.000000 0.000000
 0.028333 1.000000 0.750000 1.000000 1.183216 1.000000 0.000000
 0.029444 1.000000 0.750000 1.000000 1.183216 1.000000 0.000000
 0.030556 1.000000 0.750000 1.000000 1.183216 1.000000 0.000000
 0.031667 1.000000 0.750000 1.000000 1.183216 1.000000 0.000000
 0.032778 1.000000 0.750000 1.000000 1.183216 1.000000 0.000000
 0.033889 1.000000 0.750000 1.000000 1.183216 1.000000 0.000000
 0.035000 1.000000 0.750000 1.000000 1.183216 1.000000 0.000000
 0.036111 1.000000 0.750000 1.000000 1.183216 1.000000 0.000000
 0.037222 1.000000 0.750000 1.000000 1.183216 1.000000 0.000000
 0.038333 1.000000 0.750000 1.000000 1.183216 1.000000 0.000000
 0.039444 1.000000 0.750000 1.000000 1.183216 1.000000 0.000000
 0.040556 1.000000 0.750000 1.000000 1.183216 1.000000 0.000000
 0.041667 1.000000 0.750000 1.000000 1.183216 1.000000 0.000000
 0.042778 1.000000 0.750000 1.000000 1.183216 1.000000 0.000000
 0.043889 1.000000 0.750000 1.000000 1.183216 1.000000 0.000000
 0.045000 1.000000 0.750000 1.000000 1.183216 1.000000 0.000000
 0.046111 1.000000 0.750000 1.000000 1.183216 1.000000 0.000000
 0.047222 1.000000 0.750000 1.000000 1.183216 1.000000 0.000000
 0.048333 1.000000 0.750000 1.000000 1.183216 1.000000 0.000000
 0.049444 1.000000 0.750000 1.000000 1.183216 1.000000 0.000000
 0.050556 1.000000 0.750000 1.000000 1.183216 1.000000 0.000000
 0.051667 1.000000 0.750000 1.000000 1.183216 1.000000 0.000000
 0.052778 1.000000 0.750000 1.000000 1.183216 1.000000 0.000000
 0.053889 1.000000 0.750000 1.000000 1.183216 1.000000 0.000000
 0.055000 1.000000 0.750000 1.000000 1.183216 1.000000 0.000000
 0.056111 1.000000 0.750000 1.000000 1.183216 1.000000 0.000000
 0.057222 1.000000 0.750000 1.000000 1.183216 1.000000 0.000000
 0.058333 1.000000 0.750000 1.000000 1.183216 1.000000 0.000000
 0.059444 1.000000 0.750000 1.000000 1.183216 1.000000 0.000000
 0.060556 1.000000 0.750000 1.000000 1.183216 1.000000 0.000000
 0.061667 1.000000 0.750000 1.000000 1.183216 1.000000 0.000000
 0.062778 1.000000 0.750000 1.000000 1.183216 1.000000 0.000000
 0.063889 1.000000 0.750000 1.000000 1.183216 1.000000 0.000000
 0.065000 1.000000 0.750000 1.000000 1.183216 1.000000 0.000000
 0.066111 1.000000 0.750000 1.000000 1.183216 1.000000 0.000000
 0.067222 1.000000 0.750000 1.000000 1.183216 1.000000 0.000000
 0.068333 1.000000 0.750000 1.000000 1.183216 1.000000 0.000000
 0.069444 1.000000 0.750000 1.000000 1.183216 1.000000 0.000000
 0.070556 1.000000 0.750000 1.000000 1.183216 1.000000 0.000000
 0.071667 1.000000 0.750000 1.000000 1.183216 1.000000 0.000000
 0.072778 1.000000 0.750000 1.000000 1.183216 1.000000 0.000000
 0.073889 1.000000 0.750000 1.000000 1.183216 1.000000 0.000000
 0.075000 1.000000 0.750000 1.000000 1.183216 1.000000 0.000000
 0.076111 1.000000 0.750000 1.000000 1.183216 1.000000 0.000000
 0.077222 1.000000 0.750000 1.000000 1.183216 1.000000 0.000000
 0.078333 1.000000 0.750000 1.000000 1.183216 1.000000 0.000000
 0.079444 1.000000 0.750000 1.000000 1.183216 1.000000 0.000000
 0.080556 1.000000 0.750000 1.000000 1.183216 1.000000 0.000000
 0.081667 1.000000 0.750000 1.000000 1.183216 1.000000 0.000000
 0.082778 1.000000 0.750000 1.000000 1.183216 1.000000 0.000000
 0.083889 1.000000 0.750000 1.000000 1.183216 1.000000 0.000000
 0.085000 1.000000 0.750000 1.000000 1.183216 1.000000 0.000000
 0.086111 1.000000 0.750000 1.000000 1.183216 1.000000 0.000000
 0.087222 1.000000 0.750000 1.000000 1.183216 1.000000 0.000000
 0.088333 1.000000 0.750000 1.000000 1.183216 1.000000 0.000000
 0.089444 1.000000 0.750000 1.000000 1.183216 1.000000 0.000000
 0.090556 1.000000 0.750000 1.000000 1.183216 1.000000 0.000000
 0.091667 1.000000 0.750000 1.000000 1.183216 1.000000 0.000000
 0.092778 1.000000 0.750000 1.000000 1.183216 1.000000 0.000000
 0.093889 1.000000 0.750000 1.000000 1.183216 1.000000 0.000000
 0.095000 1.000000 0.750000 1.000000 1.183216 1.000000 0.000000
 0.096111 1.000000 0.750000 1.000000 1.183216 1.000000 0.000000
 0.097222 1.000000 0.750000 1.000000 1.183216 1.000000 0.000000
 0.098333 1.000000 0.750000 1.000000 1.183216 1.000000 0.000000
 0.099444 1.000000 0.750000 1.000000 1.183216 1.000000 0.000000
 0.100556 1.000000 0.750000 1.000000 1.183216 1.000000 0.000000
 0.101667 1.000000 0.750000 1.000000 1.183216 1.000000 0.000000
 0.102778 1.000000 0.750000 1.000000 1.183216 1.000000 0.000000
 0.103889 1.000000 0.750000 1.000000 1.183216 1.000000 0.000000
 0.105000 1.000000 0.750000 1.000000 1.183216 1.000000 0.000000
 0.106111 1.000000 0.750000 1.000000 1.183216 1.000000 0.000000
 0.107222 1.000000 0.750000 1.000000 1.183216 1.000000 0.000000
 0.108333 1.000000 0.750000 1.000000 1.183216 1.000000 0.000000
 0.109444 1.000000 0.750000 1.000000 1.183216 1.000000 0.000000
 0.110556 1.000000 0.750000 1.000000 1.183216 1.000000 0.000000
 0.111667 1.000000 0.750000 1.000000 1.183216 1.000000 0.000000
 0.112778 1.000000 0.750000 1.000000 1.183216 1.000000 0.000000
 0.113889 1.000000 0.750000 1.000000 1.183216 1.000000 0.000000
 0.115000 1.000000 0.750000 1.000000 1.183216 1.000000 0.000000
 0.116111 1.000000 0.750000 1.000000 1.183216 1.000000 0.000000
 0.117222 1.000000 0.750000 1.000000 1.183216 1.000000 0.000000
 0.118333 1.000000 0.750000 1.000000 1.183216 1.000000 0.000000
 0.119444 1.000000 0.750000 1.000000 1.183216 1.000000 0.000000
 0.120556 1.000000 0.750000 1.000000 1.183216 1.000000 0.000000
 0.121667 1.000000 0.750000 1.000000 1.183216 1.000000 0.000000
 0.122778 1.000000 0.750000 1.000000 1.183216 1.000000 0.000000
 0.123889 1.000000 0.750000 1.000000 1.183216 1.000000 0.000000
 0.125000 1.000000 0.750000 1.000000 1.183216 1.000000 0.000000
 0.126111 1.000000 0.750000 1.000000 1.183216 1.000000 0.000000
 0.127222 1.000000 0.750000 1.000000 1.183216 1.000000 0.000000
 0.128333 1.000000 0.750000 1.000000 1.183216 1.000000 0.000000
 0.129444 1.000000 0.750000 1.000000 1.183216 1.000000 0.000000
 0.130556 1.000000 0.750000 1.000000 1.183216 1.000000 0.000000
 0.131667 1.000000 0.750000 1.000000 1.183216 1.000000 0.000000
 0.132778 1.000000 0.750000 1.000000 1.183216 1.000000 0.000000
 0.133889 1.000000 0.750000 1.000000 1.183216 1.000000 0.000000
 0.135000 1.000000 0.750000 1.000000 1.183216 1.000000 0.000000
 0.136111 1.000000 0.750000 1.000000 1.183216 1.000000 0.000000
 0.137222 1.000000 0.750000 1.000000 1.183216 1.000000 0.000000
 0.138333 1.000000 0.750000 1.000000 1.183216 1.000000 0.000000
 0.139444 1.000000 0.750000 1.000000 1.183216 1.000000 0.000000
 0.140556 1.000000 0.750000 1.000000 1.183216 1.000000 0.000000
 0.141667 1.000000 0.750000 1.000000 1.183216 1.000000 0.000000
 0.142778 1.000000 0.750000 1.000000 1.183216 1.000000 0.000000
 0.143889 1.000000 0.750000 1.000000 1.183216 1.000000 0.000000
 0.145000 1.000000 0.750000 1.000000 1.183216 1.000000 0.000000
 0.146111 1.000000 0.750000 1.000000 1.183216 1.000000 0.000000
 0.147222 1.000000 0.750000 1.000000 1.183216 1.000000 0.000000
 0.148333 1.000000 0.750000 1.000000 1.183216 1.000000 0.000000
 0.149444 1.000000 0.750000 1.000000 1.183216 1.000000 0.000000
 0.150556 1.000000 0.750000 1.000000 1.183216 1.000000 0.000000
 0.151667 1.000000 0.750000 1.000000 1.183216 1.000000 0.000000
 0.152778 1.000000 0.750000 1.000000 1.183216 1.000000 0.000000
 0.153889 1.000000 0.750000 1.000000 1.183216 1.000000 0.000000
 0.155000 1.000000 0.750000 1.000000 1.183216 1.000000 0.000000
 0.156111 1.000000 0.750000 1.000000 1.183216 1.000000 0.000000
 0.157222 1.000000 0.750000 1.000000 1.183216 1.000000 0.000000
 0.158333 1.000000 0.750000 1.000000 1.183216 1.000000 0.000000
 0.159444 1.000000 0.750000 1.000000 1.183216 1.000000 0.000000
 0.160556 1.000000 0.750000 1.000000 1.183216 1.000000 0.000000
 0.161667 1.000000 0.750000 1.000000 1.183216 1.000000 0.000000
 0.162778 1.000000 0.750000 1.000000 1.183216 1.000000 0.000000
 0.163889 1.000000 0.750000 1.000000 1.183216 1.000000 0.000000
 0.165000 1.000000 0.750000 1.000000 1.183216 1.000000 0.000000
 0.166111 1.000000 0.750000 1.000000 1.183216 1.000000 0.000000
 0.167222 1.000000 0.750000 1.000000 1.183216 1.000000 0.000000
 0.168333 1.000000 0.750000 1.000000 1.183216 1.000000 0.000000
 0.169444 1.000000 0.750000 1.000000 1.183216 1.000000 0.000000
 0.170556 1.000000 0.750000 1.000000 1.183216 1.000000 0.000000
 0.171667 1.000000 0.750000 1.000000 1.183216 1.000000 0.000000
 0.172778 1.000000 0.750000 1.000000 1.183216 1.000000 0.000000
 0.173889 1.000000 0.750000 1.000000 1.183216 1.000000 0.000000
 0.175000 1.000000 0.750000 1.000000 1.183216 1.000000 0.000000
 0.176111 1.000000 0.750000 1.000000 1.183216 1.000000 0.000000
 0.177222 1.000000 0.750000 1.000000 1.183216 1.000000 0.000000
 0.178333 1.000000 0.750000 1.000000 1.183216 1.000000 0.000000
 0.179444 1.000000 0.750000 1.000000 1.183216 1.000000 0.000000
 0.180556 1.000000 0.750000 1.000000 1.183216 1.000000 0.000000
 0.181667 1.000000 0.750000 1.000000 1.183216 1.000000 0.000000
 0.182778 1.000000 0.750000 1.000000 1.183216 1.000000 0.000000
 0.183889 1.000000 0.750000 1.000000 1.183216 1.000000 0.000000
 0.185000 1.000000 0.750000 1.000000 1.183216 1.000000 0.000000
 0.186111 1.000000 0.750000 1.000000 1.183216 1.000000 0.000000
 0.187222 1.000000 0.750000 1.000000 1.183216 1.000000 0.000000
 0.188333 1.000000 0.750000 1.000000 1.183216 1.000000 0.000000
 0.189444 1.000000 0.750000 1.000000 1.183216 1.000000 0.000000
 0.190556 1.000000 0.750000 1.000000 1.183216 1.000000 0.000000
 0.191667 1.000000 0.750000 1.000000 1.183216 1.000000 0.000000
 0.192778 1.000000 0.750000 1.000000 1.183216 1.000000 0.000000
 0.193889 1.000000 0.750000 1.000000 1.183216 1.000000 0.000000
 0.195000 1.000000 0.750000 1.000000 1.183216 1.000000 0.000000
 0.196111 1.000000 0.750000 1.000000 1.183216 1.000000 0.000000
 0.197222 1.000000 0.750000 1.000000 1.183216 1.000000 0.000000
 0.198333 1.000000 0.750000 1.000000 1.183216 1.000000 0.000000
 0.199444 1.000000 0.750000 1.000000 1.183216 1.000000 0.000000
 0.200556 1.000000 0.750000 1.000000 1.183216 1.000000 0.000000
 0.201667 1.000000 0.750000 1.000000 1.183216 1.000000 0.000000
 0.202778 1.000000 0.750000 1.000000 1.183216 1.000000 0.000000
 0.203889 1.000000 0.750000 1.000000 1.183216 1.000000 0.000000
 0.205000 1.000000 0.750000 1.000000 1.183216 1.000000 0.000000
 0.206111 1.000000 0.750000 1.000000 1.183216 1.000000 0.000000
 0.207222 1.000000 0.750000 1.000000 1.183216 1.000000 0.000000
 0.208333 1.000000 0.750000 1.000000 1.183216 1.000000 0.000000
 0.209444 1.000000 0.750000 1.000000 1.183216 1.000000 0.000000
 0.210556 1.000000 0.750000 1.000000 1.183216 1.000000 0.000000
 0.211667 1.000000 0.750000 1.000000 1.183216 1.000000 0.000000
 0.212778 1.000000 0.750000 1.000000 1.183216 1.000000 0.000000
 0.213889 1.000000 0.750000 1.000000 1.183216 1.000000 0.000000
 0.215000 1.000000 0.750000 1.000000 1.183216 1.000000 0.000000
 0.216111 1.000000 0.750000 1.000000 1.183216 1.000000 0.000000
 0.217222 1.000000 0.750000 1.000000 1.183216 1.000000 0.000000
 0.218333 1.000000 0.750000 1.000000 1.183216 1.000000 0.000000
 0.219444 1.000000 0.750000 1.000000 1.183216 1.000000 0.000000
 0.220556 1.000000 0.750000 1.000000 1.183216 1.000000 0.000000
 0.221667 1.000000 0.750000 1.000000 1.183216 1.000000 0.000000
 0.222778 1.000000 0.750000 1.000000 1.183216 1.000000 0.000000
 0.223889 1.000000 0.750000 1.000000 1.183216 1.000000 0.000000
 0.225000 1.000000 0.750000 1.000000 1.183216 1.000000 0.000000
 0.226111 1.000000 0.750000 1.000000 1.183216 1.000000 0.000000
 0.227222 1.000000 0.750000 1.000000 1.183216 1.000000 0.000000
 0.228333 1.000000 0.750000 1.000000 1.183216 1.000000 0.000000
 0.229444 1.000000 0.750000 1.000000 1.183216 1.000000 0.000000
 0.230556 1.000000 0.750000 1.000000 1.183216 1.000000 0.000000
 0.231667 1.000000 0.750000 1.000000 1.183216 1.000000 0.000000
 0.232778 1.000000 0.750000 1.000000 1.183216 1.000000 0.000000
 0.233889 1.000000 0.750000 1.000000 1.183216 1.000000 0.000000
 0.235000 1.000000 0.750000 1.000000 1.183216 1.000000 0.000000
 0.236111 1.000000 0.750000 1.000000 1.183216 1.000000 0.000000
 0.237222 1.000000 0.750000 1.000000 1.183216 1.000000 0.000000
 0.238333 1.000000 0.750000 1.000000 1.183216 1.000000 0.000000
 0.239444 1.000000 0.750000 1.000000 1.183216 1.000000 0.000000
 0.240556 1.000000 0.750000 1.000000 1.183216 1.000000 0.000000
 0.241667 1.000000 0.750000 1.000000 1.183216 1.000000 0.000000
 0.242778 1.000000 0.750000 1.000000 1.183216 1.000000 0.000000
 0.243889 1.000000 0.750000 1.000000 1.183216 1.000000 0.000000
 0.245000 1.000000 0.750000 1.000000 1.183216 1.000000 0.000000
 0.246111 1.000000 0.750000 1.000000 1.183216 1.000000 0.000000
 0.247222 1.000000 0.750000 1.000000 1.183216 1.000000 0.000000
 0.248333 1.000000 0.750000 1.000000 1.183216 1.000000 0.000000
 0.249444 1.000000 0.750000 1.000000 1.183216 1.000000 0.000000
 0.250556 1.000000 0.750000 1.000000 1.183216 1.000000 0.000000
 0.251667 1.000000 0.750000 1.000000 1.183216 1.000000 0.000000
 0.252778 1.000000 0.750000 1.000000 1.183216 1.000000 0.000000
 0.253889 1.000000 0.750000 1.000000 1.183216 1.000000 0.000000
 0.255000 1.000000 0.750000 1.000000 1.183216 1.000000 0.000000
 0.256111 1.000000 0.750000 1.000000 1.183216 1.000000 0.000000
 0.257222 1.000000 0.750000 1.000000 1.183216 1.000000 0.000000
 0.258333 1.000000 0.750000 1.000000 1.183216 1.000000 0.000000
 0.259444 1.000000 0.750000 1.000000 1.183216 1.000000 0.000000
 0.260556 1.000000 0.750000 1.000000 1.183216 1.000000 0.000000
 0.261667 1.000000 0.750000 1.000000 1.183216 1.000000 0.000000
 0.262778 1.000000 0.750000 1.000000 1.183216 1.000000 0.000000
 0.263889 1.000000 0.750000 1.000000 1.183216 1.000000 0.000000
 0.265000 1.000000 0.750000 1.000000 1.183216 1.000000 0.000000
 0.266111 1.000000 0.750000 1.000000 1.183216 1.000000 0.000000
 0.267222 1.000000 0.750000 1.000000 1.183216 1.000000 0.000000
 0.268333 1.000000 0.750000 1.000000 1.183216 1.000000 0.000000
 0.269444 1.000000 0.750000 1.000000 1.183216 1.000000 0.000000
 0.270556 1.000000 0.750000 1.000000 1.183216 1.000000 0.000000
 0.271667 1.000000 0.750000 1.000000 1.183216 1.000000 0.000000
 0.272778 1.000000 0.750000 1.000000 1.183216 1.000000 0.000000
 0.273889 0.999999 0.750001 0.999999 1.183216 1.000000 0.000000
 0.275000 0.999998 0.750002 0.999997 1.183215 1.000000 0.000000
 0.276111 0.999994 0.750007 0.999991 1.183214 1.000000 0.000000
 0.277222 0.999983 0.750021 0.999976 1.183212 1.000000 0.000000
 0.278333 0.999954 0.750055 0.999935 1.183205 1.000000 0.000000
 0.279444 0.999883 0.750138 0.999836 1.183188 1.000000 0.000000
 0.280556 0.999722 0.750329 0.999611 1.183150 1.000000 0.000000
 0.281667 0.999378 0.750737 0.999129 1.183069 1.000000 0.000000
 0.282778 0.998689 0.751551 0.998166 1.182906 1.000000 0.000000
 0.283889 0.997408 0.753069 0.996374 1.182603 1.000001 0.000000
 0.285000 0.995187 0.755703 0.993270 1.182076 1.000003 0.000000
 0.286111 0.991600 0.759964 0.988267 1.181226 1.000007 0.000000
 0.287222 0.986198 0.766403 0.980748 1.179942 1.000017 0.000000
 0.288333 0.978577 0.775531 0.970170 1.178123 1.000034 0.000000
 0.289444 0.968452 0.787742 0.956173 1.175691 1.000062 0.000000
 0.290556 0.955697 0.803265 0.938628 1.172602 1.000104 0.000000
 0.291667 0.940350 0.822158 0.917646 1.168845 1.000161 0.000000
 0.292778 0.922579 0.844343 0.893523 1.164435 1.000232 0.000000
 0.293889 0.902633 0.869653 0.866668 1.159404 1.000316 0.000000
 0.295000 0.880786 0.897897 0.837521 1.153790 1.000408 0.000000
 0.296111 0.857278 0.928927 0.806473 1.147620 1.000506 0.000000
 0.297222 0.832256 0.962725 0.773788 1.140897 1.000604 0.000000
 0.298333 0.805634 0.999604 0.739428 1.133556 1.000698 0.000000
 0.299444 0.776574 1.041013 0.702419 1.125306 1.000783 0.000000
 0.300556 0.690105 1.172234 0.595458 1.099087 1.000852 0.000000
 0.301667 0.667419 1.208773 0.568283 1.091810 1.000937 0.000000
 0.302778 0.647797 1.241169 0.545084 1.085366 1.001034 0.000000
 0.303889 0.630542 1.270297 0.524921 1.079578 1.001139 0.000000
 0.305000 0.615622 1.295993 0.507669 1.074477 1.001245 0.000000
 0.306111 0.603187 1.317787 0.493420 1.070154 1.001345 0.000000
 0.307222 0.593393 1.335199 0.482284 1.066705 1.001437 0.000000
 0.308333 0.586271 1.347995 0.474239 1.064176 1.001520 0.000000
 0.309444 0.581624 1.356392 0.469023 1.062526 1.001601 0.000000
 0.310556 0.579008 1.361114 0.466111 1.061614 1.001686 0.000000
 0.311667 0.577822 1.363211 0.464822 1.061232 1.001786 0.000000
 0.312778 0.577473 1.363752 0.464490 1.061173 1.001918 0.000000
 0.313889 0.577494 1.363562 0.464605 1.061285 1.002115 0.000000
 0.315000 0.577585 1.363140 0.464862 1.061495 1.002447 0.000000
 0.316111 0.577565 1.362720 0.465118 1.061806 1.003049 0.000000
 0.317222 0.577292 1.362374 0.465329 1.062297 1.004167 0.000000
 0.318333 0.576598 1.362108 0.465491 1.063121 1.006209 0.000000
 0.319444 0.575242 1.361904 0.465614 1.064515 1.009800 0.000000
 0.320556 0.572884 1.361745 0.465709 1.066812 1.015830 0.000000
 0.321667 0.569100 1.361617 0.465785 1.070440 1.025465 0.000000
 0.322778 0.563411 1.361513 0.465846 1.075902 1.040129 0.000000
 0.323889 0.555352 1.361425 0.465896 1.083739 1.061436 0.000000
 0.325000 0.544564 1.361350 0.465938 1.094469 1.091087 0.000000
 0.326111 0.530890 1.361285 0.465973 1.108516 1.130717 0.000000
 0.327222 0.514450 1.361228 0.466002 1.126124 1.181701 0.000000
 0.328333 0.495673 1.361177 0.466026 1.147285 1.244906 0.000000
 0.329444 0.475278 1.361130 0.466045 1.171667 1.320388 0.000000
 0.330556 0.454186 1.361088 0.466061 1.198583 1.407067 0.000000
 0.331667 0.433402 1.361047 0.466073 1.227002 1.502470 0.000000
 0.332778 0.413872 1.361007 0.466081 1.255631 1.602690 0.000000
 0.333889 0.396360 1.360964 0.466084 1.283073 1.702701 0.000000
 0.335000 0.381375 1.360913 0.466081 1.308034 1.797088 0.000000
 0.336111 0.369131 1.360844 0.466067 1.329529 1.881030 0.000000
 0.337222 0.359579 1.360734 0.466032 1.347022 1.951208 0.000000
 0.338333 0.352456 1.360536 0.465953 1.360451 2.006299 0.000000
 0.339444 0.347358 1.360145 0.465782 1.370146 2.046893 0.000000
 0.340556 0.343799 1.359329 0.465410 1.376670 2.074959 0.000000
 0.341667 0.341237 1.357578 0.464598 1.380621 2.093142 0.000000
 0.342778 0.339036 1.353772 0.462825 1.382449 2.104127 0.000000
 0.343889 0.336321 1.345481 0.458971 1.382229 2.110233 0.000000
 0.345000 0.331649 1.327487 0.450697 1.379326 2.113170 0.000000
 0.346111 0.322440 1.288893 0.433391 1.371764 2.113740 0.000000
 0.347222 0.304308 1.208166 0.399081 1.354995 2.110678 0.000000
 0.348333 0.271637 1.048332 0.338082 1.320020 2.096222 0.000000
 0.349444 0.223047 0.769118 0.250492 1.253900 2.046627 0.000000
 0.350556 0.171775 0.402261 0.164807 1.158968 1.941023 0.000000
 0.351667 0.139393 0.126101 0.117607 1.086825 1.855644 0.000000
 0.352778 0.128067 0.026256 0.103505 1.063715 1.838853 0.000000
 0.353889 0.125557 0.004723 0.100626 1.059250 1.837948 0.000000
 0.355000 0.125097 0.000823 0.100109 1.058465 1.837918 0.000000
 0.356111 0.125017 0.000142 0.100019 1.058329 1.837917 0.000000
 0.357222 0.125003 0.000025 0.100003 1.058305 1.837917 0.000000
 0.358333 0.125001 0.000004 0.100001 1.058301 1.837917 0.000000
 0.359444 0.125000 0.000001 0.100000 1.058301 1.837917 0.000000
 0.360556 0.125000 0.000000 0.100000 1.058301 1.837917 0.000000
 0.361667 0.125000 0.000000 0.100000 1.058301 1.837917 0.000000
 0.362778 0.125000 0.000000 0.100000 1.058301 1.837917 0.000000
 0.363889 0.125000 0.000000 0.100000 1.058301 1.837917 0.000000
 0.365000 0.125000 0.000000 0.100000 1.058301 1.837917 0.000000
 0.366111 0.125000 0.000000 0.100000 1.058301 1.837917 0.000000
 0.367222 0.125000 0.000000 0.100000 1.058301 1.837917 0.000000
 0.368333 0.125000 0.000000 0.100000 1.058301 1.837917 0.000000
 0.369444 0.125000 0.000000 0.100000 1.058301 1.837917 0.000000
 0.370556 0.125000 0.000000 0.100000 1.058301 1.837917 0.000000
 0.371667 0.125000 0.000000 0.100000 1.058301 1.837917 0.000000
 0.372778 0.125000 0.000000 0.100000 1.058301 1.837917 0.000000
 0.373889 0.125000 0.000000 0.100000 1.058301 1.837917 0.000000
 0.375000 0.125000 0.000000 0.100000 1.058301 1.837917 0.000000
 0.376111 0.125000 0.000000 0.100000 1.058301 1.837917 0.000000
 0.377222 0.125000 0.000000 0.100000 1.058301 1.837917 0.000000
 0.378333 0.125000 0.000000 0.100000 1.058301 1.837917 0.000000
 0.379444 0.125000 0.000000 0.100000 1.058301 1.837917 0.000000
 0.380556 0.125000 0.000000 0.100000 1.058301 1.837917 0.000000
 0.381667 0.125000 0.000000 0.100000 1.058301 1.837917 0.000000
 0.382778 0.125000 0.000000 0.100000 1.058301 1.837917 0.000000
 0.383889 0.125000 0.000000 0.100000 1.058301 1.837917 0.000000
 0.385000 0.125000 0.000000 0.100000 1.058301 1.837917 0.000000
 0.386111 0.125000 0.000000 0.100000 1.058301 1.837917 0.000000
 0.387222 0.125000 0.000000 0.100000 1.058301 1.837917 0.000000
 0.388333 0.125000 0.000000 0.100000 1.058301 1.837917 0.000000
 0.389444 0.125000 0.000000 0.100000 1.058301 1.837917 0.000000
 0.390556 0.125000 0.000000 0.100000 1.058301 1.837917 0.000000
 0.391667 0.125000 0.000000 0.100000 1.058301 1.837917 0.000000
 0.392778 0.125000 0.000000 0.100000 1.058301 1.837917 0.000000
 0.393889 0.125000 0.000000 0.100000 1.058301 1.837917 0.000000
 0.395000 0.125000 0.000000 0.100000 1.058301 1.837917 0.000000
 0.396111 0.125000 0.000000 0.100000 1.058301 1.837917 0.000000
 0.397222 0.125000 0.000000 0.100000 1.058301 1.837917 0.000000
 0.398333 0.125000 0.000000 0.100000 1.058301 1.837917 0.000000
 0.399444 0.125000 0.000000 0.100000 1.058301 1.837917 0.000000
 0.400556 0.125000 0.000000 0.100000 1.058301 1.837917 0.000000
 0.401667 0.125000 0.000000 0.100000 1.058301 1.837917 0.000000
 0.402778 0.125000 0.000000 0.100000 1.058301 1.837917 0.000000
 0.403889 0.125000 0.000000 0.100000 1.058301 1.837917 0.000000
 0.405000 0.125000 0.000000 0.100000 1.058301 1.837917 0.000000
 0.406111 0.125000 0.000000 0.100000 1.058301 1.837917 0.000000
 0.407222 0.125000 0.000000 0.100000 1.058301 1.837917 0.000000
 0.408333 0.125000 0.000000 0.100000 1.058301 1.837917 0.000000
 0.409444 0.125000 0.000000 0.100000 1.058301 1.837917 0.000000
 0.410556 0.125000 0.000000 0.100000 1.058301 1.837917 0.000000
 0.411667 0.125000 0.000000 0.100000 1.058301 1.837917 0.000000
 0.412778 0.125000 0.000000 0.100000 1.058301 1.837917 0.000000
 0.413889 0.125000 0.000000 0.100000 1.058301 1.837917 0.000000
 0.415000 0.125000 0.000000 0.100000 1.058301 1.837917 0.000000
 0.416111 0.125000 0.000000 0.100000 1.058301 1.837917 0.000000
 0.417222 0.125000 0.000000 0.100000 1.058301 1.837917 0.000000
 0.418333 0.125000 0.000000 0.100000 1.058301 1.837917 0.000000
 0.419444 0.125000 0.000000 0.100000 1.058301 1.837917 0.000000
 0.420556 0.125000 0.000000 0.100000 1.058301 1.837917 0.000000
 0.421667 0.125000 0.000000 0.100000 1.058301 1.837917 0.000000
 0.422778 0.125000 0.000000 0.100000 1.058301 1.837917 0.000000
 0.423889 0.125000 0.000000 0.100000 1.058301 1.837917 0.000000
 0.425000 0.125000 0.000000 0.100000 1.058301 1.837917 0.000000
 0.426111 0.125000 0.000000 0.100000 1.058301 1.837917 0.000000
 0.427222 0.125000 0.000000 0.100000 1.058301 1.837917 0.000000
 0.428333 0.125000 0.000000 0.100000 1.058301 1.837917 0.000000
 0.429444 0.125000 0.000000 0.100000 1.058301 1.837917 0.000000
 0.430556 0.125000 0.000000 0.100000 1.058301 1.837917 0.000000
 0.431667 0.125000 0.000000 0.100000 1.058301 1.837917 0.000000
 0.432778 0.125000 0.000000 0.100000 1.058301 1.837917 0.000000
 0.433889 0.125000 0.000000 0.100000 1.058301 1.837917 0.000000
 0.435000 0.125000 0.000000 0.100000 1.058301 1.837917 0.000000
 0.436111 0.125000 0.000000 0.100000 1.058301 1.837917 0.000000
 0.437222 0.125000 0.000000 0.100000 1.058301 1.837917 0.000000
 0.438333 0.125000 0.000000 0.100000 1.058301 1.837917 0.000000
 0.439444 0.125000 0.000000 0.100000 1.058301 1.837917 0.000000
 0.440556 0.125000 0.000000 0.100000 1.058301 1.837917 0.000000
 0.441667 0.125000 0.000000 0.100000 1.058301 1.837917 0.000000
 0.442778 0.125000 0.000000 0.100000 1.058301 1.837917 0.000000
 0.443889 0.125000 0.000000 0.100000 1.058301 1.837917 0.000000
 0.445000 0.125000 0.000000 0.100000 1.058301 1.837917 0.000000
 0.446111 0.125000 0.000000 0.100000 1.058301 1.837917 0.000000
 0.447222 0.125000 0.000000 0.100000 1.058301 1.837917 0.000000
 0.448333 0.125000 0.000000 0.100000 1.058301 1.837917 0.000000
 0.449444 0.125000 0.000000 0.100000 1.058301 1.837917 0.000000
 0.450556 0.125000 0.000000 0.100000 1.058301 1.837917 0.000000
 0.451667 0.125000 0.000000 0.100000 1.058301 1.837917 0.000000
 0.452778 0.125000 0.000000 0.100000 1.058301 1.837917 0.000000
 0.453889 0.125000 0.000000 0.100000 1.058301 1.837917 0.000000
 0.455000 0.125000 0.000000 0.100000 1.058301 1.837917 0.000000
 0.456111 0.125000 0.000000 0.100000 1.058301 1.837917 0.000000
 0.457222 0.125000 0.000000 0.100000 1.058301 1.837917 0.000000
 0.458333 0.125000 0.000000 0.100000 1.058301 1.837917 0.000000
 0.459444 0.125000 0.000000 0.100000 1.058301 1.837917 0.000000
 0.460556 0.125000 0.000000 0.100000 1.058301 1.837917 0.000000
 0.461667 0.125000 0.000000 0.100000 1.058301 1.837917 0.000000
 0.462778 0.125000 0.000000 0.100000 1.058301 1.837917 0.000000
 0.463889 0.125000 0.000000 0.100000 1.058301 1.837917 0.000000
 0.465000 0.125000 0.000000 0.100000 1.058301 1.837917 0.000000
 0.466111 0.125000 0.000000 0.100000 1.058301 1.837917 0.000000
 0.467222 0.125000 0.000000 0.100000 1.058301 1.837917 0.000000
 0.468333 0.125000 0.000000 0.100000 1.058301 1.837917 0.000000
 0.469444 0.125000 0.000000 0.100000 1.058301 1.837917 0.000000
 0.470556 0.125000 0.000000 0.100000 1.058301 1.837917 0.000000
 0.471667 0.125000 0.000000 0.100000 1.058301 1.837917 0.000000
 0.472778 0.125000 0.000000 0.100000 1.058301 1.837917 0.000000
 0.473889 0.125000 0.000000 0.100000 1.058301 1.837917 0.000000
 0.475000 0.125000 0.000000 0.100000 1.058301 1.837917 0.000000
 0.476111 0.125000 0.000000 0.100000 1.058301 1.837917 0.000000
 0.477222 0.125000 0.000000 0.100000 1.058301 1.837917 0.000000
 0.478333 0.125000 0.000000 0.100000 1.058301 1.837917 0.000000
 0.479444 0.125000 0.000000 0.100000 1.058301 1.837917 0.000000
 0.480556 0.125000 0.000000 0.100000 1.058301 1.837917 0.000000
 0.481667 0.125000 0.000000 0.100000 1.058301 1.837917 0.000000
 0.482778 0.125000 0.000000 0.100000 1.058301 1.837917 0.000000
 0.483889 0.125000 0.000000 0.100000 1.058301 1.837917 0.000000
 0.485000 0.125000 0.000000 0.100000 1.058301 1.837917 0.000000
 0.486111 0.125000 0.000000 0.100000 1.058301 1.837917 0.000000
 0.487222 0.125000 0.000000 0.100000 1.058301 1.837917 0.000000
 0.488333 0.125000 0.000000 0.100000 1.058301 1.837917 0.000000
 0.489444 0.125000 0.000000 0.100000 1.058301 1.837917 0.000000
 0.490556 0.125000 0.000000 0.100000 1.058301 1.837917 0.000000
 0.491667 0.125000 0.000000 0.100000 1.058301 1.837917 0.000000
 0.492778 0.125000 0.000000 0.100000 1.058301 1.837917 0.000000
 0.493889 0.125000 0.000000 0.100000 1.058301 1.837917 0.000000
 0.495000 0.125000 0.000000 0.100000 1.058301 1.837917 0.000000
 0.496111 0.125000 0.000000 0.100000 1.058301 1.837917 0.000000
 0.497222 0.125000 0.000000 0.100000 1.058301 1.837917 0.000000
 0.498333 0.125000 0.000000 0.100000 1.058301 1.837917 0.000000
 0.499444 0.125000 0.000000 0.100000 1.058301 1.837917 0.000000
 0.500556 0.125000 0.000000 0.100000 1.058301 1.837917 0.000000
 0.501667 0.125000 0.000000 0.100000 1.058301 1.837917 0.000000
 0.502778 0.125000 0.000000 0.100000 1.058301 1.837917 0.000000
 0.503889 0.125000 0.000000 0.100000 1.058301 1.837917 0.000000
 0.505000 0.125000 0.000000 0.100000 1.058301 1.837917 0.000000
 0.506111 0.125000 0.000000 0.100000 1.058301 1.837917 0.000000
 0.507222 0.125000 0.000000 0.100000 1.058301 1.837917 0.000000
 0.508333 0.125000 0.000000 0.100000 1.058301 1.837917 0.000000
 0.509444 0.125000 0.000000 0.100000 1.058301 1.837917 0.000000
 0.510556 0.125000 0.000000 0.100000 1.058301 1.837917 0.000000
 0.511667 0.125000 0.000000 0.100000 1.058301 1.837917 0.000000
 0.512778 0.125000 0.000000 0.100000 1.058301 1.837917 0.000000
 0.513889 0.125000 0.000000 0.100000 1.058301 1.837917 0.000000
 0.515000 0.125000 0.000000 0.100000 1.058301 1.837917 0.000000
 0.516111 0.125000 0.000000 0.100000 1.058301 1.837917 0.000000
 0.517222 0.125000 0.000000 0.100000 1.058301 1.837917 0.000000
 0.518333 0.125000 0.000000 0.100000 1.058301 1.837917 0.000000
 0.519444 0.125000 0.000000 0.100000 1.058301 1.837917 0.000000
 0.520556 0.125000 0.000000 0.100000 1.058301 1.837917 0.000000
 0.521667 0.125000 0.000000 0.100000 1.058301 1.837917 0.000000
 0.522778 0.125000 0.000000 0.100000 1.058301 1.837917 0.000000
 0.523889 0.125000 0.000000 0.100000 1.058301 1.837917 0.000000
 0.525000 0.125000 0.000000 0.100000 1.058301 1.837917 0.000000
 0.526111 0.125000 0.000000 0.100000 1.058301 1.837917 0.000000
 0.527222 0.125000 0.000000 0.100000 1.058301 1.837917 0.000000
 0.528333 0.125000 0.000000 0.100000 1.058301 1.837917 0.000000
 0.529444 0.125000 0.000000 0.100000 1.058301 1.837917 0.000000
 0.530556 0.125000 0.000000 0.100000 1.058301 1.837917 0.000000
 0.531667 0.125000 0.000000 0.100000 1.058301 1.837917 0.000000
 0.532778 0.125000 0.000000 0.100000 1.058301 1.837917 0.000000
 0.533889 0.125000 0.000000 0.100000 1.058301 1.837917 0.000000
 0.535000 0.125000 0.000000 0.100000 1.058301 1.837917 0.000000
 0.536111 0.125000 0.000000 0.100000 1.058301 1.837917 0.000000
 0.537222 0.125000 0.000000 0.100000 1.058301 1.837917 0.000000
 0.538333 0.125000 0.000000 0.100000 1.058301 1.837917 0.000000
 0.539444 0.125000 0.000000 0.100000 1.058301 1.837917 0.000000
 0.540556 0.125000 0.000000 0.100000 1.058301 1.837917 0.000000
 0.541667 0.125000 0.000000 0.100000 1.058301 1.837917 0.000000
 0.542778 0.125000 0.000000 0.100000 1.058301 1.837917 0.000000
 0.543889 0.125000 0.000000 0.100000 1.058301 1.837917 0.000000
 0.545000 0.125000 0.000000 0.100000 1.058301 1.837917 0.000000
 0.546111 0.125000 0.000000 0.100000 1.058301 1.837917 0.000000
 0.547222 0.125000 0.000000 0.100000 1.058301 1.837917 0.000000
 0.548333 0.125000 0.000000 0.100000 1.058301 1.837917 0.000000
 0.549444 0.125000 0.000000 0.100000 1.058301 1.837917 0.000000
 0.550556 0.125000 0.000000 0.100000 1.058301 1.837917 0.000000
 0.551667 0.125000 0.000000 0.100000 1.058301 1.837917 0.000000
 0.552778 0.125000 0.000000 0.100000 1.058301 1.837917 0.000000
 0.553889 0.125000 0.000000 0.100000 1.058301 1.837917 0.000000
 0.555000 0.125000 0.000000 0.100000 1.058301 1.837917 0.000000
 0.556111 0.125000 0.000000 0.100000 1.058301 1.837917 0.000000
 0.557222 0.125000 0.000000 0.100000 1.058301 1.837917 0.000000
 0.558333 0.125000 0.000000 0.100000 1.058301 1.837917 0.000000
 0.559444 0.125000 0.000000 0.100000 1.058301 1.837917 0.000000
 0.560556 0.125000 0.000000 0.100000 1.058301 1.837917 0.000000
 0.561667 0.125000 0.000000 0.100000 1.058301 1.837917 0.000000
 0.562778 0.125000 0.000000 0.100000 1.058301 1.837917 0.000000
 0.563889 0.125000 0.000000 0.100000 1.058301 1.837917 0.000000
 0.565000 0.125000 0.000000 0.100000 1.058301 1.837917 0.000000
 0.566111 0.125000 0.000000 0.100000 1.058301 1.837917 0.000000
 0.567222 0.125000 0.000000 0.100000 1.058301 1.837917 0.000000
 0.568333 0.125000 0.000000 0.100000 1.058301 1.837917 0.000000
 0.569444 0.125000 0.000000 0.100000 1.058301 1.837917 0.000000
 0.570556 0.125000 0.000000 0.100000 1.058301 1.837917 0.000000
 0.571667 0.125000 0.000000 0.100000 1.058301 1.837917 0.000000
 0.572778 0.125000 0.000000 0.100000 1.058301 1.837917 0.000000
 0.573889 0.125000 0.000000 0.100000 1.058301 1.837917 0.000000
 0.575000 0.125000 0.000000 0.100000 1.058301 1.837917 0.000000
 0.576111 0.125000 0.000000 0.100000 1.058301 1.837917 0.000000
 0.577222 0.125000 0.000000 0.100000 1.058301 1.837917 0.000000
 0.578333 0.125000 0.000000 0.100000 1.058301 1.837917 0.000000
 0.579444 0.125000 0.000000 0.100000 1.058301 1.837917 0.000000
 0.580556 0.125000 0.000000 0.100000 1.058301 1.837917 0.000000
 0.581667 0.125000 0.000000 0.100000 1.058301 1.837917 0.000000
 0.582778 0.125000 0.000000 0.100000 1.058301 1.837917 0.000000
 0.583889 0.125000 0.000000 0.100000 1.058301 1.837917 0.000000
 0.585000 0.125000 0.000000 0.100000 1.058301 1.837917 0.000000
 0.586111 0.125000 0.000000 0.100000 1.058301 1.837917 0.000000
 0.587222 0.125000 0.000000 0.100000 1.058301 1.837917 0.000000
 0.588333 0.125000 0.000000 0.100000 1.058301 1.837917 0.000000
 0.589444 0.125000 0.000000 0.100000 1.058301 1.837917 0.000000
 0.590556 0.125000 0.000000 0.100000 1.058301 1.837917 0.000000
 0.591667 0.125000 0.000000 0.100000 1.058301 1.837917 0.000000
 0.592778 0.125000 0.000000 0.100000 1.058301 1.837917 0.000000
 0.593889 0.125000 0.000000 0.100000 1.058301 1.837917 0.000000
 0.595000 0.125000 0.000000 0.100000 1.058301 1.837917 0.000000
 0.596111 0.125000 0.000000 0.100000 1.058301 1.837917 0.000000
 0.597222 0.125000 0.000000 0.100000 1.058301 1.837917 0.000000
 0.598333 0.125000 0.000000 0.100000 1.058301 1.837917 0.000000
 0.599444 0.125000 0.000000 0.100000 1.058301 1.837917 0.000000
 0.600556 0.125000 0.000000 0.100000 1.058301 1.837917 0.000000
 0.601667 0.125000 0.000000 0.100000 1.058301 1.837917 0.000000
 0.602778 0.125000 0.000000 0.100000 1.058301 1.837917 0.000000
 0.603889 0.125000 0.000000 0.100000 1.058301 1.837917 0.000000
 0.605000 0.125000 0.000000 0.100000 1.058301 1.837917 0.000000
 0.606111 0.125000 0.000000 0.100000 1.058301 1.837917 0.000000
 0.607222 0.125000 0.000000 0.100000 1.058301 1.837917 0.000000
 0.608333 0.125000 0.000000 0.100000 1.058301 1.837917 0.000000
 0.609444 0.125000 0.000000 0.100000 1.058301 1.837917 0.000000
 0.610556 0.125000 0.000000 0.100000 1.058301 1.837917 0.000000
 0.611667 0.125000 0.000000 0.100000 1.058301 1.837917 0.000000
 0.612778 0.125000 0.000000 0.100000 1.058301 1.837917 0.000000
 0.613889 0.125000 0.000000 0.100000 1.058301 1.837917 0.000000
 0.615000 0.125000 0.000000 0.100000 1.058301 1.837917 0.000000
 0.616111 0.125000 0.000000 0.100000 1.058301 1.837917 0.000000
 0.617222 0.125000 0.000000 0.100000 1.058301 1.837917 0.000000
 0.618333 0.125000 0.000000 0.100000 1.058301 1.837917 0.000000
 0.619444 0.125000 0.000000 0.100000 1.058301 1.837917 0.000000
 0.620556 0.125000 0.000000 0.100000 1.058301 1.837917 0.000000
 0.621667 0.125000 0.000000 0.100000 1.058301 1.837917 0.000000
 0.622778 0.125000 0.000000 0.100000 1.058301 1.837917 0.000000
 0.623889 0.125000 0.000000 0.100000 1.058301 1.837917 0.000000
 0.625000 0.125000 0.000000 0.100000 1.058301 1.837917 0.000000
 0.626111 0.125000 0.000000 0.100000 1.058301 1.837917 0.000000
 0.627222 0.125000 0.000000 0.100000 1.058301 1.837917 0.000000
 0.628333 0.125000 0.000000 0.100000 1.058301 1.837917 0.000000
 0.629444 0.125000 0.000000 0.100000 1.058301 1.837917 0.000000
 0.630556 0.125000 0.000000 0.100000 1.058301 1.837917 0.000000
 0.631667 0.125000 0.000000 0.100000 1.058301 1.837917 0.000000
 0.632778 0.125000 0.000000 0.100000 1.058301 1.837917 0.000000
 0.633889 0.125000 0.000000 0.100000 1.058301 1.837917 0.000000
 0.635000 0.125000 0.000000 0.100000 1.058301 1.837917 0.000000
 0.636111 0.125000 0.000000 0.100000 1.058301 1.837917 0.000000
 0.637222 0.125000 0.000000 0.100000 1.058301 1.837917 0.000000
 0.638333 0.125000 0.000000 0.100000 1.058301 1.837917 0.000000
 0.639444 0.125000 0.000000 0.100000 1.058301 1.837917 0.000000
 0.640556 0.125000 0.000000 0.100000 1.058301 1.837917 0.000000
 0.641667 0.125000 0.000000 0.100000 1.058301 1.837917 0.000000
 0.642778 0.125000 0.000000 0.100000 1.058301 1.837917 0.000000
 0.643889 0.125000 0.000000 0.100000 1.058301 1.837917 0.000000
 0.645000 0.125000 0.000000 0.100000 1.058301 1.837917 0.000000
 0.646111 0.125000 0.000000 0.100000 1.058301 1.837917 0.000000
 0.647222 0.125000 0.000000 0.100000 1.058301 1.837917 0.000000
 0.648333 0.125000 0.000000 0.100000 1.058301 1.837917 0.000000
 0.649444 0.125000 0.000000 0.100000 1.058301 1.837917 0.000000
 0.650556 0.125000 0.000000 0.100000 1.058301 1.837917 0.000000
 0.651667 0.125000 0.000000 0.100000 1.058301 1.837917 0.000000
 0.652778 0.125000 0.000000 0.100000 1.058301 1.837917 0.000000
 0.653889 0.125000 0.000000 0.100000 1.058301 1.837917 0.000000
 0.655000 0.125000 0.000000 0.100000 1.058301 1.837917 0.000000
 0.656111 0.125000 0.000000 0.100000 1.058301 1.837917 0.000000
 0.657222 0.125000 0.000000 0.100000 1.058301 1.837917 0.000000
 0.658333 0.125000 0.000000 0.100000 1.058301 1.837917 0.000000
 0.659444 0.125000 0.000000 0.100000 1.058301 1.837917 0.000000
 0.660556 0.125000 0.000000 0.100000 1.058301 1.837917 0.000000
 0.661667 0.125000 0.000000 0.100000 1.058301 1.837917 0.000000
 0.662778 0.125000 0.000000 0.100000 1.058301 1.837917 0.000000
 0.663889 0.125000 0.000000 0.100000 1.058301 1.837917 0.000000
 0.665000 0.125000 0.000000 0.100000 1.058301 1.837917 0.000000
 0.666111 0.125000 0.000000 0.100000 1.058301 1.837917 0.000000
 0.667222 0.125000 0.000000 0.100000 1.058301 1.837917 0.000000
 0.668333 0.125000 0.000000 0.100000 1.058301 1.837917 0.000000
 0.669444 0.125000 0.000000 0.100000 1.058301 1.837917 0.000000
 0.670556 0.125000 0.000000 0.100000 1.058301 1.837917 0.000000
 0.671667 0.125000 0.000000 0.100000 1.058301 1.837917 0.000000
 0.672778 0.125000 0.000000 0.100000 1.058301 1.837917 0.000000
 0.673889 0.125000 0.000000 0.100000 1.058301 1.837917 0.000000
 0.675000 0.125000 0.000000 0.100000 1.058301 1.837917 0.000000
 0.676111 0.125000 0.000000 0.100000 1.058301 1.837917 0.000000
 0.677222 0.125000 0.000000 0.100000 1.058301 1.837917 0.000000
 0.678333 0.125000 0.000000 0.100000 1.058301 1.837917 0.000000
 0.679444 0.125000 0.000000 0.100000 1.058301 1.837917 0.000000
 0.680556 0.125000 0.000000 0.100000 1.058301 1.837917 0.000000
 0.681667 0.125000 0.000000 0.100000 1.058301 1.837917 0.000000
 0.682778 0.125000 0.000000 0.100000 1.058301 1.837917 0.000000
 0.683889 0.125000 0.000000 0.100000 1.058301 1.837917 0.000000
 0.685000 0.125000 0.000000 0.100000 1.058301 1.837917 0.000000
 0.686111 0.125000 0.000000 0.100000 1.058301 1.837917 0.000000
 0.687222 0.125000 0.000000 0.100000 1.058301 1.837917 0.000000
 0.688333 0.125000 0.000000 0.100000 1.058301 1.837917 0.000000
 0.689444 0.125000 0.000000 0.100000 1.058301 1.837917 0.000000
 0.690556 0.125000 0.000000 0.100000 1.058301 1.837917 0.000000
 0.691667 0.125000 0.000000 0.100000 1.058301 1.837917 0.000000
 0.692778 0.125000 0.000000 0.100000 1.058301 1.837917 0.000000
 0.693889 0.125000 0.000000 0.100000 1.058301 1.837917 0.000000
 0.695000 0.125000 0.000000 0.100000 1.058301 1.837917 0.000000
 0.696111 0.125000 0.000000 0.100000 1.058301 1.837917 0.000000
 0.697222 0.125000 0.000000 0.100000 1.058301 1.837917 0.000000
 0.698333 0.125000 0.000000 0.100000 1.058301 1.837917 0.000000
 0.699444 0.125000 0.000000 0.100000 1.058301 1.837917 0.000000
 0.700556 0.125000 0.000000 0.100000 1.058301 1.837917 0.000000
 0.701667 0.125000 0.000000 0.100000 1.058301 1.837917 0.000000
 0.702778 0.125000 0.000000 0.100000 1.058301 1.837917 0.000000
 0.703889 0.125000 0.000000 0.100000 1.058301 1.837917 0.000000
 0.705000 0.125000 0.000000 0.100000 1.058301 1.837917 0.000000
 0.706111 0.125000 0.000000 0.100000 1.058301 1.837917 0.000000
 0.707222 0.125000 0.000000 0.100000 1.058301 1.837917 0.000000
 0.708333 0.125000 0.000000 0.100000 1.058301 1.837917 0.000000
 0.709444 0.125000 0.000000 0.100000 1.058301 1.837917 0.000000
 0.710556 0.125000 0.000000 0.100000 1.058301 1.837917 0.000000
 0.711667 0.125000 0.000000 0.100000 1.058301 1.837917 0.000000
 0.712778 0.125000 0.000000 0.100000 1.058301 1.837917 0.000000
 0.713889 0.125000 0.000000 0.100000 1.058301 1.837917 0.000000
 0.715000 0.125000 0.000000 0.100000 1.058301 1.837917 0.000000
 0.716111 0.125000 0.000000 0.100000 1.058301 1.837917 0.000000
 0.717222 0.125000 0.000000 0.100000 1.058301 1.837917 0.000000
 0.718333 0.125000 0.000000 0.100000 1.058301 1.837917 0.000000
 0.719444 0.125000 0.000000 0.100000 1.058301 1.837917 0.000000
 0.720556 0.125000 0.000000 0.100000 1.058301 1.837917 0.000000
 0.721667 0.125000 0.000000 0.100000 1.058301 1.837917 0.000000
 0.722778 0.125000 0.000000 0.100000 1.058301 1.837917 0.000000
 0.723889 0.125000 0.000000 0.100000 1.058301 1.837917 0.000000
 0.725000 0.125000 0.000000 0.100000 1.058301 1.837917 0.000000
 0.726111 0.125000 0.000000 0.100000 1.058301 1.837917 0.000000
 0.727222 0.125000 0.000000 0.100000 1.058301 1.837917 0.000000
 0.728333 0.125000 0.000000 0.100000 1.058301 1.837917 0.000000
 0.729444 0.125000 0.000000 0.100000 1.058301 1.837917 0.000000
 0.730556 0.125000 0.000000 0.100000 1.058301 1.837917 0.000000
 0.731667 0.125000 0.000000 0.100000 1.058301 1.837917 0.000000
 0.732778 0.125000 0.000000 0.100000 1.058301 1.837917 0.000000
 0.733889 0.125000 0.000000 0.100000 1.058301 1.837917 0.000000
 0.735000 0.125000 0.000000 0.100000 1.058301 1.837917 0.000000
 0.736111 0.125000 0.000000 0.100000 1.058301 1.837917 0.000000
 0.737222 0.125000 0.000000 0.100000 1.058301 1.837917 0.000000
 0.738333 0.125000 0.000000 0.100000 1.058301 1.837917 0.000000
 0.739444 0.125000 0.000000 0.100000 1.058301 1.837917 0.000000
 0.740556 0.125000 0.000000 0.100000 1.058301 1.837917 0.000000
 0.741667 0.125000 0.000000 0.100000 1.058301 1.837917 0.000000
 0.742778 0.125000 0.000000 0.100000 1.058301 1.837917 0.000000
 0.743889 0.125000 0.000000 0.100000 1.058301 1.837917 0.000000
 0.745000 0.125000 0.000000 0.100000 1.058301 1.837917 0.000000
 0.746111 0.125000 0.000000 0.100000 1.058301 1.837917 0.000000
 0.747222 0.125000 0.000000 0.100000 1.058301 1.837917 0.000000
 0.748333 0.125000 0.000000 0.100000 1.058301 1.837917 0.000000
 0.749444 0.125000 0.000000 0.100000 1.058301 1.837917 0.000000
 0.750556 0.125000 0.000000 0.100000 1.058301 1.837917 0.000000
 0.751667 0.125000 0.000000 0.100000 1.058301 1.837917 0.000000
 0.752778 0.125000 0.000000 0.100000 1.058301 1.837917 0.000000
 0.753889 0.125000 0.000000 0.100000 1.058301 1.837917 0.000000
 0.755000 0.125000 0.000000 0.100000 1.058301 1.837917 0.000000
 0.756111 0.125000 0.000000 0.100000 1.058301 1.837917 0.000000
 0.757222 0.125000 0.000000 0.100000 1.058301 1.837917 0.000000
 0.758333 0.125000 0.000000 0.100000 1.058301 1.837917 0.000000
 0.759444 0.125000 0.000000 0.100000 1.058301 1.837917 0.000000
 0.760556 0.125000 0.000000 0.100000 1.058301 1.837917 0.000000
 0.761667 0.125000 0.000000 0.100000 1.058301 1.837917 0.000000
 0.762778 0.125000 0.000000 0.100000 1.058301 1.837917 0.000000
 0.763889 0.125000 0.000000 0.100000 1.058301 1.837917 0.000000
 0.765000 0.125000 0.000000 0.100000 1.058301 1.837917 0.000000
 0.766111 0.125000 0.000000 0.100000 1.058301 1.837917 0.000000
 0.767222 0.125000 0.000000 0.100000 1.058301 1.837917 0.000000
 0.768333 0.125000 0.000000 0.100000 1.058301 1.837917 0.000000
 0.769444 0.125000 0.000000 0.100000 1.058301 1.837917 0.000000
 0.770556 0.125000 0.000000 0.100000 1.058301 1.837917 0.000000
 0.771667 0.125000 0.000000 0.100000 1.058301 1.837917 0.000000
 0.772778 0.125000 0.000000 0.100000 1.058301 1.837917 0.000000
 0.773889 0.125000 0.000000 0.100000 1.058301 1.837917 0.000000
 0.775000 0.125000 0.000000 0.100000 1.058301 1.837917 0.000000
 0.776111 0.125000 0.000000 0.100000 1.058301 1.837917 0.000000
 0.777222 0.125000 0.000000 0.100000 1.058301 1.837917 0.000000
 0.778333 0.125000 0.000000 0.100000 1.058301 1.837917 0.000000
 0.779444 0.125000 0.000000 0.100000 1.058301 1.837917 0.000000
 0.780556 0.125000 0.000000 0.100000 1.058301 1.837917 0.000000
 0.781667 0.125000 0.000000 0.100000 1.058301 1.837917 0.000000
 0.782778 0.125000 0.000000 0.100000 1.058301 1.837917 0.000000
 0.783889 0.125000 0.000000 0.100000 1.058301 1.837917 0.000000
 0.785000 0.125000 0.000000 0.100000 1.058301 1.837917 0.000000
 0.786111 0.125000 0.000000 0.100000 1.058301 1.837917 0.000000
 0.787222 0.125000 0.000000 0.100000 1.058301 1.837917 0.000000
 0.788333 0.125000 0.000000 0.100000 1.058301 1.837917 0.000000
 0.789444 0.125000 0.000000 0.100000 1.058301 1.837917 0.000000
 0.790556 0.125000 0.000000 0.100000 1.058301 1.837917 0.000000
 0.791667 0.125000 0.000000 0.100000 1.058301 1.837917 0.000000
 0.792778 0.125000 0.000000 0.100000 1.058301 1.837917 0.000000
 0.793889 0.125000 0.000000 0.100000 1.058301 1.837917 0.000000
 0.795000 0.125000 0.000000 0.100000 1.058301 1.837917 0.000000
 0.796111 0.125000 0.000000 0.100000 1.058301 1.837917 0.000000
 0.797222 0.125000 0.000000 0.100000 1.058301 1.837917 0.000000
 0.798333 0.125000 0.000000 0.100000 1.058301 1.837917 0.000000
 0.799444 0.125000 0.000000 0.100000 1.058301 1.837917 0.000000
 0.800556 0.125000 0.000000 0.100000 1.058301 1.837917 0.000000
 0.801667 0.125000 0.000000 0.100000 1.058301 1.837917 0.000000
 0.802778 0.125000 0.000000 0.100000 1.058301 1.837917 0.000000
 0.803889 0.125000 0.000000 0.100000 1.058301 1.837917 0.000000
 0.805000 0.125000 0.000000 0.100000 1.058301 1.837917 0.000000
 0.806111 0.125000 0.000000 0.100000 1.058301 1.837917 0.000000
 0.807222 0.125000 0.000000 0.100000 1.058301 1.837917 0.000000
 0.808333 0.125000 0.000000 0.100000 1.058301 1.837917 0.000000
 0.809444 0.125000 0.000000 0.100000 1.058301 1.837917 0.000000
 0.810556 0.125000 0.000000 0.100000 1.058301 1.837917 0.000000
 0.811667 0.125000 0.000000 0.100000 1.058301 1.837917 0.000000
 0.812778 0.125000 0.000000 0.100000 1.058301 1.837917 0.000000
 0.813889 0.125000 0.000000 0.100000 1.058301 1.837917 0.000000
 0.815000 0.125000 0.000000 0.100000 1.058301 1.837917 0.000000
 0.816111 0.125000 0.000000 0.100000 1.058301 1.837917 0.000000
 0.817222 0.125000 0.000000 0.100000 1.058301 1.837917 0.000000
 0.818333 0.125000 0.000000 0.100000 1.058301 1.837917 0.000000
 0.819444 0.125000 0.000000 0.100000 1.058301 1.837917 0.000000
 0.820556 0.125000 0.000000 0.100000 1.058301 1.837917 0.000000
 0.821667 0.125000 0.000000 0.100000 1.058301 1.837917 0.000000
 0.822778 0.125000 0.000000 0.100000 1.058301 1.837917 0.000000
 0.823889 0.125000 0.000000 0.100000 1.058301 1.837917 0.000000
 0.825000 0.125000 0.000000 0.100000 1.058301 1.837917 0.000000
 0.826111 0.125000 0.000000 0.100000 1.058301 1.837917 0.000000
 0.827222 0.125000 0.000000 0.100000 1.058301 1.837917 0.000000
 0.828333 0.125000 0.000000 0.100000 1.058301 1.837917 0.000000
 0.829444 0.125000 0.000000 0.100000 1.058301 1.837917 0.000000
 0.830556 0.125000 0.000000 0.100000 1.058301 1.837917 0.000000
 0.831667 0.125000 0.000000 0.100000 1.058301 1.837917 0.000000
 0.832778 0.125000 0.000000 0.100000 1.058301 1.837917 0.000000
 0.833889 0.125000 0.000000 0.100000 1.058301 1.837917 0.000000
 0.835000 0.125000 0.000000 0.100000 1.058301 1.837917 0.000000
 0.836111 0.125000 0.000000 0.100000 1.058301 1.837917 0.000000
 0.837222 0.125000 0.000000 0.100000 1.058301 1.837917 0.000000
 0.838333 0.125000 0.000000 0.100000 1.058301 1.837917 0.000000
 0.839444 0.125000 0.000000 0.100000 1.058301 1.837917 0.000000
 0.840556 0.125000 0.000000 0.100000 1.058301 1.837917 0.000000
 0.841667 0.125000 0.000000 0.100000 1.058301 1.837917 0.000000
 0.842778 0.125000 0.000000 0.100000 1.058301 1.837917 0.000000
 0.843889 0.125000 0.000000 0.100000 1.058301 1.837917 0.000000
 0.845000 0.125000 0.000000 0.100000 1.058301 1.837917 0.000000
 0.846111 0.125000 0.000000 0.100000 1.058301 1.837917 0.000000
 0.847222 0.125000 0.000000 0.100000 1.058301 1.837917 0.000000
 0.848333 0.125000 0.000000 0.100000 1.058301 1.837917 0.000000
 0.849444 0.125000 0.000000 0.100000 1.058301 1.837917 0.000000
 0.850556 0.125000 0.000000 0.100000 1.058301 1.837917 0.000000
 0.851667 0.125000 0.000000 0.100000 1.058301 1.837917 0.000000
 0.852778 0.125000 0.000000 0.100000 1.058301 1.837917 0.000000
 0.853889 0.125000 0.000000 0.100000 1.058301 1.837917 0.000000
 0.855000 0.125000 0.000000 0.100000 1.058301 1.837917 0.000000
 0.856111 0.125000 0.000000 0.100000 1.058301 1.837917 0.000000
 0.857222 0.125000 0.000000 0.100000 1.058301 1.837917 0.000000
 0.858333 0.125000 0.000000 0.100000 1.058301 1.837917 0.000000
 0.859444 0.125000 0.000000 0.100000 1.058301 1.837917 0.000000
 0.860556 0.125000 0.000000 0.100000 1.058301 1.837917 0.000000
 0.861667 0.125000 0.000000 0.100000 1.058301 1.837917 0.000000
 0.862778 0.125000 0.000000 0.100000 1.058301 1.837917 0.000000
 0.863889 0.125000 0.000000 0.100000 1.058301 1.837917 0.000000
 0.865000 0.125000 0.000000 0.100000 1.058301 1.837917 0.000000
 0.866111 0.125000 0.000000 0.100000 1.058301 1.837917 0.000000
 0.867222 0.125000 0.000000 0.100000 1.058301 1.837917 0.000000
 0.868333 0.125000 0.000000 0.100000 1.058301 1.837917 0.000000
 0.869444 0.125000 0.000000 0.100000 1.058301 1.837917 0.000000
 0.870556 0.125000 0.000000 0.100000 1.058301 1.837917 0.000000
 0.871667 0.125000 0.000000 0.100000 1.058301 1.837917 0.000000
 0.872778 0.125000 0.000000 0.100000 1.058301 1.837917 0.000000
 0.873889 0.125000 0.000000 0.100000 1.058301 1.837917 0.000000
 0.875000 0.125000 0.000000 0.100000 1.058301 1.837917 0.000000
 0.876111 0.125000 0.000000 0.100000 1.058301 1.837917 0.000000
 0.877222 0.125000 0.000000 0.100000 1.058301 1.837917 0.000000
 0.878333 0.125000 0.000000 0.100000 1.058301 1.837917 0.000000
 0.879444 0.125000 0.000000 0.100000 1.058301 1.837917 0.000000
 0.880556 0.125000 0.000000 0.100000 1.058301 1.837917 0.000000
 0.881667 0.125000 0.000000 0.100000 1.058301 1.837917 0.000000
 0.882778 0.125000 0.000000 0.100000 1.058301 1.837917 0.000000
 0.883889 0.125000 0.000000 0.100000 1.058301 1.837917 0.000000
 0.885000 0.125000 0.000000 0.100000 1.058301 1.837917 0.000000
 0.886111 0.125000 0.000000 0.100000 1.058301 1.837917 0.000000
 0.887222 0.125000 0.000000 0.100000 1.058301 1.837917 0.000000
 0.888333 0.125000 0.000000 0.100000 1.058301 1.837917 0.000000
 0.889444 0.125000 0.000000 0.100000 1.058301 1.837917 0.000000
 0.890556 0.125000 0.000000 0.100000 1.058301 1.837917 0.000000
 0.891667 0.125000 0.000000 0.100000 1.058301 1.837917 0.000000
 0.892778 0.125000 0.000000 0.100000 1.058301 1.837917 0.000000
 0.893889 0.125000 0.000000 0.100000 1.058301 1.837917 0.000000
 0.895000 0.125000 0.000000 0.100000 1.058301 1.837917 0.000000
 0.896111 0.125000 0.000000 0.100000 1.058301 1.837917 0.000000
 0.897222 0.125000 0.000000 0.100000 1.058301 1.837917 0.000000
 0.898333 0.125000 0.000000 0.100000 1.058301 1.837917 0.000000
 0.899444 0.125000 0.000000 0.100000 1.058301 1.837917 0.000000
 0.900556 0.125000 0.000000 0.100000 1.058301 1.837917 0.000000
 0.901667 0.125000 0.000000 0.100000 1.058301 1.837917 0.000000
 0.902778 0.125000 0.000000 0.100000 1.058301 1.837917 0.000000
 0.903889 0.125000 0.000000 0.100000 1.058301 1.837917 0.000000
 0.905000 0.125000 0.000000 0.100000 1.058301 1.837917 0.000000
 0.906111 0.125000 0.000000 0.100000 1.058301 1.837917 0.000000
 0.907222 0.125000 0.000000 0.100000 1.058301 1.837917 0.000000
 0.908333 0.125000 0.000000 0.100000 1.058301 1.837917 0.000000
 0.909444 0.125000 0.000000 0.100000 1.058301 1.837917 0.000000
 0.910556 0.125000 0.000000 0.100000 1.058301 1.837917 0.000000
 0.911667 0.125000 0.000000 0.100000 1.058301 1.837917 0.000000
 0.912778 0.125000 0.000000 0.100000 1.058301 1.837917 0.000000
 0.913889 0.125000 0.000000 0.100000 1.058301 1.837917 0.000000
 0.915000 0.125000 0.000000 0.100000 1.058301 1.837917 0.000000
 0.916111 0.125000 0.000000 0.100000 1.058301 1.837917 0.000000
 0.917222 0.125000 0.000000 0.100000 1.058301 1.837917 0.000000
 0.918333 0.125000 0.000000 0.100000 1.058301 1.837917 0.000000
 0.919444 0.125000 0.000000 0.100000 1.058301 1.837917 0.000000
 0.920556 0.125000 0.000000 0.100000 1.058301 1.837917 0.000000
 0.921667 0.125000 0.000000 0.100000 1.058301 1.837917 0.000000
 0.922778 0.125000 0.000000 0.100000 1.058301 1.837917 0.000000
 0.923889 0.125000 0.000000 0.100000 1.058301 1.837917 0.000000
 0.925000 0.125000 0.000000 0.100000 1.058301 1.837917 0.000000
 0.926111 0.125000 0.000000 0.100000 1.058301 1.837917 0.000000
 0.927222 0.125000 0.000000 0.100000 1.058301 1.837917 0.000000
 0.928333 0.125000 0.000000 0.100000 1.058301 1.837917 0.000000
 0.929444 0.125000 0.000000 0.100000 1.058301 1.837917 0.000000
 0.930556 0.125000 0.000000 0.100000 1.058301 1.837917 0.000000
 0.931667 0.125000 0.000000 0.100000 1.058301 1.837917 0.000000
 0.932778 0.125000 0.000000 0.100000 1.058301 1.837917 0.000000
 0.933889 0.125000 0.000000 0.100000 1.058301 1.837917 0.000000
 0.935000 0.125000 0.000000 0.100000 1.058301 1.837917 0.000000
 0.936111 0.125000 0.000000 0.100000 1.058301 1.837917 0.000000
 0.937222 0.125000 0.000000 0.100000 1.058301 1.837917 0.000000
 0.938333 0.125000 0.000000 0.100000 1.058301 1.837917 0.000000
 0.939444 0.125000 0.000000 0.100000 1.058301 1.837917 0.000000
 0.940556 0.125000 0.000000 0.100000 1.058301 1.837917 0.000000
 0.941667 0.125000 0.000000 0.100000 1.058301 1.837917 0.000000
 0.942778 0.125000 0.000000 0.100000 1.058301 1.837917 0.000000
 0.943889 0.125000 0.000000 0.100000 1.058301 1.837917 0.000000
 0.945000 0.125000 0.000000 0.100000 1.058301 1.837917 0.000000
 0.946111 0.125000 0.000000 0.100000 1.058301 1.837917 0.000000
 0.947222 0.125000 0.000000 0.100000 1.058301 1.837917 0.000000
 0.948333 0.125000 0.000000 0.100000 1.058301 1.837917 0.000000
 0.949444 0.125000 0.000000 0.100000 1.058301 1.837917 0.000000
 0.950556 0.125000 0.000000 0.100000 1.058301 1.837917 0.000000
 0.951667 0.125000 0.000000 0.100000 1.058301 1.837917 0.000000
 0.952778 0.125000 0.000000 0.100000 1.058301 1.837917 0.000000
 0.953889 0.125000 0.000000 0.100000 1.058301 1.837917 0.000000
 0.955000 0.125000 0.000000 0.100000 1.058301 1.837917 0.000000
 0.956111 0.125000 0.000000 0.100000 1.058301 1.837917 0.000000
 0.957222 0.125000 0.000000 0.100000 1.058301 1.837917 0.000000
 0.958333 0.125000 0.000000 0.100000 1.058301 1.837917 0.000000
 0.959444 0.125000 0.000000 0.100000 1.058301 1.837917 0.000000
 0.960556 0.125000 0.000000 0.100000 1.058301 1.837917 0.000000
 0.961667 0.125000 0.000000 0.100000 1.058301 1.837917 0.000000
 0.962778 0.125000 0.000000 0.100000 1.058301 1.837917 0.000000
 0.963889 0.125000 0.000000 0.100000 1.058301 1.837917 0.000000
 0.965000 0.125000 0.000000 0.100000 1.058301 1.837917 0.000000
 0.966111 0.125000 0.000000 0.100000 1.058301 1.837917 0.000000
 0.967222 0.125000 0.000000 0.100000 1.058301 1.837917 0.000000
 0.968333 0.125000 0.000000 0.100000 1.058301 1.837917 0.000000
 0.969444 0.125000 0.000000 0.100000 1.058301 1.837917 0.000000
 0.970556 0.125000 0.000000 0.100000 1.058301 1.837917 0.000000
 0.971667 0.125000 0.000000 0.100000 1.058301 1.837917 0.000000
 0.972778 0.125000 0.000000 0.100000 1.058301 1.837917 0.000000
 0.973889 0.125000 0.000000 0.100000 1.058301 1.837917 0.000000
 0.975000 0.125000 0.000000 0.100000 1.058301 1.837917 0.000000
 0.976111 0.125000 0.000000 0.100000 1.058301 1.837917 0.000000
 0.977222 0.125000 0.000000 0.100000 1.058301 1.837917 0.000000
 0.978333 0.125000 0.000000 0.100000 1.058301 1.837917 0.000000
 0.979444 0.125000 0.000000 0.100000 1.058301 1.837917 0.000000
 0.980556 0.125000 0.000000 0.100000 1.058301 1.837917 0.000000
 0.981667 0.125000 0.000000 0.100000 1.058301 1.837917 0.000000
 0.982778 0.125000 0.000000 0.100000 1.058301 1.837917 0.000000
 0.983889 0.125000 0.000000 0.100000 1.058301 1.837917 0.000000
 0.985000 0.125000 0.000000 0.100000 1.058301 1.837917 0.000000
 0.986111 0.125000 0.000000 0.100000 1.058301 1.837917 0.000000
 0.987222 0.125000 0.000000 0.100000 1.058301 1.837917 0.000000
 0.988333 0.125000 0.000000 0.100000 1.058301 1.837917 0.000000
 0.989444 0.125000 0.000000 0.100000 1.058301 1.837917 0.000000
 0.990556 0.125000 0.000000 0.100000 1.058301 1.837917 0.000000
 0.991667 0.125000 0.000000 0.100000 1.058301 1.837917 0.000000
 0.992778 0.125000 0.000000 0.100000 1.058301 1.837917 0.000000
 0.993889 0.125000 0.000000 0.100000 1.058301 1.837917 0.000000
 0.995000 0.125000 0.000000 0.100000 1.058301 1.837917 0.000000
 0.996111 0.125000 0.000000 0.100000 1.058301 1.837917 0.000000
 0.997222 0.125000 0.000000 0.100000 1.058301 1.837917 0.000000
 0.998333 0.125000 0.000000 0.100000 1.058301 1.837917 0.000000
 0.999444 0.125000 0.000000 0.100000 1.058301 1.837917 0.000000
