Timer: 0.054935
 0.000556 1.000000 0.000000 1.000000 1.183216 1.000000 0.000000
 0.001667 1.000000 0.000000 1.000000 1.183216 1.000000 0.000000
 0.002778 1.000000 0.000000 1.000000 1.183216 1.000000 0.000000
 0.003889 1.000000 0.000000 1.000000 1.183216 1.000000 0.000000
 0.005000 1.000000 0.000000 1.000000 1.183216 1.000000 0.000000
 0.006111 1.000000 0.000000 1.000000 1.183216 1.000000 0.000000
 0.007222 1.000000 0.000000 1.000000 1.183216 1.000000 0.000000
 0.008333 1.000000 0.000000 1.000000 1.183216 1.000000 0.000000
 0.009444 1.000000 0.000000 1.000000 1.183216 1.000000 0.000000
 0.010556 1.000000 0.000000 1.000000 1.183216 1.000000 0.000000
 0.011667 1.000000 0.000000 1.000000 1.183216 1.000000 0.000000
 0.012778 1.000000 0.000000 1.000000 1.183216 1.000000 0.000000
 0.013889 1.000000 0.000000 1.000000 1.183216 1.000000 0.000000
 0.015000 1.000000 0.000000 1.000000 1.183216 1.000000 0.000000
 0.016111 1.000000 0.000000 1.000000 1.183216 1.000000 0.000000
 0.017222 1.000000 0.000000 1.000000 1.183216 1.000000 0.000000
 0.018333 1.000000 0.000000 1.000000 1.183216 1.000000 0.000000
 0.019444 1.000000 0.000000 1.000000 1.183216 1.000000 0.000000
 0.020556 1.000000 0.000000 1.000000 1.183216 1.000000 0.000000
 0.021667 1.000000 0.000000 1.000000 1.183216 1.000000 0.000000
 0.022778 1.000000 0.000000 1.000000 1.183216 1.000000 0.000000
 0.023889 1.000000 0.000000 1.000000 1.183216 1.000000 0.000000
 0.025000 1.000000 0.000000 1.000000 1.183216 1.000000 0.000000
 0.026111 1.000000 0.000000 1.000000 1.183216 1.000000 0.000000
 0.027222 1.000000 0.000000 1.000000 1.183216 1.000000 0.000000
 0.028333 1.000000 0.000000 1.000000 1.183216 1.000000 0.000000
 0.029444 1.000000 0.000000 1.000000 1.183216 1.000000 0.000000
 0.030556 1.000000 0.000000 1.000000 1.183216 1.000000 0.000000
 0.031667 1.000000 0.000000 1.000000 1.183216 1.000000 0.000000
 0.032778 1.000000 0.000000 1.000000 1.183216 1.000000 0.000000
 0.033889 1.000000 0.000000 1.000000 1.183216 1.000000 0.000000
 0.035000 1.000000 0.000000 1.000000 1.183216 1.000000 0.000000
 0.036111 1.000000 0.000000 1.000000 1.183216 1.000000 0.000000
 0.037222 1.000000 0.000000 1.000000 1.183216 1.000000 0.000000
 0.038333 1.000000 0.000000 1.000000 1.183216 1.000000 0.000000
 0.039444 1.000000 0.000000 1.000000 1.183216 1.000000 0.000000
 0.040556 1.000000 0.000000 1.000000 1.183216 1.000000 0.000000
 0.041667 1.000000 0.000000 1.000000 1.183216 1.000000 0.000000
 0.042778 1.000000 0.000000 1.000000 1.183216 1.000000 0.000000
 0.043889 1.000000 0.000000 1.000000 1.183216 1.000000 0.000000
 0.045000 1.000000 0.000000 1.000000 1.183216 1.000000 0.000000
 0.046111 1.000000 0.000000 1.000000 1.183216 1.000000 0.000000
 0.047222 1.000000 0.000000 1.000000 1.183216 1.000000 0.000000
 0.048333 1.000000 0.000000 1.000000 1.183216 1.000000 0.000000
 0.049444 1.000000 0.000000 1.000000 1.183216 1.000000 0.000000
 0.050556 1.000000 0.000000 1.000000 1.183216 1.000000 0.000000
 0.051667 1.000000 0.000000 1.000000 1.183216 1.000000 0.000000
 0.052778 1.000000 0.000000 1.000000 1.183216 1.000000 0.000000
 0.053889 1.000000 0.000000 1.000000 1.183216 1.000000 0.000000
 0.055000 1.000000 0.000000 1.000000 1.183216 1.000000 0.000000
 0.056111 1.000000 0.000000 1.000000 1.183216 1.000000 0.000000
 0.057222 1.000000 0.000000 1.000000 1.183216 1.000000 0.000000
 0.058333 1.000000 0.000000 1.000000 1.183216 1.000000 0.000000
 0.059444 1.000000 0.000000 1.000000 1.183216 1.000000 0.000000
 0.060556 1.000000 0.000000 1.000000 1.183216 1.000000 0.000000
 0.061667 1.000000 0.000000 1.000000 1.183216 1.000000 0.000000
 0.062778 1.000000 0.000000 1.000000 1.183216 1.000000 0.000000
 0.063889 1.000000 0.000000 1.000000 1.183216 1.000000 0.000000
 0.065000 1.000000 0.000000 1.000000 1.183216 1.000000 0.000000
 0.066111 1.000000 0.000000 1.000000 1.183216 1.000000 0.000000
 0.067222 1.000000 0.000000 1.000000 1.183216 1.000000 0.000000
 0.068333 1.000000 0.000000 1.000000 1.183216 1.000000 0.000000
 0.069444 1.000000 0.000000 1.000000 1.183216 1.000000 0.000000
 0.070556 1.000000 0.000000 1.000000 1.183216 1.000000 0.000000
 0.071667 1.000000 0.000000 1.000000 1.183216 1.000000 0.000000
 0.072778 1.000000 0.000000 1.000000 1.183216 1.000000 0.000000
 0.073889 1.000000 0.000000 1.000000 1.183216 1.000000 0.000000
 0.075000 1.000000 0.000000 1.000000 1.183216 1.000000 0.000000
 0.076111 1.000000 0.000000 1.000000 1.183216 1.000000 0.000000
 0.077222 1.000000 0.000000 1.000000 1.183216 1.000000 0.000000
 0.078333 1.000000 0.000000 1.000000 1.183216 1.000000 0.000000
 0.079444 1.000000 0.000000 1.000000 1.183216 1.000000 0.000000
 0.080556 1.000000 0.000000 1.000000 1.183216 1.000000 0.000000
 0.081667 1.000000 0.000000 1.000000 1.183216 1.000000 0.000000
 0.082778 1.000000 0.000000 1.000000 1.183216 1.000000 0.000000
 0.083889 1.000000 0.000000 1.000000 1.183216 1.000000 0.000000
 0.085000 1.000000 0.000000 1.000000 1.183216 1.000000 0.000000
 0.086111 1.000000 0.000000 1.000000 1.183216 1.000000 0.000000
 0.087222 1.000000 0.000000 1.000000 1.183216 1.000000 0.000000
 0.088333 1.000000 0.000000 1.000000 1.183216 1.000000 0.000000
 0.089444 1.000000 0.000000 1.000000 1.183216 1.000000 0.000000
 0.090556 1.000000 0.000000 1.000000 1.183216 1.000000 0.000000
 0.091667 1.000000 0.000000 1.000000 1.183216 1.000000 0.000000
 0.092778 1.000000 0.000000 1.000000 1.183216 1.000000 0.000000
 0.093889 1.000000 0.000000 1.000000 1.183216 1.000000 0.000000
 0.095000 1.000000 0.000000 1.000000 1.183216 1.000000 0.000000
 0.096111 1.000000 0.000000 1.000000 1.183216 1.000000 0.000000
 0.097222 1.000000 0.000000 1.000000 1.183216 1.000000 0.000000
 0.098333 1.000000 0.000000 1.000000 1.183216 1.000000 0.000000
 0.099444 1.000000 0.000000 1.000000 1.183216 1.000000 0.000000
 0.100556 1.000000 0.000000 1.000000 1.183216 1.000000 0.000000
 0.101667 1.000000 0.000000 1.000000 1.183216 1.000000 0.000000
 0.102778 1.000000 0.000000 1.000000 1.183216 1.000000 0.000000
 0.103889 1.000000 0.000000 1.000000 1.183216 1.000000 0.000000
 0.105000 1.000000 0.000000 1.000000 1.183216 1.000000 0.000000
 0.106111 1.000000 0.000000 1.000000 1.183216 1.000000 0.000000
 0.107222 1.000000 0.000000 1.000000 1.183216 1.000000 0.000000
 0.108333 1.000000 0.000000 1.000000 1.183216 1.000000 0.000000
 0.109444 1.000000 0.000000 1.000000 1.183216 1.000000 0.000000
 0.110556 1.000000 0.000000 1.000000 1.183216 1.000000 0.000000
 0.111667 1.000000 0.000000 1.000000 1.183216 1.000000 0.000000
 0.112778 1.000000 0.000000 1.000000 1.183216 1.000000 0.000000
 0.113889 1.000000 0.000000 1.000000 1.183216 1.000000 0.000000
 0.115000 1.000000 0.000000 1.000000 1.183216 1.000000 0.000000
 0.116111 1.000000 0.000000 1.000000 1.183216 1.000000 0.000000
 0.117222 1.000000 0.000000 1.000000 1.183216 1.000000 0.000000
 0.118333 1.000000 0.000000 1.000000 1.183216 1.000000 0.000000
 0.119444 1.000000 0.000000 1.000000 1.183216 1.000000 0.000000
 0.120556 1.000000 0.000000 1.000000 1.183216 1.000000 0.000000
 0.121667 1.000000 0.000000 1.000000 1.183216 1.000000 0.000000
 0.122778 1.000000 0.000000 1.000000 1.183216 1.000000 0.000000
 0.123889 1.000000 0.000000 1.000000 1.183216 1.000000 0.000000
 0.125000 1.000000 0.000000 1.000000 1.183216 1.000000 0.000000
 0.126111 1.000000 0.000000 1.000000 1.183216 1.000000 0.000000
 0.127222 1.000000 0.000000 1.000000 1.183216 1.000000 0.000000
 0.128333 1.000000 0.000000 1.000000 1.183216 1.000000 0.000000
 0.129444 1.000000 0.000000 1.000000 1.183216 1.000000 0.000000
 0.130556 1.000000 0.000000 1.000000 1.183216 1.000000 0.000000
 0.131667 1.000000 0.000000 1.000000 1.183216 1.000000 0.000000
 0.132778 1.000000 0.000000 1.000000 1.183216 1.000000 0.000000
 0.133889 1.000000 0.000000 1.000000 1.183216 1.000000 0.000000
 0.135000 1.000000 0.000000 1.000000 1.183216 1.000000 0.000000
 0.136111 1.000000 0.000000 1.000000 1.183216 1.000000 0.000000
 0.137222 1.000000 0.000000 1.000000 1.183216 1.000000 0.000000
 0.138333 1.000000 0.000000 1.000000 1.183216 1.000000 0.000000
 0.139444 1.000000 0.000000 1.000000 1.183216 1.000000 0.000000
 0.140556 1.000000 0.000000 1.000000 1.183216 1.000000 0.000000
 0.141667 1.000000 0.000000 1.000000 1.183216 1.000000 0.000000
 0.142778 1.000000 0.000000 1.000000 1.183216 1.000000 0.000000
 0.143889 1.000000 0.000000 1.000000 1.183216 1.000000 0.000000
 0.145000 1.000000 0.000000 1.000000 1.183216 1.000000 0.000000
 0.146111 1.000000 0.000000 1.000000 1.183216 1.000000 0.000000
 0.147222 1.000000 0.000000 1.000000 1.183216 1.000000 0.000000
 0.148333 1.000000 0.000000 1.000000 1.183216 1.000000 0.000000
 0.149444 1.000000 0.000000 1.000000 1.183216 1.000000 0.000000
 0.150556 1.000000 0.000000 1.000000 1.183216 1.000000 0.000000
 0.151667 1.000000 0.000000 1.000000 1.183216 1.000000 0.000000
 0.152778 1.000000 0.000000 1.000000 1.183216 1.000000 0.000000
 0.153889 1.000000 0.000000 1.000000 1.183216 1.000000 0.000000
 0.155000 1.000000 0.000000 1.000000 1.183216 1.000000 0.000000
 0.156111 1.000000 0.000000 1.000000 1.183216 1.000000 0.000000
 0.157222 1.000000 0.000000 1.000000 1.183216 1.000000 0.000000
 0.158333 1.000000 0.000000 1.000000 1.183216 1.000000 0.000000
 0.159444 1.000000 0.000000 1.000000 1.183216 1.000000 0.000000
 0.160556 1.000000 0.000000 1.000000 1.183216 1.000000 0.000000
 0.161667 1.000000 0.000000 1.000000 1.183216 1.000000 0.000000
 0.162778 1.000000 0.000000 1.000000 1.183216 1.000000 0.000000
 0.163889 1.000000 0.000000 1.000000 1.183216 1.000000 0.000000
 0.165000 1.000000 0.000000 1.000000 1.183216 1.000000 0.000000
 0.166111 1.000000 0.000000 1.000000 1.183216 1.000000 0.000000
 0.167222 1.000000 0.000000 1.000000 1.183216 1.000000 0.000000
 0.168333 1.000000 0.000000 1.000000 1.183216 1.000000 0.000000
 0.169444 1.000000 0.000000 1.000000 1.183216 1.000000 0.000000
 0.170556 1.000000 0.000000 1.000000 1.183216 1.000000 0.000000
 0.171667 1.000000 0.000000 1.000000 1.183216 1.000000 0.000000
 0.172778 1.000000 0.000000 1.000000 1.183216 1.000000 0.000000
 0.173889 1.000000 0.000000 1.000000 1.183216 1.000000 0.000000
 0.175000 1.000000 0.000000 1.000000 1.183216 1.000000 0.000000
 0.176111 1.000000 0.000000 1.000000 1.183216 1.000000 0.000000
 0.177222 1.000000 0.000000 1.000000 1.183216 1.000000 0.000000
 0.178333 1.000000 0.000000 1.000000 1.183216 1.000000 0.000000
 0.179444 1.000000 0.000000 1.000000 1.183216 1.000000 0.000000
 0.180556 1.000000 0.000000 1.000000 1.183216 1.000000 0.000000
 0.181667 1.000000 0.000000 1.000000 1.183216 1.000000 0.000000
 0.182778 1.000000 0.000000 1.000000 1.183216 1.000000 0.000000
 0.183889 1.000000 0.000000 1.000000 1.183216 1.000000 0.000000
 0.185000 1.000000 0.000000 1.000000 1.183216 1.000000 0.000000
 0.186111 1.000000 0.000000 1.000000 1.183216 1.000000 0.000000
 0.187222 1.000000 0.000000 1.000000 1.183216 1.000000 0.000000
 0.188333 1.000000 0.000000 1.000000 1.183216 1.000000 0.000000
 0.189444 1.000000 0.000000 1.000000 1.183216 1.000000 0.000000
 0.190556 1.000000 0.000000 1.000000 1.183216 1.000000 0.000000
 0.191667 1.000000 0.000000 1.000000 1.183216 1.000000 0.000000
 0.192778 1.000000 0.000000 1.000000 1.183216 1.000000 0.000000
 0.193889 1.000000 0.000000 1.000000 1.183216 1.000000 0.000000
 0.195000 1.000000 0.000000 1.000000 1.183216 1.000000 0.000000
 0.196111 1.000000 0.000000 1.000000 1.183216 1.000000 0.000000
 0.197222 1.000000 0.000000 1.000000 1.183216 1.000000 0.000000
 0.198333 1.000000 0.000000 1.000000 1.183216 1.000000 0.000000
 0.199444 1.000000 0.000000 1.000000 1.183216 1.000000 0.000000
 0.200556 1.000000 0.000000 1.000000 1.183216 1.000000 0.000000
 0.201667 1.000000 0.000000 1.000000 1.183216 1.000000 0.000000
 0.202778 1.000000 0.000000 1.000000 1.183216 1.000000 0.000000
 0.203889 1.000000 0.000000 1.000000 1.183216 1.000000 0.000000
 0.205000 1.000000 0.000000 1.000000 1.183216 1.000000 0.000000
 0.206111 1.000000 0.000000 1.000000 1.183216 1.000000 0.000000
 0.207222 1.000000 0.000000 1.000000 1.183216 1.000000 0.000000
 0.208333 1.000000 0.000000 1.000000 1.183216 1.000000 0.000000
 0.209444 1.000000 0.000000 1.000000 1.183216 1.000000 0.000000
 0.210556 1.000000 0.000000 1.000000 1.183216 1.000000 0.000000
 0.211667 1.000000 0.000000 1.000000 1.183216 1.000000 0.000000
 0.212778 1.000000 0.000000 1.000000 1.183216 1.000000 0.000000
 0.213889 1.000000 0.000000 1.000000 1.183216 1.000000 0.000000
 0.215000 1.000000 0.000000 1.000000 1.183216 1.000000 0.000000
 0.216111 1.000000 0.000000 1.000000 1.183216 1.000000 0.000000
 0.217222 1.000000 0.000000 1.000000 1.183216 1.000000 0.000000
 0.218333 1.000000 0.000000 1.000000 1.183216 1.000000 0.000000
 0.219444 1.000000 0.000000 1.000000 1.183216 1.000000 0.000000
 0.220556 1.000000 0.000000 1.000000 1.183216 1.000000 0.000000
 0.221667 1.000000 0.000000 1.000000 1.183216 1.000000 0.000000
 0.222778 1.000000 0.000000 1.000000 1.183216 1.000000 0.000000
 0.223889 1.000000 0.000000 1.000000 1.183216 1.000000 0.000000
 0.225000 1.000000 0.000000 1.000000 1.183216 1.000000 0.000000
 0.226111 1.000000 0.000000 1.000000 1.183216 1.000000 0.000000
 0.227222 1.000000 0.000000 1.000000 1.183216 1.000000 0.000000
 0.228333 1.000000 0.000000 1.000000 1.183216 1.000000 0.000000
 0.229444 1.000000 0.000000 1.000000 1.183216 1.000000 0.000000
 0.230556 1.000000 0.000000 1.000000 1.183216 1.000000 0.000000
 0.231667 1.000000 0.000000 1.000000 1.183216 1.000000 0.000000
 0.232778 1.000000 0.000000 1.000000 1.183216 1.000000 0.000000
 0.233889 1.000000 0.000000 1.000000 1.183216 1.000000 0.000000
 0.235000 1.000000 0.000000 1.000000 1.183216 1.000000 0.000000
 0.236111 1.000000 0.000000 1.000000 1.183216 1.000000 0.000000
 0.237222 1.000000 0.000000 1.000000 1.183216 1.000000 0.000000
 0.238333 1.000000 0.000000 1.000000 1.183216 1.000000 0.000000
 0.239444 1.000000 0.000000 1.000000 1.183216 1.000000 0.000000
 0.240556 1.000000 0.000000 1.000000 1.183216 1.000000 0.000000
 0.241667 1.000000 0.000000 1.000000 1.183216 1.000000 0.000000
 0.242778 1.000000 0.000000 1.000000 1.183216 1.000000 0.000000
 0.243889 1.000000 0.000000 1.000000 1.183216 1.000000 0.000000
 0.245000 1.000000 0.000000 1.000000 1.183216 1.000000 0.000000
 0.246111 1.000000 0.000000 1.000000 1.183216 1.000000 0.000000
 0.247222 1.000000 0.000000 1.000000 1.183216 1.000000 0.000000
 0.248333 1.000000 0.000000 1.000000 1.183216 1.000000 0.000000
 0.249444 1.000000 0.000000 1.000000 1.183216 1.000000 0.000000
 0.250556 1.000000 0.000000 1.000000 1.183216 1.000000 0.000000
 0.251667 1.000000 0.000000 1.000000 1.183216 1.000000 0.000000
 0.252778 1.000000 0.000000 1.000000 1.183216 1.000000 0.000000
 0.253889 1.000000 0.000000 1.000000 1.183216 1.000000 0.000000
 0.255000 1.000000 0.000000 1.000000 1.183216 1.000000 0.000000
 0.256111 1.000000 0.000000 1.000000 1.183216 1.000000 0.000000
 0.257222 1.000000 0.000000 1.000000 1.183216 1.000000 0.000000
 0.258333 1.000000 0.000000 1.000000 1.183216 1.000000 0.000000
 0.259444 1.000000 0.000000 1.000000 1.183216 1.000000 0.000000
 0.260556 1.000000 0.000000 1.000000 1.183216 1.000000 0.000000
 0.261667 1.000000 0.000000 1.000000 1.183216 1.000000 0.000000
 0.262778 1.000000 0.000000 1.000000 1.183216 1.000000 0.000000
 0.263889 1.000000 0.000000 1.000000 1.183216 1.000000 0.000000
 0.265000 1.000000 0.000000 1.000000 1.183216 1.000000 0.000000
 0.266111 1.000000 0.000000 1.000000 1.183216 1.000000 0.000000
 0.267222 1.000000 0.000000 1.000000 1.183216 1.000000 0.000000
 0.268333 1.000000 0.000000 1.000000 1.183216 1.000000 0.000000
 0.269444 1.000000 0.000000 1.000000 1.183216 1.000000 0.000000
 0.270556 1.000000 0.000000 1.000000 1.183216 1.000000 0.000000
 0.271667 1.000000 0.000000 1.000000 1.183216 1.000000 0.000000
 0.272778 1.000000 0.000000 1.000000 1.183216 1.000000 0.000000
 0.273889 1.000000 0.000000 1.000000 1.183216 1.000000 0.000000
 0.275000 1.000000 0.000000 1.000000 1.183216 1.000000 0.000000
 0.276111 1.000000 0.000000 1.000000 1.183216 1.000000 0.000000
 0.277222 1.000000 0.000000 1.000000 1.183216 1.000000 0.000000
 0.278333 1.000000 0.000000 1.000000 1.183216 1.000000 0.000000
 0.279444 1.000000 0.000000 1.000000 1.183216 1.000000 0.000000
 0.280556 1.000000 0.000000 1.000000 1.183216 1.000000 0.000000
 0.281667 1.000000 0.000000 1.000000 1.183216 1.000000 0.000000
 0.282778 1.000000 0.000000 1.000000 1.183216 1.000000 0.000000
 0.283889 1.000000 0.000000 1.000000 1.183216 1.000000 0.000000
 0.285000 1.000000 0.000000 1.000000 1.183216 1.000000 0.000000
 0.286111 1.000000 0.000000 1.000000 1.183216 1.000000 0.000000
 0.287222 1.000000 0.000000 1.000000 1.183216 1.000000 0.000000
 0.288333 1.000000 0.000000 1.000000 1.183216 1.000000 0.000000
 0.289444 1.000000 0.000000 1.000000 1.183216 1.000000 0.000000
 0.290556 1.000000 0.000000 1.000000 1.183216 1.000000 0.000000
 0.291667 1.000000 0.000000 1.000000 1.183216 1.000000 0.000000
 0.292778 1.000000 0.000000 1.000000 1.183216 1.000000 0.000000
 0.293889 1.000000 0.000000 1.000000 1.183216 1.000000 0.000000
 0.295000 1.000000 0.000000 1.000000 1.183216 1.000000 0.000000
 0.296111 1.000000 0.000000 1.000000 1.183216 1.000000 0.000000
 0.297222 1.000000 0.000000 1.000000 1.183216 1.000000 0.000000
 0.298333 1.000000 0.000000 1.000000 1.183216 1.000000 0.000000
 0.299444 1.000000 0.000000 1.000000 1.183216 1.000000 0.000000
 0.300556 1.000000 0.000000 1.000000 1.183216 1.000000 0.000000
 0.301667 1.000000 0.000000 1.000000 1.183216 1.000000 0.000000
 0.302778 1.000000 0.000000 1.000000 1.183216 1.000000 0.000000
 0.303889 1.000000 0.000000 1.000000 1.183216 1.000000 0.000000
 0.305000 1.000000 0.000000 1.000000 1.183216 1.000000 0.000000
 0.306111 1.000000 0.000000 1.000000 1.183216 1.000000 0.000000
 0.307222 1.000000 0.000000 1.000000 1.183216 1.000000 0.000000
 0.308333 1.000000 0.000000 1.000000 1.183216 1.000000 0.000000
 0.309444 1.000000 0.000000 1.000000 1.183216 1.000000 0.000000
 0.310556 1.000000 0.000000 1.000000 1.183216 1.000000 0.000000
 0.311667 1.000000 0.000000 1.000000 1.183216 1.000000 0.000000
 0.312778 1.000000 0.000000 1.000000 1.183216 1.000000 0.000000
 0.313889 1.000000 0.000000 1.000000 1.183216 1.000000 0.000000
 0.315000 1.000000 0.000000 1.000000 1.183216 1.000000 0.000000
 0.316111 1.000000 0.000000 1.000000 1.183216 1.000000 0.000000
 0.317222 1.000000 0.000000 1.000000 1.183216 1.000000 0.000000
 0.318333 1.000000 0.000000 1.000000 1.183216 1.000000 0.000000
 0.319444 1.000000 0.000000 1.000000 1.183216 1.000000 0.000000
 0.320556 1.000000 0.000000 1.000000 1.183216 1.000000 0.000000
 0.321667 1.000000 0.000000 1.000000 1.183216 1.000000 0.000000
 0.322778 1.000000 0.000000 1.000000 1.183216 1.000000 0.000000
 0.323889 1.000000 0.000000 1.000000 1.183216 1.000000 0.000000
 0.325000 1.000000 0.000000 1.000000 1.183216 1.000000 0.000000
 0.326111 1.000000 0.000000 1.000000 1.183216 1.000000 0.000000
 0.327222 1.000000 0.000000 1.000000 1.183216 1.000000 0.000000
 0.328333 1.000000 0.000000 1.000000 1.183216 1.000000 0.000000
 0.329444 1.000000 0.000000 1.000000 1.183216 1.000000 0.000000
 0.330556 1.000000 0.000000 1.000000 1.183216 1.000000 0.000000
 0.331667 1.000000 0.000000 1.000000 1.183216 1.000000 0.000000
 0.332778 1.000000 0.000000 1.000000 1.183216 1.000000 0.000000
 0.333889 1.000000 0.000000 1.000000 1.183216 1.000000 0.000000
 0.335000 1.000000 0.000000 1.000000 1.183216 1.000000 0.000000
 0.336111 1.000000 0.000000 1.000000 1.183216 1.000000 0.000000
 0.337222 1.000000 0.000000 1.000000 1.183216 1.000000 0.000000
 0.338333 1.000000 0.000000 1.000000 1.183216 1.000000 0.000000
 0.339444 1.000000 0.000000 1.000000 1.183216 1.000000 0.000000
 0.340556 1.000000 0.000000 1.000000 1.183216 1.000000 0.000000
 0.341667 1.000000 0.000000 1.000000 1.183216 1.000000 0.000000
 0.342778 1.000000 0.000000 1.000000 1.183216 1.000000 0.000000
 0.343889 1.000000 0.000000 1.000000 1.183216 1.000000 0.000000
 0.345000 1.000000 0.000000 1.000000 1.183216 1.000000 0.000000
 0.346111 1.000000 0.000000 1.000000 1.183216 1.000000 0.000000
 0.347222 1.000000 0.000000 1.000000 1.183216 1.000000 0.000000
 0.348333 1.000000 0.000000 1.000000 1.183216 1.000000 0.000000
 0.349444 1.000000 0.000000 1.000000 1.183216 1.000000 0.000000
 0.350556 1.000000 0.000000 1.000000 1.183216 1.000000 0.000000
 0.351667 1.000000 0.000000 1.000000 1.183216 1.000000 0.000000
 0.352778 1.000000 0.000000 1.000000 1.183216 1.000000 0.000000
 0.353889 1.000000 0.000000 1.000000 1.183216 1.000000 0.000000
 0.355000 1.000000 0.000000 1.000000 1.183216 1.000000 0.000000
 0.356111 1.000000 0.000000 1.000000 1.183216 1.000000 0.000000
 0.357222 1.000000 0.000000 1.000000 1.183216 1.000000 0.000000
 0.358333 1.000000 0.000000 1.000000 1.183216 1.000000 0.000000
 0.359444 1.000000 0.000000 1.000000 1.183216 1.000000 0.000000
 0.360556 1.000000 0.000000 1.000000 1.183216 1.000000 0.000000
 0.361667 1.000000 0.000000 1.000000 1.183216 1.000000 0.000000
 0.362778 1.000000 0.000000 1.000000 1.183216 1.000000 0.000000
 0.363889 1.000000 0.000000 1.000000 1.183216 1.000000 0.000000
 0.365000 1.000000 0.000000 1.000000 1.183216 1.000000 0.000000
 0.366111 1.000000 0.000000 1.000000 1.183216 1.000000 0.000000
 0.367222 1.000000 0.000000 1.000000 1.183216 1.000000 0.000000
 0.368333 1.000000 0.000000 1.000000 1.183216 1.000000 0.000000
 0.369444 1.000000 0.000000 1.000000 1.183216 1.000000 0.000000
 0.370556 1.000000 0.000000 1.000000 1.183216 1.000000 0.000000
 0.371667 1.000000 0.000000 1.000000 1.183216 1.000000 0.000000
 0.372778 1.000000 0.000000 1.000000 1.183216 1.000000 0.000000
 0.373889 1.000000 0.000000 1.000000 1.183216 1.000000 0.000000
 0.375000 1.000000 0.000000 1.000000 1.183216 1.000000 0.000000
 0.376111 1.000000 0.000000 1.000000 1.183216 1.000000 0.000000
 0.377222 1.000000 0.000000 1.000000 1.183216 1.000000 0.000000
 0.378333 1.000000 0.000000 1.000000 1.183216 1.000000 0.000000
 0.379444 1.000000 0.000000 1.000000 1.183216 1.000000 0.000000
 0.380556 1.000000 0.000000 1.000000 1.183216 1.000000 0.000000
 0.381667 1.000000 0.000000 1.000000 1.183216 1.000000 0.000000
 0.382778 1.000000 0.000000 1.000000 1.183216 1.000000 0.000000
 0.383889 1.000000 0.000000 1.000000 1.183216 1.000000 0.000000
 0.385000 1.000000 0.000000 1.000000 1.183216 1.000000 0.000000
 0.386111 1.000000 0.000000 1.000000 1.183216 1.000000 0.000000
 0.387222 1.000000 0.000000 1.000000 1.183216 1.000000 0.000000
 0.388333 1.000000 0.000000 1.000000 1.183216 1.000000 0.000000
 0.389444 1.000000 0.000000 1.000000 1.183216 1.000000 0.000000
 0.390556 1.000000 0.000000 1.000000 1.183216 1.000000 0.000000
 0.391667 1.000000 0.000000 1.000000 1.183216 1.000000 0.000000
 0.392778 1.000000 0.000000 1.000000 1.183216 1.000000 0.000000
 0.393889 1.000000 0.000000 1.000000 1.183216 1.000000 0.000000
 0.395000 1.000000 0.000000 1.000000 1.183216 1.000000 0.000000
 0.396111 1.000000 0.000000 1.000000 1.183216 1.000000 0.000000
 0.397222 1.000000 0.000000 1.000000 1.183216 1.000000 0.000000
 0.398333 1.000000 0.000000 1.000000 1.183216 1.000000 0.000000
 0.399444 0.999999 0.000001 0.999999 1.183216 1.000000 0.000000
 0.400556 0.999999 0.000001 0.999999 1.183216 1.000000 0.000000
 0.401667 0.999998 0.000002 0.999997 1.183216 1.000000 0.000000
 0.402778 0.999997 0.000004 0.999995 1.183215 1.000000 0.000000
 0.403889 0.999994 0.000007 0.999992 1.183215 1.000000 0.000000
 0.405000 0.999990 0.000012 0.999986 1.183214 1.000000 0.000000
 0.406111 0.999983 0.000021 0.999976 1.183212 1.000000 0.000000
 0.407222 0.999971 0.000034 0.999959 1.183209 1.000000 0.000000
 0.408333 0.999952 0.000056 0.999933 1.183205 1.000000 0.000000
 0.409444 0.999923 0.000091 0.999892 1.183198 1.000000 0.000000
 0.410556 0.999878 0.000145 0.999829 1.183187 1.000000 0.000000
 0.411667 0.999809 0.000226 0.999733 1.183171 1.000000 0.000000
 0.412778 0.999708 0.000346 0.999591 1.183147 1.000000 0.000000
 0.413889 0.999559 0.000522 0.999383 1.183112 1.000000 0.000000
 0.415000 0.999347 0.000773 0.999086 1.183061 1.000000 0.000000
 0.416111 0.999049 0.001125 0.998669 1.182991 1.000000 0.000000
 0.417222 0.998639 0.001611 0.998095 1.182894 1.000000 0.000000
 0.418333 0.998085 0.002267 0.997320 1.182763 1.000000 0.000000
 0.419444 0.997351 0.003137 0.996294 1.182589 1.000001 0.000000
 0.420556 0.996396 0.004269 0.994960 1.182363 1.000001 0.000000
 0.421667 0.995178 0.005715 0.993258 1.182074 1.000002 0.000000
 0.422778 0.993652 0.007528 0.991127 1.181712 1.000003 0.000000
 0.423889 0.991773 0.009764 0.988505 1.181265 1.000005 0.000000
 0.425000 0.989499 0.012472 0.985336 1.180725 1.000007 0.000000
 0.426111 0.986793 0.015702 0.981569 1.180080 1.000011 0.000000
 0.427222 0.983622 0.019494 0.977162 1.179324 1.000016 0.000000
 0.428333 0.979963 0.023882 0.972084 1.178449 1.000022 0.000000
 0.429444 0.975800 0.028890 0.966315 1.177451 1.000031 0.000000
 0.430556 0.971124 0.034534 0.959848 1.176327 1.000042 0.000000
 0.431667 0.965935 0.040820 0.952689 1.175075 1.000055 0.000000
 0.432778 0.960243 0.047746 0.944855 1.173697 1.000072 0.000000
 0.433889 0.954063 0.055302 0.936370 1.172193 1.000091 0.000000
 0.435000 0.947416 0.063471 0.927270 1.170569 1.000114 0.000000
 0.436111 0.940327 0.072232 0.917595 1.168827 1.000141 0.000000
 0.437222 0.932825 0.081558 0.907390 1.166974 1.000170 0.000000
 0.438333 0.924942 0.091422 0.896703 1.165014 1.000204 0.000000
 0.439444 0.916710 0.101793 0.885583 1.162954 1.000241 0.000000
 0.440556 0.908162 0.112640 0.874079 1.160801 1.000282 0.000000
 0.441667 0.899330 0.123931 0.862240 1.158560 1.000326 0.000000
 0.442778 0.890245 0.135637 0.850111 1.156237 1.000373 0.000000
 0.443889 0.880939 0.147726 0.837738 1.153839 1.000424 0.000000
 0.445000 0.871439 0.160172 0.825162 1.151371 1.000478 0.000000
 0.446111 0.861772 0.172947 0.812422 1.148838 1.000535 0.000000
 0.447222 0.851963 0.186026 0.799553 1.146245 1.000596 0.000000
 0.448333 0.842035 0.199386 0.786589 1.143597 1.000659 0.000000
 0.449444 0.832009 0.213006 0.773559 1.140898 1.000724 0.000000
 0.450556 0.821904 0.226865 0.760491 1.138152 1.000793 0.000000
 0.451667 0.811739 0.240945 0.747408 1.135363 1.000864 0.000000
 0.452778 0.801528 0.255230 0.734333 1.132534 1.000937 0.000000
 0.453889 0.791287 0.269704 0.721286 1.129668 1.001013 0.000000
 0.455000 0.781028 0.284353 0.708284 1.126767 1.001091 0.000000
 0.456111 0.770764 0.299165 0.695342 1.123835 1.001171 0.000000
 0.457222 0.760505 0.314128 0.682475 1.120873 1.001253 0.000000
 0.458333 0.750260 0.329232 0.669694 1.117883 1.001337 0.000000
 0.459444 0.740037 0.344468 0.657011 1.114868 1.001423 0.000000
 0.460556 0.729846 0.359826 0.644435 1.111829 1.001511 0.000000
 0.461667 0.719692 0.375300 0.631975 1.108768 1.001600 0.000000
 0.462778 0.709582 0.390882 0.619637 1.105685 1.001691 0.000000
 0.463889 0.699521 0.406565 0.607428 1.102583 1.001784 0.000000
 0.465000 0.689513 0.422345 0.595353 1.099461 1.001878 0.000000
 0.466111 0.679565 0.438216 0.583418 1.096323 1.001974 0.000000
 0.467222 0.669678 0.454173 0.571625 1.093167 1.002071 0.000000
 0.468333 0.659858 0.470212 0.559979 1.089995 1.002170 0.000000
 0.469444 0.650106 0.486329 0.548482 1.086809 1.002270 0.000000
 0.470556 0.640425 0.502521 0.537136 1.083607 1.002371 0.000000
 0.471667 0.630819 0.518786 0.525944 1.080392 1.002473 0.000000
 0.472778 0.621288 0.535119 0.514906 1.077163 1.002577 0.000000
 0.473889 0.611836 0.551519 0.504025 1.073921 1.002682 0.000000
 0.475000 0.602462 0.567984 0.493300 1.070667 1.002787 0.000000
 0.476111 0.593170 0.584511 0.482732 1.067401 1.002894 0.000000
 0.477222 0.583960 0.601099 0.472321 1.064122 1.003002 0.000000
 0.478333 0.574832 0.617747 0.462068 1.060832 1.003111 0.000000
 0.479444 0.565789 0.634453 0.451973 1.057531 1.003220 0.000000
 0.480556 0.556830 0.651215 0.442034 1.054218 1.003331 0.000000
 0.481667 0.547956 0.668034 0.432252 1.050895 1.003442 0.000000
 0.482778 0.539169 0.684907 0.422625 1.047561 1.003553 0.000000
 0.483889 0.530468 0.701833 0.413154 1.044216 1.003666 0.000000
 0.485000 0.521855 0.718811 0.403838 1.040861 1.003778 0.000000
 0.486111 0.513330 0.735839 0.394677 1.037497 1.003891 0.000000
 0.487222 0.504895 0.752914 0.385671 1.034123 1.004005 0.000000
 0.488333 0.496551 0.770032 0.376820 1.030740 1.004118 0.000000
 0.489444 0.488302 0.787185 0.368127 1.027351 1.004232 0.000000
 0.490556 0.480153 0.804362 0.359595 1.023956 1.004345 0.000000
 0.491667 0.472112 0.821543 0.351232 1.020561 1.004457 0.000000
 0.492778 0.464194 0.838691 0.343052 1.017171 1.004569 0.000000
 0.493889 0.456428 0.855742 0.335080 1.013799 1.004679 0.000000
 0.495000 0.448864 0.872571 0.327366 1.010470 1.004785 0.000000
 0.496111 0.441606 0.888930 0.320011 1.007231 1.004885 0.000000
 0.497222 0.434866 0.904303 0.313222 1.004183 1.004975 0.000000
 0.498333 0.429081 0.917630 0.307428 1.001535 1.005052 0.000000
 0.499444 0.425024 0.927037 0.303390 0.999673 1.005131 0.000000
 0.500556 0.423379 0.930835 0.301777 0.998947 1.005229 0.000000
 0.501667 0.423363 0.930801 0.301793 0.998992 1.005336 0.000000
 0.502778 0.423392 0.930656 0.301856 0.999062 1.005448 0.000000
 0.503889 0.423443 0.930455 0.301942 0.999144 1.005566 0.000000
 0.505000 0.423498 0.930241 0.302033 0.999231 1.005688 0.000000
 0.506111 0.423550 0.930030 0.302124 0.999320 1.005817 0.000000
 0.507222 0.423595 0.929828 0.302211 0.999409 1.005953 0.000000
 0.508333 0.423633 0.929641 0.302291 0.999497 1.006096 0.000000
 0.509444 0.423662 0.929469 0.302365 0.999586 1.006246 0.000000
 0.510556 0.423683 0.929312 0.302433 0.999674 1.006405 0.000000
 0.511667 0.423694 0.929169 0.302495 0.999763 1.006573 0.000000
 0.512778 0.423696 0.929041 0.302551 0.999853 1.006751 0.000000
 0.513889 0.423690 0.928925 0.302602 0.999944 1.006941 0.000000
 0.515000 0.423675 0.928821 0.302647 1.000037 1.007142 0.000000
 0.516111 0.423652 0.928726 0.302689 1.000133 1.007358 0.000000
 0.517222 0.423620 0.928642 0.302727 1.000232 1.007589 0.000000
 0.518333 0.423580 0.928565 0.302761 1.000337 1.007837 0.000000
 0.519444 0.423530 0.928496 0.302792 1.000446 1.008105 0.000000
 0.520556 0.423471 0.928433 0.302820 1.000563 1.008396 0.000000
 0.521667 0.423402 0.928377 0.302846 1.000688 1.008714 0.000000
 0.522778 0.423321 0.928326 0.302870 1.000823 1.009064 0.000000
 0.523889 0.423226 0.928279 0.302891 1.000971 1.009454 0.000000
 0.525000 0.423114 0.928237 0.302912 1.001136 1.009893 0.000000
 0.526111 0.422982 0.928199 0.302930 1.001323 1.010396 0.000000
 0.527222 0.422823 0.928164 0.302947 1.001539 1.010985 0.000000
 0.528333 0.422629 0.928132 0.302963 1.001795 1.011687 0.000000
 0.529444 0.422387 0.928103 0.302978 1.002107 1.012548 0.000000
 0.530556 0.422080 0.928077 0.302991 1.002494 1.013626 0.000000
 0.531667 0.421683 0.928053 0.303004 1.002987 1.015006 0.000000
 0.532778 0.421162 0.928031 0.303016 1.003627 1.016803 0.000000
 0.533889 0.420474 0.928012 0.303027 1.004467 1.019172 0.000000
 0.535000 0.419561 0.927994 0.303038 1.005576 1.022313 0.000000
 0.536111 0.418353 0.927977 0.303048 1.007044 1.026483 0.000000
 0.537222 0.416765 0.927963 0.303057 1.008976 1.031995 0.000000
 0.538333 0.414700 0.927950 0.303066 1.011500 1.039226 0.000000
 0.539444 0.412054 0.927938 0.303075 1.014756 1.048609 0.000000
 0.540556 0.408721 0.927927 0.303083 1.018900 1.060631 0.000000
 0.541667 0.404601 0.927918 0.303091 1.024088 1.075810 0.000000
 0.542778 0.399613 0.927910 0.303098 1.030471 1.094680 0.000000
 0.543889 0.393709 0.927903 0.303105 1.038181 1.117758 0.000000
 0.545000 0.386878 0.927897 0.303112 1.047317 1.145510 0.000000
 0.546111 0.379162 0.927891 0.303118 1.057932 1.178304 0.000000
 0.547222 0.370655 0.927887 0.303125 1.070015 1.216365 0.000000
 0.548333 0.361504 0.927884 0.303131 1.083484 1.259714 0.000000
 0.549444 0.351902 0.927881 0.303136 1.098176 1.308117 0.000000
 0.550556 0.342078 0.927879 0.303142 1.113844 1.361039 0.000000
 0.551667 0.332274 0.927878 0.303147 1.130166 1.417613 0.000000
 0.552778 0.322735 0.927878 0.303152 1.146758 1.476649 0.000000
 0.553889 0.313681 0.927878 0.303157 1.163198 1.536681 0.000000
 0.555000 0.305303 0.927880 0.303162 1.179061 1.596070 0.000000
 0.556111 0.297740 0.927881 0.303167 1.193950 1.653139 0.000000
 0.557222 0.291083 0.927884 0.303172 1.207536 1.706339 0.000000
 0.558333 0.285367 0.927887 0.303177 1.219579 1.754405 0.000000
 0.559444 0.280582 0.927891 0.303182 1.229945 1.796470 0.000000
 0.560556 0.276674 0.927896 0.303186 1.238610 1.832120 0.000000
 0.561667 0.273564 0.927902 0.303191 1.245642 1.861378 0.000000
 0.562778 0.271152 0.927909 0.303197 1.251181 1.884635 0.000000
 0.563889 0.269330 0.927916 0.303202 1.255417 1.902542 0.000000
 0.565000 0.267991 0.927925 0.303207 1.258560 1.915895 0.000000
 0.566111 0.267036 0.927934 0.303213 1.260820 1.925531 0.000000
 0.567222 0.266376 0.927945 0.303219 1.262393 1.932249 0.000000
 0.568333 0.265937 0.927957 0.303226 1.263448 1.936758 0.000000
 0.569444 0.265658 0.927971 0.303232 1.264126 1.939653 0.000000
 0.570556 0.265491 0.927986 0.303240 1.264539 1.941408 0.000000
 0.571667 0.265400 0.928003 0.303247 1.264772 1.942388 0.000000
 0.572778 0.265359 0.928022 0.303256 1.264886 1.942859 0.000000
 0.573889 0.265350 0.928044 0.303265 1.264927 1.943011 0.000000
 0.575000 0.265360 0.928067 0.303275 1.264924 1.942974 0.000000
 0.576111 0.265380 0.928094 0.303285 1.264898 1.942832 0.000000
 0.577222 0.265406 0.928124 0.303297 1.264860 1.942641 0.000000
 0.578333 0.265435 0.928157 0.303310 1.264819 1.942431 0.000000
 0.579444 0.265464 0.928194 0.303324 1.264779 1.942223 0.000000
 0.580556 0.265492 0.928233 0.303338 1.264741 1.942025 0.000000
 0.581667 0.265519 0.928270 0.303352 1.264707 1.941843 0.000000
 0.582778 0.265542 0.928301 0.303364 1.264676 1.941677 0.000000
 0.583889 0.265559 0.928308 0.303368 1.264643 1.941527 0.000000
 0.585000 0.265563 0.928260 0.303353 1.264603 1.941392 0.000000
 0.586111 0.265540 0.928089 0.303297 1.264541 1.941271 0.000000
 0.587222 0.265460 0.927653 0.303152 1.264430 1.941162 0.000000
 0.588333 0.265262 0.926663 0.302821 1.264209 1.941064 0.000000
 0.589444 0.264824 0.924527 0.302107 1.263762 1.940974 0.000000
 0.590556 0.263897 0.920050 0.300614 1.262847 1.940884 0.000000
 0.591667 0.261991 0.910830 0.297560 1.260980 1.940767 0.000000
 0.592778 0.258170 0.892152 0.291465 1.257200 1.940519 0.000000
 0.593889 0.250781 0.855144 0.279739 1.249664 1.939727 0.000000
 0.595000 0.237351 0.784635 0.258621 1.235094 1.936935 0.000000
 0.596111 0.215545 0.660286 0.224922 1.208678 1.927872 0.000000
 0.597222 0.186354 0.472516 0.181284 1.167010 1.904962 0.000000
 0.598333 0.157287 0.260307 0.140328 1.117608 1.869707 0.000000
 0.599444 0.137729 0.105196 0.114998 1.081180 1.845264 0.000000
 0.600556 0.129022 0.033696 0.104583 1.065276 1.838784 0.000000
 0.601667 0.126145 0.009663 0.101289 1.060254 1.837991 0.000000
 0.602778 0.125315 0.002666 0.100354 1.058835 1.837923 0.000000
 0.603889 0.125086 0.000727 0.100096 1.058446 1.837918 0.000000
 0.605000 0.125023 0.000198 0.100026 1.058340 1.837917 0.000000
 0.606111 0.125006 0.000054 0.100007 1.058311 1.837917 0.000000
 0.607222 0.125002 0.000015 0.100002 1.058303 1.837917 0.000000
 0.608333 0.125000 0.000004 0.100001 1.058301 1.837917 0.000000
 0.609444 0.125000 0.000001 0.100000 1.058301 1.837917 0.000000
 0.610556 0.125000 0.000000 0.100000 1.058301 1.837917 0.000000
 0.611667 0.125000 0.000000 0.100000 1.058301 1.837917 0.000000
 0.612778 0.125000 0.000000 0.100000 1.058301 1.837917 0.000000
 0.613889 0.125000 0.000000 0.100000 1.058301 1.837917 0.000000
 0.615000 0.125000 0.000000 0.100000 1.058301 1.837917 0.000000
 0.616111 0.125000 0.000000 0.100000 1.058301 1.837917 0.000000
 0.617222 0.125000 0.000000 0.100000 1.058301 1.837917 0.000000
 0.618333 0.125000 0.000000 0.100000 1.058301 1.837917 0.000000
 0.619444 0.125000 0.000000 0.100000 1.058301 1.837917 0.000000
 0.620556 0.125000 0.000000 0.100000 1.058301 1.837917 0.000000
 0.621667 0.125000 0.000000 0.100000 1.058301 1.837917 0.000000
 0.622778 0.125000 0.000000 0.100000 1.058301 1.837917 0.000000
 0.623889 0.125000 0.000000 0.100000 1.058301 1.837917 0.000000
 0.625000 0.125000 0.000000 0.100000 1.058301 1.837917 0.000000
 0.626111 0.125000 0.000000 0.100000 1.058301 1.837917 0.000000
 0.627222 0.125000 0.000000 0.100000 1.058301 1.837917 0.000000
 0.628333 0.125000 0.000000 0.100000 1.058301 1.837917 0.000000
 0.629444 0.125000 0.000000 0.100000 1.058301 1.837917 0.000000
 0.630556 0.125000 0.000000 0.100000 1.058301 1.837917 0.000000
 0.631667 0.125000 0.000000 0.100000 1.058301 1.837917 0.000000
 0.632778 0.125000 0.000000 0.100000 1.058301 1.837917 0.000000
 0.633889 0.125000 0.000000 0.100000 1.058301 1.837917 0.000000
 0.635000 0.125000 0.000000 0.100000 1.058301 1.837917 0.000000
 0.636111 0.125000 0.000000 0.100000 1.058301 1.837917 0.000000
 0.637222 0.125000 0.000000 0.100000 1.058301 1.837917 0.000000
 0.638333 0.125000 0.000000 0.100000 1.058301 1.837917 0.000000
 0.639444 0.125000 0.000000 0.100000 1.058301 1.837917 0.000000
 0.640556 0.125000 0.000000 0.100000 1.058301 1.837917 0.000000
 0.641667 0.125000 0.000000 0.100000 1.058301 1.837917 0.000000
 0.642778 0.125000 0.000000 0.100000 1.058301 1.837917 0.000000
 0.643889 0.125000 0.000000 0.100000 1.058301 1.837917 0.000000
 0.645000 0.125000 0.000000 0.100000 1.058301 1.837917 0.000000
 0.646111 0.125000 0.000000 0.100000 1.058301 1.837917 0.000000
 0.647222 0.125000 0.000000 0.100000 1.058301 1.837917 0.000000
 0.648333 0.125000 0.000000 0.100000 1.058301 1.837917 0.000000
 0.649444 0.125000 0.000000 0.100000 1.058301 1.837917 0.000000
 0.650556 0.125000 0.000000 0.100000 1.058301 1.837917 0.000000
 0.651667 0.125000 0.000000 0.100000 1.058301 1.837917 0.000000
 0.652778 0.125000 0.000000 0.100000 1.058301 1.837917 0.000000
 0.653889 0.125000 0.000000 0.100000 1.058301 1.837917 0.000000
 0.655000 0.125000 0.000000 0.100000 1.058301 1.837917 0.000000
 0.656111 0.125000 0.000000 0.100000 1.058301 1.837917 0.000000
 0.657222 0.125000 0.000000 0.100000 1.058301 1.837917 0.000000
 0.658333 0.125000 0.000000 0.100000 1.058301 1.837917 0.000000
 0.659444 0.125000 0.000000 0.100000 1.058301 1.837917 0.000000
 0.660556 0.125000 0.000000 0.100000 1.058301 1.837917 0.000000
 0.661667 0.125000 0.000000 0.100000 1.058301 1.837917 0.000000
 0.662778 0.125000 0.000000 0.100000 1.058301 1.837917 0.000000
 0.663889 0.125000 0.000000 0.100000 1.058301 1.837917 0.000000
 0.665000 0.125000 0.000000 0.100000 1.058301 1.837917 0.000000
 0.666111 0.125000 0.000000 0.100000 1.058301 1.837917 0.000000
 0.667222 0.125000 0.000000 0.100000 1.058301 1.837917 0.000000
 0.668333 0.125000 0.000000 0.100000 1.058301 1.837917 0.000000
 0.669444 0.125000 0.000000 0.100000 1.058301 1.837917 0.000000
 0.670556 0.125000 0.000000 0.100000 1.058301 1.837917 0.000000
 0.671667 0.125000 0.000000 0.100000 1.058301 1.837917 0.000000
 0.672778 0.125000 0.000000 0.100000 1.058301 1.837917 0.000000
 0.673889 0.125000 0.000000 0.100000 1.058301 1.837917 0.000000
 0.675000 0.125000 0.000000 0.100000 1.058301 1.837917 0.000000
 0.676111 0.125000 0.000000 0.100000 1.058301 1.837917 0.000000
 0.677222 0.125000 0.000000 0.100000 1.058301 1.837917 0.000000
 0.678333 0.125000 0.000000 0.100000 1.058301 1.837917 0.000000
 0.679444 0.125000 0.000000 0.100000 1.058301 1.837917 0.000000
 0.680556 0.125000 0.000000 0.100000 1.058301 1.837917 0.000000
 0.681667 0.125000 0.000000 0.100000 1.058301 1.837917 0.000000
 0.682778 0.125000 0.000000 0.100000 1.058301 1.837917 0.000000
 0.683889 0.125000 0.000000 0.100000 1.058301 1.837917 0.000000
 0.685000 0.125000 0.000000 0.100000 1.058301 1.837917 0.000000
 0.686111 0.125000 0.000000 0.100000 1.058301 1.837917 0.000000
 0.687222 0.125000 0.000000 0.100000 1.058301 1.837917 0.000000
 0.688333 0.125000 0.000000 0.100000 1.058301 1.837917 0.000000
 0.689444 0.125000 0.000000 0.100000 1.058301 1.837917 0.000000
 0.690556 0.125000 0.000000 0.100000 1.058301 1.837917 0.000000
 0.691667 0.125000 0.000000 0.100000 1.058301 1.837917 0.000000
 0.692778 0.125000 0.000000 0.100000 1.058301 1.837917 0.000000
 0.693889 0.125000 0.000000 0.100000 1.058301 1.837917 0.000000
 0.695000 0.125000 0.000000 0.100000 1.058301 1.837917 0.000000
 0.696111 0.125000 0.000000 0.100000 1.058301 1.837917 0.000000
 0.697222 0.125000 0.000000 0.100000 1.058301 1.837917 0.000000
 0.698333 0.125000 0.000000 0.100000 1.058301 1.837917 0.000000
 0.699444 0.125000 0.000000 0.100000 1.058301 1.837917 0.000000
 0.700556 0.125000 0.000000 0.100000 1.058301 1.837917 0.000000
 0.701667 0.125000 0.000000 0.100000 1.058301 1.837917 0.000000
 0.702778 0.125000 0.000000 0.100000 1.058301 1.837917 0.000000
 0.703889 0.125000 0.000000 0.100000 1.058301 1.837917 0.000000
 0.705000 0.125000 0.000000 0.100000 1.058301 1.837917 0.000000
 0.706111 0.125000 0.000000 0.100000 1.058301 1.837917 0.000000
 0.707222 0.125000 0.000000 0.100000 1.058301 1.837917 0.000000
 0.708333 0.125000 0.000000 0.100000 1.058301 1.837917 0.000000
 0.709444 0.125000 0.000000 0.100000 1.058301 1.837917 0.000000
 0.710556 0.125000 0.000000 0.100000 1.058301 1.837917 0.000000
 0.711667 0.125000 0.000000 0.100000 1.058301 1.837917 0.000000
 0.712778 0.125000 0.000000 0.100000 1.058301 1.837917 0.000000
 0.713889 0.125000 0.000000 0.100000 1.058301 1.837917 0.000000
 0.715000 0.125000 0.000000 0.100000 1.058301 1.837917 0.000000
 0.716111 0.125000 0.000000 0.100000 1.058301 1.837917 0.000000
 0.717222 0.125000 0.000000 0.100000 1.058301 1.837917 0.000000
 0.718333 0.125000 0.000000 0.100000 1.058301 1.837917 0.000000
 0.719444 0.125000 0.000000 0.100000 1.058301 1.837917 0.000000
 0.720556 0.125000 0.000000 0.100000 1.058301 1.837917 0.000000
 0.721667 0.125000 0.000000 0.100000 1.058301 1.837917 0.000000
 0.722778 0.125000 0.000000 0.100000 1.058301 1.837917 0.000000
 0.723889 0.125000 0.000000 0.100000 1.058301 1.837917 0.000000
 0.725000 0.125000 0.000000 0.100000 1.058301 1.837917 0.000000
 0.726111 0.125000 0.000000 0.100000 1.058301 1.837917 0.000000
 0.727222 0.125000 0.000000 0.100000 1.058301 1.837917 0.000000
 0.728333 0.125000 0.000000 0.100000 1.058301 1.837917 0.000000
 0.729444 0.125000 0.000000 0.100000 1.058301 1.837917 0.000000
 0.730556 0.125000 0.000000 0.100000 1.058301 1.837917 0.000000
 0.731667 0.125000 0.000000 0.100000 1.058301 1.837917 0.000000
 0.732778 0.125000 0.000000 0.100000 1.058301 1.837917 0.000000
 0.733889 0.125000 0.000000 0.100000 1.058301 1.837917 0.000000
 0.735000 0.125000 0.000000 0.100000 1.058301 1.837917 0.000000
 0.736111 0.125000 0.000000 0.100000 1.058301 1.837917 0.000000
 0.737222 0.125000 0.000000 0.100000 1.058301 1.837917 0.000000
 0.738333 0.125000 0.000000 0.100000 1.058301 1.837917 0.000000
 0.739444 0.125000 0.000000 0.100000 1.058301 1.837917 0.000000
 0.740556 0.125000 0.000000 0.100000 1.058301 1.837917 0.000000
 0.741667 0.125000 0.000000 0.100000 1.058301 1.837917 0.000000
 0.742778 0.125000 0.000000 0.100000 1.058301 1.837917 0.000000
 0.743889 0.125000 0.000000 0.100000 1.058301 1.837917 0.000000
 0.745000 0.125000 0.000000 0.100000 1.058301 1.837917 0.000000
 0.746111 0.125000 0.000000 0.100000 1.058301 1.837917 0.000000
 0.747222 0.125000 0.000000 0.100000 1.058301 1.837917 0.000000
 0.748333 0.125000 0.000000 0.100000 1.058301 1.837917 0.000000
 0.749444 0.125000 0.000000 0.100000 1.058301 1.837917 0.000000
 0.750556 0.125000 0.000000 0.100000 1.058301 1.837917 0.000000
 0.751667 0.125000 0.000000 0.100000 1.058301 1.837917 0.000000
 0.752778 0.125000 0.000000 0.100000 1.058301 1.837917 0.000000
 0.753889 0.125000 0.000000 0.100000 1.058301 1.837917 0.000000
 0.755000 0.125000 0.000000 0.100000 1.058301 1.837917 0.000000
 0.756111 0.125000 0.000000 0.100000 1.058301 1.837917 0.000000
 0.757222 0.125000 0.000000 0.100000 1.058301 1.837917 0.000000
 0.758333 0.125000 0.000000 0.100000 1.058301 1.837917 0.000000
 0.759444 0.125000 0.000000 0.100000 1.058301 1.837917 0.000000
 0.760556 0.125000 0.000000 0.100000 1.058301 1.837917 0.000000
 0.761667 0.125000 0.000000 0.100000 1.058301 1.837917 0.000000
 0.762778 0.125000 0.000000 0.100000 1.058301 1.837917 0.000000
 0.763889 0.125000 0.000000 0.100000 1.058301 1.837917 0.000000
 0.765000 0.125000 0.000000 0.100000 1.058301 1.837917 0.000000
 0.766111 0.125000 0.000000 0.100000 1.058301 1.837917 0.000000
 0.767222 0.125000 0.000000 0.100000 1.058301 1.837917 0.000000
 0.768333 0.125000 0.000000 0.100000 1.058301 1.837917 0.000000
 0.769444 0.125000 0.000000 0.100000 1.058301 1.837917 0.000000
 0.770556 0.125000 0.000000 0.100000 1.058301 1.837917 0.000000
 0.771667 0.125000 0.000000 0.100000 1.058301 1.837917 0.000000
 0.772778 0.125000 0.000000 0.100000 1.058301 1.837917 0.000000
 0.773889 0.125000 0.000000 0.100000 1.058301 1.837917 0.000000
 0.775000 0.125000 0.000000 0.100000 1.058301 1.837917 0.000000
 0.776111 0.125000 0.000000 0.100000 1.058301 1.837917 0.000000
 0.777222 0.125000 0.000000 0.100000 1.058301 1.837917 0.000000
 0.778333 0.125000 0.000000 0.100000 1.058301 1.837917 0.000000
 0.779444 0.125000 0.000000 0.100000 1.058301 1.837917 0.000000
 0.780556 0.125000 0.000000 0.100000 1.058301 1.837917 0.000000
 0.781667 0.125000 0.000000 0.100000 1.058301 1.837917 0.000000
 0.782778 0.125000 0.000000 0.100000 1.058301 1.837917 0.000000
 0.783889 0.125000 0.000000 0.100000 1.058301 1.837917 0.000000
 0.785000 0.125000 0.000000 0.100000 1.058301 1.837917 0.000000
 0.786111 0.125000 0.000000 0.100000 1.058301 1.837917 0.000000
 0.787222 0.125000 0.000000 0.100000 1.058301 1.837917 0.000000
 0.788333 0.125000 0.000000 0.100000 1.058301 1.837917 0.000000
 0.789444 0.125000 0.000000 0.100000 1.058301 1.837917 0.000000
 0.790556 0.125000 0.000000 0.100000 1.058301 1.837917 0.000000
 0.791667 0.125000 0.000000 0.100000 1.058301 1.837917 0.000000
 0.792778 0.125000 0.000000 0.100000 1.058301 1.837917 0.000000
 0.793889 0.125000 0.000000 0.100000 1.058301 1.837917 0.000000
 0.795000 0.125000 0.000000 0.100000 1.058301 1.837917 0.000000
 0.796111 0.125000 0.000000 0.100000 1.058301 1.837917 0.000000
 0.797222 0.125000 0.000000 0.100000 1.058301 1.837917 0.000000
 0.798333 0.125000 0.000000 0.100000 1.058301 1.837917 0.000000
 0.799444 0.125000 0.000000 0.100000 1.058301 1.837917 0.000000
 0.800556 0.125000 0.000000 0.100000 1.058301 1.837917 0.000000
 0.801667 0.125000 0.000000 0.100000 1.058301 1.837917 0.000000
 0.802778 0.125000 0.000000 0.100000 1.058301 1.837917 0.000000
 0.803889 0.125000 0.000000 0.100000 1.058301 1.837917 0.000000
 0.805000 0.125000 0.000000 0.100000 1.058301 1.837917 0.000000
 0.806111 0.125000 0.000000 0.100000 1.058301 1.837917 0.000000
 0.807222 0.125000 0.000000 0.100000 1.058301 1.837917 0.000000
 0.808333 0.125000 0.000000 0.100000 1.058301 1.837917 0.000000
 0.809444 0.125000 0.000000 0.100000 1.058301 1.837917 0.000000
 0.810556 0.125000 0.000000 0.100000 1.058301 1.837917 0.000000
 0.811667 0.125000 0.000000 0.100000 1.058301 1.837917 0.000000
 0.812778 0.125000 0.000000 0.100000 1.058301 1.837917 0.000000
 0.813889 0.125000 0.000000 0.100000 1.058301 1.837917 0.000000
 0.815000 0.125000 0.000000 0.100000 1.058301 1.837917 0.000000
 0.816111 0.125000 0.000000 0.100000 1.058301 1.837917 0.000000
 0.817222 0.125000 0.000000 0.100000 1.058301 1.837917 0.000000
 0.818333 0.125000 0.000000 0.100000 1.058301 1.837917 0.000000
 0.819444 0.125000 0.000000 0.100000 1.058301 1.837917 0.000000
 0.820556 0.125000 0.000000 0.100000 1.058301 1.837917 0.000000
 0.821667 0.125000 0.000000 0.100000 1.058301 1.837917 0.000000
 0.822778 0.125000 0.000000 0.100000 1.058301 1.837917 0.000000
 0.823889 0.125000 0.000000 0.100000 1.058301 1.837917 0.000000
 0.825000 0.125000 0.000000 0.100000 1.058301 1.837917 0.000000
 0.826111 0.125000 0.000000 0.100000 1.058301 1.837917 0.000000
 0.827222 0.125000 0.000000 0.100000 1.058301 1.837917 0.000000
 0.828333 0.125000 0.000000 0.100000 1.058301 1.837917 0.000000
 0.829444 0.125000 0.000000 0.100000 1.058301 1.837917 0.000000
 0.830556 0.125000 0.000000 0.100000 1.058301 1.837917 0.000000
 0.831667 0.125000 0.000000 0.100000 1.058301 1.837917 0.000000
 0.832778 0.125000 0.000000 0.100000 1.058301 1.837917 0.000000
 0.833889 0.125000 0.000000 0.100000 1.058301 1.837917 0.000000
 0.835000 0.125000 0.000000 0.100000 1.058301 1.837917 0.000000
 0.836111 0.125000 0.000000 0.100000 1.058301 1.837917 0.000000
 0.837222 0.125000 0.000000 0.100000 1.058301 1.837917 0.000000
 0.838333 0.125000 0.000000 0.100000 1.058301 1.837917 0.000000
 0.839444 0.125000 0.000000 0.100000 1.058301 1.837917 0.000000
 0.840556 0.125000 0.000000 0.100000 1.058301 1.837917 0.000000
 0.841667 0.125000 0.000000 0.100000 1.058301 1.837917 0.000000
 0.842778 0.125000 0.000000 0.100000 1.058301 1.837917 0.000000
 0.843889 0.125000 0.000000 0.100000 1.058301 1.837917 0.000000
 0.845000 0.125000 0.000000 0.100000 1.058301 1.837917 0.000000
 0.846111 0.125000 0.000000 0.100000 1.058301 1.837917 0.000000
 0.847222 0.125000 0.000000 0.100000 1.058301 1.837917 0.000000
 0.848333 0.125000 0.000000 0.100000 1.058301 1.837917 0.000000
 0.849444 0.125000 0.000000 0.100000 1.058301 1.837917 0.000000
 0.850556 0.125000 0.000000 0.100000 1.058301 1.837917 0.000000
 0.851667 0.125000 0.000000 0.100000 1.058301 1.837917 0.000000
 0.852778 0.125000 0.000000 0.100000 1.058301 1.837917 0.000000
 0.853889 0.125000 0.000000 0.100000 1.058301 1.837917 0.000000
 0.855000 0.125000 0.000000 0.100000 1.058301 1.837917 0.000000
 0.856111 0.125000 0.000000 0.100000 1.058301 1.837917 0.000000
 0.857222 0.125000 0.000000 0.100000 1.058301 1.837917 0.000000
 0.858333 0.125000 0.000000 0.100000 1.058301 1.837917 0.000000
 0.859444 0.125000 0.000000 0.100000 1.058301 1.837917 0.000000
 0.860556 0.125000 0.000000 0.100000 1.058301 1.837917 0.000000
 0.861667 0.125000 0.000000 0.100000 1.058301 1.837917 0.000000
 0.862778 0.125000 0.000000 0.100000 1.058301 1.837917 0.000000
 0.863889 0.125000 0.000000 0.100000 1.058301 1.837917 0.000000
 0.865000 0.125000 0.000000 0.100000 1.058301 1.837917 0.000000
 0.866111 0.125000 0.000000 0.100000 1.058301 1.837917 0.000000
 0.867222 0.125000 0.000000 0.100000 1.058301 1.837917 0.000000
 0.868333 0.125000 0.000000 0.100000 1.058301 1.837917 0.000000
 0.869444 0.125000 0.000000 0.100000 1.058301 1.837917 0.000000
 0.870556 0.125000 0.000000 0.100000 1.058301 1.837917 0.000000
 0.871667 0.125000 0.000000 0.100000 1.058301 1.837917 0.000000
 0.872778 0.125000 0.000000 0.100000 1.058301 1.837917 0.000000
 0.873889 0.125000 0.000000 0.100000 1.058301 1.837917 0.000000
 0.875000 0.125000 0.000000 0.100000 1.058301 1.837917 0.000000
 0.876111 0.125000 0.000000 0.100000 1.058301 1.837917 0.000000
 0.877222 0.125000 0.000000 0.100000 1.058301 1.837917 0.000000
 0.878333 0.125000 0.000000 0.100000 1.058301 1.837917 0.000000
 0.879444 0.125000 0.000000 0.100000 1.058301 1.837917 0.000000
 0.880556 0.125000 0.000000 0.100000 1.058301 1.837917 0.000000
 0.881667 0.125000 0.000000 0.100000 1.058301 1.837917 0.000000
 0.882778 0.125000 0.000000 0.100000 1.058301 1.837917 0.000000
 0.883889 0.125000 0.000000 0.100000 1.058301 1.837917 0.000000
 0.885000 0.125000 0.000000 0.100000 1.058301 1.837917 0.000000
 0.886111 0.125000 0.000000 0.100000 1.058301 1.837917 0.000000
 0.887222 0.125000 0.000000 0.100000 1.058301 1.837917 0.000000
 0.888333 0.125000 0.000000 0.100000 1.058301 1.837917 0.000000
 0.889444 0.125000 0.000000 0.100000 1.058301 1.837917 0.000000
 0.890556 0.125000 0.000000 0.100000 1.058301 1.837917 0.000000
 0.891667 0.125000 0.000000 0.100000 1.058301 1.837917 0.000000
 0.892778 0.125000 0.000000 0.100000 1.058301 1.837917 0.000000
 0.893889 0.125000 0.000000 0.100000 1.058301 1.837917 0.000000
 0.895000 0.125000 0.000000 0.100000 1.058301 1.837917 0.000000
 0.896111 0.125000 0.000000 0.100000 1.058301 1.837917 0.000000
 0.897222 0.125000 0.000000 0.100000 1.058301 1.837917 0.000000
 0.898333 0.125000 0.000000 0.100000 1.058301 1.837917 0.000000
 0.899444 0.125000 0.000000 0.100000 1.058301 1.837917 0.000000
 0.900556 0.125000 0.000000 0.100000 1.058301 1.837917 0.000000
 0.901667 0.125000 0.000000 0.100000 1.058301 1.837917 0.000000
 0.902778 0.125000 0.000000 0.100000 1.058301 1.837917 0.000000
 0.903889 0.125000 0.000000 0.100000 1.058301 1.837917 0.000000
 0.905000 0.125000 0.000000 0.100000 1.058301 1.837917 0.000000
 0.906111 0.125000 0.000000 0.100000 1.058301 1.837917 0.000000
 0.907222 0.125000 0.000000 0.100000 1.058301 1.837917 0.000000
 0.908333 0.125000 0.000000 0.100000 1.058301 1.837917 0.000000
 0.909444 0.125000 0.000000 0.100000 1.058301 1.837917 0.000000
 0.910556 0.125000 0.000000 0.100000 1.058301 1.837917 0.000000
 0.911667 0.125000 0.000000 0.100000 1.058301 1.837917 0.000000
 0.912778 0.125000 0.000000 0.100000 1.058301 1.837917 0.000000
 0.913889 0.125000 0.000000 0.100000 1.058301 1.837917 0.000000
 0.915000 0.125000 0.000000 0.100000 1.058301 1.837917 0.000000
 0.916111 0.125000 0.000000 0.100000 1.058301 1.837917 0.000000
 0.917222 0.125000 0.000000 0.100000 1.058301 1.837917 0.000000
 0.918333 0.125000 0.000000 0.100000 1.058301 1.837917 0.000000
 0.919444 0.125000 0.000000 0.100000 1.058301 1.837917 0.000000
 0.920556 0.125000 0.000000 0.100000 1.058301 1.837917 0.000000
 0.921667 0.125000 0.000000 0.100000 1.058301 1.837917 0.000000
 0.922778 0.125000 0.000000 0.100000 1.058301 1.837917 0.000000
 0.923889 0.125000 0.000000 0.100000 1.058301 1.837917 0.000000
 0.925000 0.125000 0.000000 0.100000 1.058301 1.837917 0.000000
 0.926111 0.125000 0.000000 0.100000 1.058301 1.837917 0.000000
 0.927222 0.125000 0.000000 0.100000 1.058301 1.837917 0.000000
 0.928333 0.125000 0.000000 0.100000 1.058301 1.837917 0.000000
 0.929444 0.125000 0.000000 0.100000 1.058301 1.837917 0.000000
 0.930556 0.125000 0.000000 0.100000 1.058301 1.837917 0.000000
 0.931667 0.125000 0.000000 0.100000 1.058301 1.837917 0.000000
 0.932778 0.125000 0.000000 0.100000 1.058301 1.837917 0.000000
 0.933889 0.125000 0.000000 0.100000 1.058301 1.837917 0.000000
 0.935000 0.125000 0.000000 0.100000 1.058301 1.837917 0.000000
 0.936111 0.125000 0.000000 0.100000 1.058301 1.837917 0.000000
 0.937222 0.125000 0.000000 0.100000 1.058301 1.837917 0.000000
 0.938333 0.125000 0.000000 0.100000 1.058301 1.837917 0.000000
 0.939444 0.125000 0.000000 0.100000 1.058301 1.837917 0.000000
 0.940556 0.125000 0.000000 0.100000 1.058301 1.837917 0.000000
 0.941667 0.125000 0.000000 0.100000 1.058301 1.837917 0.000000
 0.942778 0.125000 0.000000 0.100000 1.058301 1.837917 0.000000
 0.943889 0.125000 0.000000 0.100000 1.058301 1.837917 0.000000
 0.945000 0.125000 0.000000 0.100000 1.058301 1.837917 0.000000
 0.946111 0.125000 0.000000 0.100000 1.058301 1.837917 0.000000
 0.947222 0.125000 0.000000 0.100000 1.058301 1.837917 0.000000
 0.948333 0.125000 0.000000 0.100000 1.058301 1.837917 0.000000
 0.949444 0.125000 0.000000 0.100000 1.058301 1.837917 0.000000
 0.950556 0.125000 0.000000 0.100000 1.058301 1.837917 0.000000
 0.951667 0.125000 0.000000 0.100000 1.058301 1.837917 0.000000
 0.952778 0.125000 0.000000 0.100000 1.058301 1.837917 0.000000
 0.953889 0.125000 0.000000 0.100000 1.058301 1.837917 0.000000
 0.955000 0.125000 0.000000 0.100000 1.058301 1.837917 0.000000
 0.956111 0.125000 0.000000 0.100000 1.058301 1.837917 0.000000
 0.957222 0.125000 0.000000 0.100000 1.058301 1.837917 0.000000
 0.958333 0.125000 0.000000 0.100000 1.058301 1.837917 0.000000
 0.959444 0.125000 0.000000 0.100000 1.058301 1.837917 0.000000
 0.960556 0.125000 0.000000 0.100000 1.058301 1.837917 0.000000
 0.961667 0.125000 0.000000 0.100000 1.058301 1.837917 0.000000
 0.962778 0.125000 0.000000 0.100000 1.058301 1.837917 0.000000
 0.963889 0.125000 0.000000 0.100000 1.058301 1.837917 0.000000
 0.965000 0.125000 0.000000 0.100000 1.058301 1.837917 0.000000
 0.966111 0.125000 0.000000 0.100000 1.058301 1.837917 0.000000
 0.967222 0.125000 0.000000 0.100000 1.058301 1.837917 0.000000
 0.968333 0.125000 0.000000 0.100000 1.058301 1.837917 0.000000
 0.969444 0.125000 0.000000 0.100000 1.058301 1.837917 0.000000
 0.970556 0.125000 0.000000 0.100000 1.058301 1.837917 0.000000
 0.971667 0.125000 0.000000 0.100000 1.058301 1.837917 0.000000
 0.972778 0.125000 0.000000 0.100000 1.058301 1.837917 0.000000
 0.973889 0.125000 0.000000 0.100000 1.058301 1.837917 0.000000
 0.975000 0.125000 0.000000 0.100000 1.058301 1.837917 0.000000
 0.976111 0.125000 0.000000 0.100000 1.058301 1.837917 0.000000
 0.977222 0.125000 0.000000 0.100000 1.058301 1.837917 0.000000
 0.978333 0.125000 0.000000 0.100000 1.058301 1.837917 0.000000
 0.979444 0.125000 0.000000 0.100000 1.058301 1.837917 0.000000
 0.980556 0.125000 0.000000 0.100000 1.058301 1.837917 0.000000
 0.981667 0.125000 0.000000 0.100000 1.058301 1.837917 0.000000
 0.982778 0.125000 0.000000 0.100000 1.058301 1.837917 0.000000
 0.983889 0.125000 0.000000 0.100000 1.058301 1.837917 0.000000
 0.985000 0.125000 0.000000 0.100000 1.058301 1.837917 0.000000
 0.986111 0.125000 0.000000 0.100000 1.058301 1.837917 0.000000
 0.987222 0.125000 0.000000 0.100000 1.058301 1.837917 0.000000
 0.988333 0.125000 0.000000 0.100000 1.058301 1.837917 0.000000
 0.989444 0.125000 0.000000 0.100000 1.058301 1.837917 0.000000
 0.990556 0.125000 0.000000 0.100000 1.058301 1.837917 0.000000
 0.991667 0.125000 0.000000 0.100000 1.058301 1.837917 0.000000
 0.992778 0.125000 0.000000 0.100000 1.058301 1.837917 0.000000
 0.993889 0.125000 0.000000 0.100000 1.058301 1.837917 0.000000
 0.995000 0.125000 0.000000 0.100000 1.058301 1.837917 0.000000
 0.996111 0.125000 0.000000 0.100000 1.058301 1.837917 0.000000
 0.997222 0.125000 0.000000 0.100000 1.058301 1.837917 0.000000
 0.998333 0.125000 0.000000 0.100000 1.058301 1.837917 0.000000
 0.999444 0.125000 0.000000 0.100000 1.058301 1.837917 0.000000
