Timer: 0.044818
 0.000556 1.000000 0.000000 1.000000 1.183216 1.000000 0.000000
 0.001667 1.000000 0.000000 1.000000 1.183216 1.000000 0.000000
 0.002778 1.000000 0.000000 1.000000 1.183216 1.000000 0.000000
 0.003889 1.000000 0.000000 1.000000 1.183216 1.000000 0.000000
 0.005000 1.000000 0.000000 1.000000 1.183216 1.000000 0.000000
 0.006111 1.000000 0.000000 1.000000 1.183216 1.000000 0.000000
 0.007222 1.000000 0.000000 1.000000 1.183216 1.000000 0.000000
 0.008333 1.000000 0.000000 1.000000 1.183216 1.000000 0.000000
 0.009444 1.000000 0.000000 1.000000 1.183216 1.000000 0.000000
 0.010556 1.000000 0.000000 1.000000 1.183216 1.000000 0.000000
 0.011667 1.000000 0.000000 1.000000 1.183216 1.000000 0.000000
 0.012778 1.000000 0.000000 1.000000 1.183216 1.000000 0.000000
 0.013889 1.000000 0.000000 1.000000 1.183216 1.000000 0.000000
 0.015000 1.000000 0.000000 1.000000 1.183216 1.000000 0.000000
 0.016111 1.000000 0.000000 1.000000 1.183216 1.000000 0.000000
 0.017222 1.000000 0.000000 1.000000 1.183216 1.000000 0.000000
 0.018333 1.000000 0.000000 1.000000 1.183216 1.000000 0.000000
 0.019444 1.000000 0.000000 1.000000 1.183216 1.000000 0.000000
 0.020556 1.000000 0.000000 1.000000 1.183216 1.000000 0.000000
 0.021667 1.000000 0.000000 1.000000 1.183216 1.000000 0.000000
 0.022778 1.000000 0.000000 1.000000 1.183216 1.000000 0.000000
 0.023889 1.000000 0.000000 1.000000 1.183216 1.000000 0.000000
 0.025000 1.000000 0.000000 1.000000 1.183216 1.000000 0.000000
 0.026111 1.000000 0.000000 1.000000 1.183216 1.000000 0.000000
 0.027222 1.000000 0.000000 1.000000 1.183216 1.000000 0.000000
 0.028333 1.000000 0.000000 1.000000 1.183216 1.000000 0.000000
 0.029444 1.000000 0.000000 1.000000 1.183216 1.000000 0.000000
 0.030556 1.000000 0.000000 1.000000 1.183216 1.000000 0.000000
 0.031667 1.000000 0.000000 1.000000 1.183216 1.000000 0.000000
 0.032778 1.000000 0.000000 1.000000 1.183216 1.000000 0.000000
 0.033889 1.000000 0.000000 1.000000 1.183216 1.000000 0.000000
 0.035000 1.000000 0.000000 1.000000 1.183216 1.000000 0.000000
 0.036111 1.000000 0.000000 1.000000 1.183216 1.000000 0.000000
 0.037222 1.000000 0.000000 1.000000 1.183216 1.000000 0.000000
 0.038333 1.000000 0.000000 1.000000 1.183216 1.000000 0.000000
 0.039444 1.000000 0.000000 1.000000 1.183216 1.000000 0.000000
 0.040556 1.000000 0.000000 1.000000 1.183216 1.000000 0.000000
 0.041667 1.000000 0.000000 1.000000 1.183216 1.000000 0.000000
 0.042778 1.000000 0.000000 1.000000 1.183216 1.000000 0.000000
 0.043889 1.000000 0.000000 1.000000 1.183216 1.000000 0.000000
 0.045000 1.000000 0.000000 1.000000 1.183216 1.000000 0.000000
 0.046111 1.000000 0.000000 1.000000 1.183216 1.000000 0.000000
 0.047222 1.000000 0.000000 1.000000 1.183216 1.000000 0.000000
 0.048333 1.000000 0.000000 1.000000 1.183216 1.000000 0.000000
 0.049444 1.000000 0.000000 1.000000 1.183216 1.000000 0.000000
 0.050556 1.000000 0.000000 1.000000 1.183216 1.000000 0.000000
 0.051667 1.000000 0.000000 1.000000 1.183216 1.000000 0.000000
 0.052778 1.000000 0.000000 1.000000 1.183216 1.000000 0.000000
 0.053889 1.000000 0.000000 1.000000 1.183216 1.000000 0.000000
 0.055000 1.000000 0.000000 1.000000 1.183216 1.000000 0.000000
 0.056111 1.000000 0.000000 1.000000 1.183216 1.000000 0.000000
 0.057222 1.000000 0.000000 1.000000 1.183216 1.000000 0.000000
 0.058333 1.000000 0.000000 1.000000 1.183216 1.000000 0.000000
 0.059444 1.000000 0.000000 1.000000 1.183216 1.000000 0.000000
 0.060556 1.000000 0.000000 1.000000 1.183216 1.000000 0.000000
 0.061667 1.000000 0.000000 1.000000 1.183216 1.000000 0.000000
 0.062778 1.000000 0.000000 1.000000 1.183216 1.000000 0.000000
 0.063889 1.000000 0.000000 1.000000 1.183216 1.000000 0.000000
 0.065000 1.000000 0.000000 1.000000 1.183216 1.000000 0.000000
 0.066111 1.000000 0.000000 1.000000 1.183216 1.000000 0.000000
 0.067222 1.000000 0.000000 1.000000 1.183216 1.000000 0.000000
 0.068333 1.000000 0.000000 1.000000 1.183216 1.000000 0.000000
 0.069444 1.000000 0.000000 1.000000 1.183216 1.000000 0.000000
 0.070556 1.000000 0.000000 1.000000 1.183216 1.000000 0.000000
 0.071667 1.000000 0.000000 1.000000 1.183216 1.000000 0.000000
 0.072778 1.000000 0.000000 1.000000 1.183216 1.000000 0.000000
 0.073889 1.000000 0.000000 1.000000 1.183216 1.000000 0.000000
 0.075000 1.000000 0.000000 1.000000 1.183216 1.000000 0.000000
 0.076111 1.000000 0.000000 1.000000 1.183216 1.000000 0.000000
 0.077222 1.000000 0.000000 1.000000 1.183216 1.000000 0.000000
 0.078333 1.000000 0.000000 1.000000 1.183216 1.000000 0.000000
 0.079444 1.000000 0.000000 1.000000 1.183216 1.000000 0.000000
 0.080556 1.000000 0.000000 1.000000 1.183216 1.000000 0.000000
 0.081667 1.000000 0.000000 1.000000 1.183216 1.000000 0.000000
 0.082778 1.000000 0.000000 1.000000 1.183216 1.000000 0.000000
 0.083889 1.000000 0.000000 1.000000 1.183216 1.000000 0.000000
 0.085000 1.000000 0.000000 1.000000 1.183216 1.000000 0.000000
 0.086111 1.000000 0.000000 1.000000 1.183216 1.000000 0.000000
 0.087222 1.000000 0.000000 1.000000 1.183216 1.000000 0.000000
 0.088333 1.000000 0.000000 1.000000 1.183216 1.000000 0.000000
 0.089444 1.000000 0.000000 1.000000 1.183216 1.000000 0.000000
 0.090556 1.000000 0.000000 1.000000 1.183216 1.000000 0.000000
 0.091667 1.000000 0.000000 1.000000 1.183216 1.000000 0.000000
 0.092778 1.000000 0.000000 1.000000 1.183216 1.000000 0.000000
 0.093889 1.000000 0.000000 1.000000 1.183216 1.000000 0.000000
 0.095000 1.000000 0.000000 1.000000 1.183216 1.000000 0.000000
 0.096111 1.000000 0.000000 1.000000 1.183216 1.000000 0.000000
 0.097222 1.000000 0.000000 1.000000 1.183216 1.000000 0.000000
 0.098333 1.000000 0.000000 1.000000 1.183216 1.000000 0.000000
 0.099444 1.000000 0.000000 1.000000 1.183216 1.000000 0.000000
 0.100556 1.000000 0.000000 1.000000 1.183216 1.000000 0.000000
 0.101667 1.000000 0.000000 1.000000 1.183216 1.000000 0.000000
 0.102778 1.000000 0.000000 1.000000 1.183216 1.000000 0.000000
 0.103889 1.000000 0.000000 1.000000 1.183216 1.000000 0.000000
 0.105000 1.000000 0.000000 1.000000 1.183216 1.000000 0.000000
 0.106111 1.000000 0.000000 1.000000 1.183216 1.000000 0.000000
 0.107222 1.000000 0.000000 1.000000 1.183216 1.000000 0.000000
 0.108333 1.000000 0.000000 1.000000 1.183216 1.000000 0.000000
 0.109444 1.000000 0.000000 1.000000 1.183216 1.000000 0.000000
 0.110556 1.000000 0.000000 1.000000 1.183216 1.000000 0.000000
 0.111667 1.000000 0.000000 1.000000 1.183216 1.000000 0.000000
 0.112778 1.000000 0.000000 1.000000 1.183216 1.000000 0.000000
 0.113889 1.000000 0.000000 1.000000 1.183216 1.000000 0.000000
 0.115000 1.000000 0.000000 1.000000 1.183216 1.000000 0.000000
 0.116111 1.000000 0.000000 1.000000 1.183216 1.000000 0.000000
 0.117222 1.000000 0.000000 1.000000 1.183216 1.000000 0.000000
 0.118333 1.000000 0.000000 1.000000 1.183216 1.000000 0.000000
 0.119444 1.000000 0.000000 1.000000 1.183216 1.000000 0.000000
 0.120556 1.000000 0.000000 1.000000 1.183216 1.000000 0.000000
 0.121667 1.000000 0.000000 1.000000 1.183216 1.000000 0.000000
 0.122778 1.000000 0.000000 1.000000 1.183216 1.000000 0.000000
 0.123889 1.000000 0.000000 1.000000 1.183216 1.000000 0.000000
 0.125000 1.000000 0.000000 1.000000 1.183216 1.000000 0.000000
 0.126111 1.000000 0.000000 1.000000 1.183216 1.000000 0.000000
 0.127222 1.000000 0.000000 1.000000 1.183216 1.000000 0.000000
 0.128333 1.000000 0.000000 1.000000 1.183216 1.000000 0.000000
 0.129444 1.000000 0.000000 1.000000 1.183216 1.000000 0.000000
 0.130556 1.000000 0.000000 1.000000 1.183216 1.000000 0.000000
 0.131667 1.000000 0.000000 1.000000 1.183216 1.000000 0.000000
 0.132778 1.000000 0.000000 1.000000 1.183216 1.000000 0.000000
 0.133889 1.000000 0.000000 1.000000 1.183216 1.000000 0.000000
 0.135000 1.000000 0.000000 1.000000 1.183216 1.000000 0.000000
 0.136111 1.000000 0.000000 1.000000 1.183216 1.000000 0.000000
 0.137222 1.000000 0.000000 1.000000 1.183216 1.000000 0.000000
 0.138333 1.000000 0.000000 1.000000 1.183216 1.000000 0.000000
 0.139444 1.000000 0.000000 1.000000 1.183216 1.000000 0.000000
 0.140556 1.000000 0.000000 1.000000 1.183216 1.000000 0.000000
 0.141667 1.000000 0.000000 1.000000 1.183216 1.000000 0.000000
 0.142778 1.000000 0.000000 1.000000 1.183216 1.000000 0.000000
 0.143889 1.000000 0.000000 1.000000 1.183216 1.000000 0.000000
 0.145000 1.000000 0.000000 1.000000 1.183216 1.000000 0.000000
 0.146111 1.000000 0.000000 1.000000 1.183216 1.000000 0.000000
 0.147222 1.000000 0.000000 1.000000 1.183216 1.000000 0.000000
 0.148333 1.000000 0.000000 1.000000 1.183216 1.000000 0.000000
 0.149444 1.000000 0.000000 1.000000 1.183216 1.000000 0.000000
 0.150556 1.000000 0.000000 1.000000 1.183216 1.000000 0.000000
 0.151667 1.000000 0.000000 1.000000 1.183216 1.000000 0.000000
 0.152778 1.000000 0.000000 1.000000 1.183216 1.000000 0.000000
 0.153889 1.000000 0.000000 1.000000 1.183216 1.000000 0.000000
 0.155000 1.000000 0.000000 1.000000 1.183216 1.000000 0.000000
 0.156111 1.000000 0.000000 1.000000 1.183216 1.000000 0.000000
 0.157222 1.000000 0.000000 1.000000 1.183216 1.000000 0.000000
 0.158333 1.000000 0.000000 1.000000 1.183216 1.000000 0.000000
 0.159444 1.000000 0.000000 1.000000 1.183216 1.000000 0.000000
 0.160556 1.000000 0.000000 1.000000 1.183216 1.000000 0.000000
 0.161667 1.000000 0.000000 1.000000 1.183216 1.000000 0.000000
 0.162778 1.000000 0.000000 1.000000 1.183216 1.000000 0.000000
 0.163889 1.000000 0.000000 1.000000 1.183216 1.000000 0.000000
 0.165000 1.000000 0.000000 1.000000 1.183216 1.000000 0.000000
 0.166111 1.000000 0.000000 1.000000 1.183216 1.000000 0.000000
 0.167222 1.000000 0.000000 1.000000 1.183216 1.000000 0.000000
 0.168333 1.000000 0.000000 1.000000 1.183216 1.000000 0.000000
 0.169444 1.000000 0.000000 1.000000 1.183216 1.000000 0.000000
 0.170556 1.000000 0.000000 1.000000 1.183216 1.000000 0.000000
 0.171667 1.000000 0.000000 1.000000 1.183216 1.000000 0.000000
 0.172778 1.000000 0.000000 1.000000 1.183216 1.000000 0.000000
 0.173889 1.000000 0.000000 1.000000 1.183216 1.000000 0.000000
 0.175000 1.000000 0.000000 1.000000 1.183216 1.000000 0.000000
 0.176111 1.000000 0.000000 1.000000 1.183216 1.000000 0.000000
 0.177222 1.000000 0.000000 1.000000 1.183216 1.000000 0.000000
 0.178333 1.000000 0.000000 1.000000 1.183216 1.000000 0.000000
 0.179444 1.000000 0.000000 1.000000 1.183216 1.000000 0.000000
 0.180556 1.000000 0.000000 1.000000 1.183216 1.000000 0.000000
 0.181667 1.000000 0.000000 1.000000 1.183216 1.000000 0.000000
 0.182778 1.000000 0.000000 1.000000 1.183216 1.000000 0.000000
 0.183889 1.000000 0.000000 1.000000 1.183216 1.000000 0.000000
 0.185000 1.000000 0.000000 1.000000 1.183216 1.000000 0.000000
 0.186111 1.000000 0.000000 1.000000 1.183216 1.000000 0.000000
 0.187222 1.000000 0.000000 1.000000 1.183216 1.000000 0.000000
 0.188333 1.000000 0.000000 1.000000 1.183216 1.000000 0.000000
 0.189444 1.000000 0.000000 1.000000 1.183216 1.000000 0.000000
 0.190556 1.000000 0.000000 1.000000 1.183216 1.000000 0.000000
 0.191667 1.000000 0.000000 1.000000 1.183216 1.000000 0.000000
 0.192778 1.000000 0.000000 1.000000 1.183216 1.000000 0.000000
 0.193889 1.000000 0.000000 1.000000 1.183216 1.000000 0.000000
 0.195000 1.000000 0.000000 1.000000 1.183216 1.000000 0.000000
 0.196111 1.000000 0.000000 1.000000 1.183216 1.000000 0.000000
 0.197222 1.000000 0.000000 1.000000 1.183216 1.000000 0.000000
 0.198333 1.000000 0.000000 1.000000 1.183216 1.000000 0.000000
 0.199444 1.000000 0.000000 1.000000 1.183216 1.000000 0.000000
 0.200556 1.000000 0.000000 1.000000 1.183216 1.000000 0.000000
 0.201667 1.000000 0.000000 1.000000 1.183216 1.000000 0.000000
 0.202778 1.000000 0.000000 1.000000 1.183216 1.000000 0.000000
 0.203889 1.000000 0.000000 1.000000 1.183216 1.000000 0.000000
 0.205000 1.000000 0.000000 1.000000 1.183216 1.000000 0.000000
 0.206111 1.000000 0.000000 1.000000 1.183216 1.000000 0.000000
 0.207222 1.000000 0.000000 1.000000 1.183216 1.000000 0.000000
 0.208333 1.000000 0.000000 1.000000 1.183216 1.000000 0.000000
 0.209444 1.000000 0.000000 1.000000 1.183216 1.000000 0.000000
 0.210556 1.000000 0.000000 1.000000 1.183216 1.000000 0.000000
 0.211667 1.000000 0.000000 1.000000 1.183216 1.000000 0.000000
 0.212778 1.000000 0.000000 1.000000 1.183216 1.000000 0.000000
 0.213889 1.000000 0.000000 1.000000 1.183216 1.000000 0.000000
 0.215000 1.000000 0.000000 1.000000 1.183216 1.000000 0.000000
 0.216111 1.000000 0.000000 1.000000 1.183216 1.000000 0.000000
 0.217222 1.000000 0.000000 1.000000 1.183216 1.000000 0.000000
 0.218333 1.000000 0.000000 1.000000 1.183216 1.000000 0.000000
 0.219444 1.000000 0.000000 1.000000 1.183216 1.000000 0.000000
 0.220556 1.000000 0.000000 1.000000 1.183216 1.000000 0.000000
 0.221667 1.000000 0.000000 1.000000 1.183216 1.000000 0.000000
 0.222778 1.000000 0.000000 1.000000 1.183216 1.000000 0.000000
 0.223889 1.000000 0.000000 1.000000 1.183216 1.000000 0.000000
 0.225000 1.000000 0.000000 1.000000 1.183216 1.000000 0.000000
 0.226111 1.000000 0.000000 1.000000 1.183216 1.000000 0.000000
 0.227222 1.000000 0.000000 1.000000 1.183216 1.000000 0.000000
 0.228333 1.000000 0.000000 1.000000 1.183216 1.000000 0.000000
 0.229444 1.000000 0.000000 1.000000 1.183216 1.000000 0.000000
 0.230556 1.000000 0.000000 1.000000 1.183216 1.000000 0.000000
 0.231667 1.000000 0.000000 1.000000 1.183216 1.000000 0.000000
 0.232778 1.000000 0.000000 1.000000 1.183216 1.000000 0.000000
 0.233889 1.000000 0.000000 1.000000 1.183216 1.000000 0.000000
 0.235000 1.000000 0.000000 1.000000 1.183216 1.000000 0.000000
 0.236111 1.000000 0.000000 1.000000 1.183216 1.000000 0.000000
 0.237222 1.000000 0.000000 1.000000 1.183216 1.000000 0.000000
 0.238333 1.000000 0.000000 1.000000 1.183216 1.000000 0.000000
 0.239444 1.000000 0.000000 1.000000 1.183216 1.000000 0.000000
 0.240556 1.000000 0.000000 1.000000 1.183216 1.000000 0.000000
 0.241667 1.000000 0.000000 1.000000 1.183216 1.000000 0.000000
 0.242778 1.000000 0.000000 1.000000 1.183216 1.000000 0.000000
 0.243889 1.000000 0.000000 1.000000 1.183216 1.000000 0.000000
 0.245000 1.000000 0.000000 1.000000 1.183216 1.000000 0.000000
 0.246111 1.000000 0.000000 1.000000 1.183216 1.000000 0.000000
 0.247222 1.000000 0.000000 1.000000 1.183216 1.000000 0.000000
 0.248333 1.000000 0.000000 1.000000 1.183216 1.000000 0.000000
 0.249444 1.000000 0.000000 1.000000 1.183216 1.000000 0.000000
 0.250556 1.000000 0.000000 1.000000 1.183216 1.000000 0.000000
 0.251667 1.000000 0.000000 1.000000 1.183216 1.000000 0.000000
 0.252778 1.000000 0.000000 1.000000 1.183216 1.000000 0.000000
 0.253889 1.000000 0.000000 1.000000 1.183216 1.000000 0.000000
 0.255000 1.000000 0.000000 1.000000 1.183216 1.000000 0.000000
 0.256111 1.000000 0.000000 1.000000 1.183216 1.000000 0.000000
 0.257222 1.000000 0.000000 1.000000 1.183216 1.000000 0.000000
 0.258333 1.000000 0.000000 1.000000 1.183216 1.000000 0.000000
 0.259444 1.000000 0.000000 1.000000 1.183216 1.000000 0.000000
 0.260556 1.000000 0.000000 1.000000 1.183216 1.000000 0.000000
 0.261667 1.000000 0.000000 1.000000 1.183216 1.000000 0.000000
 0.262778 1.000000 0.000000 1.000000 1.183216 1.000000 0.000000
 0.263889 1.000000 0.000000 1.000000 1.183216 1.000000 0.000000
 0.265000 1.000000 0.000000 1.000000 1.183216 1.000000 0.000000
 0.266111 1.000000 0.000000 1.000000 1.183216 1.000000 0.000000
 0.267222 1.000000 0.000000 1.000000 1.183216 1.000000 0.000000
 0.268333 1.000000 0.000000 1.000000 1.183216 1.000000 0.000000
 0.269444 1.000000 0.000000 1.000000 1.183216 1.000000 0.000000
 0.270556 1.000000 0.000000 1.000000 1.183216 1.000000 0.000000
 0.271667 1.000000 0.000000 1.000000 1.183216 1.000000 0.000000
 0.272778 1.000000 0.000000 1.000000 1.183216 1.000000 0.000000
 0.273889 1.000000 0.000000 1.000000 1.183216 1.000000 0.000000
 0.275000 1.000000 0.000000 1.000000 1.183216 1.000000 0.000000
 0.276111 1.000000 0.000000 1.000000 1.183216 1.000000 0.000000
 0.277222 1.000000 0.000000 1.000000 1.183216 1.000000 0.000000
 0.278333 1.000000 0.000000 1.000000 1.183216 1.000000 0.000000
 0.279444 1.000000 0.000000 1.000000 1.183216 1.000000 0.000000
 0.280556 1.000000 0.000000 1.000000 1.183216 1.000000 0.000000
 0.281667 1.000000 0.000000 1.000000 1.183216 1.000000 0.000000
 0.282778 1.000000 0.000000 1.000000 1.183216 1.000000 0.000000
 0.283889 1.000000 0.000000 1.000000 1.183216 1.000000 0.000000
 0.285000 1.000000 0.000000 1.000000 1.183216 1.000000 0.000000
 0.286111 1.000000 0.000000 1.000000 1.183216 1.000000 0.000000
 0.287222 1.000000 0.000000 1.000000 1.183216 1.000000 0.000000
 0.288333 1.000000 0.000000 1.000000 1.183216 1.000000 0.000000
 0.289444 1.000000 0.000000 1.000000 1.183216 1.000000 0.000000
 0.290556 1.000000 0.000000 1.000000 1.183216 1.000000 0.000000
 0.291667 1.000000 0.000000 1.000000 1.183216 1.000000 0.000000
 0.292778 1.000000 0.000000 1.000000 1.183216 1.000000 0.000000
 0.293889 1.000000 0.000000 1.000000 1.183216 1.000000 0.000000
 0.295000 1.000000 0.000000 1.000000 1.183216 1.000000 0.000000
 0.296111 1.000000 0.000000 1.000000 1.183216 1.000000 0.000000
 0.297222 1.000000 0.000000 1.000000 1.183216 1.000000 0.000000
 0.298333 1.000000 0.000000 1.000000 1.183216 1.000000 0.000000
 0.299444 1.000000 0.000000 1.000000 1.183216 1.000000 0.000000
 0.300556 1.000000 0.000000 1.000000 1.183216 1.000000 0.000000
 0.301667 1.000000 0.000000 1.000000 1.183216 1.000000 0.000000
 0.302778 1.000000 0.000000 1.000000 1.183216 1.000000 0.000000
 0.303889 1.000000 0.000000 1.000000 1.183216 1.000000 0.000000
 0.305000 1.000000 0.000000 1.000000 1.183216 1.000000 0.000000
 0.306111 1.000000 0.000000 1.000000 1.183216 1.000000 0.000000
 0.307222 1.000000 0.000000 1.000000 1.183216 1.000000 0.000000
 0.308333 1.000000 0.000000 1.000000 1.183216 1.000000 0.000000
 0.309444 1.000000 0.000000 1.000000 1.183216 1.000000 0.000000
 0.310556 1.000000 0.000000 1.000000 1.183216 1.000000 0.000000
 0.311667 1.000000 0.000000 1.000000 1.183216 1.000000 0.000000
 0.312778 1.000000 0.000000 1.000000 1.183216 1.000000 0.000000
 0.313889 1.000000 0.000000 1.000000 1.183216 1.000000 0.000000
 0.315000 1.000000 0.000000 1.000000 1.183216 1.000000 0.000000
 0.316111 1.000000 0.000000 1.000000 1.183216 1.000000 0.000000
 0.317222 1.000000 0.000000 1.000000 1.183216 1.000000 0.000000
 0.318333 1.000000 0.000000 1.000000 1.183216 1.000000 0.000000
 0.319444 1.000000 0.000000 1.000000 1.183216 1.000000 0.000000
 0.320556 1.000000 0.000000 1.000000 1.183216 1.000000 0.000000
 0.321667 1.000000 0.000000 1.000000 1.183216 1.000000 0.000000
 0.322778 1.000000 0.000000 1.000000 1.183216 1.000000 0.000000
 0.323889 1.000000 0.000000 1.000000 1.183216 1.000000 0.000000
 0.325000 1.000000 0.000000 1.000000 1.183216 1.000000 0.000000
 0.326111 1.000000 0.000000 1.000000 1.183216 1.000000 0.000000
 0.327222 1.000000 0.000000 1.000000 1.183216 1.000000 0.000000
 0.328333 1.000000 0.000000 1.000000 1.183216 1.000000 0.000000
 0.329444 1.000000 0.000000 1.000000 1.183216 1.000000 0.000000
 0.330556 1.000000 0.000000 1.000000 1.183216 1.000000 0.000000
 0.331667 1.000000 0.000000 1.000000 1.183216 1.000000 0.000000
 0.332778 1.000000 0.000000 1.000000 1.183216 1.000000 0.000000
 0.333889 1.000000 0.000000 1.000000 1.183216 1.000000 0.000000
 0.335000 1.000000 0.000000 1.000000 1.183216 1.000000 0.000000
 0.336111 1.000000 0.000000 1.000000 1.183216 1.000000 0.000000
 0.337222 1.000000 0.000000 1.000000 1.183216 1.000000 0.000000
 0.338333 1.000000 0.000000 1.000000 1.183216 1.000000 0.000000
 0.339444 1.000000 0.000000 1.000000 1.183216 1.000000 0.000000
 0.340556 1.000000 0.000000 1.000000 1.183216 1.000000 0.000000
 0.341667 1.000000 0.000000 1.000000 1.183216 1.000000 0.000000
 0.342778 1.000000 0.000000 1.000000 1.183216 1.000000 0.000000
 0.343889 1.000000 0.000000 1.000000 1.183216 1.000000 0.000000
 0.345000 1.000000 0.000000 1.000000 1.183216 1.000000 0.000000
 0.346111 1.000000 0.000000 1.000000 1.183216 1.000000 0.000000
 0.347222 1.000000 0.000000 1.000000 1.183216 1.000000 0.000000
 0.348333 1.000000 0.000000 1.000000 1.183216 1.000000 0.000000
 0.349444 1.000000 0.000000 1.000000 1.183216 1.000000 0.000000
 0.350556 1.000000 0.000000 1.000000 1.183216 1.000000 0.000000
 0.351667 1.000000 0.000000 1.000000 1.183216 1.000000 0.000000
 0.352778 1.000000 0.000000 1.000000 1.183216 1.000000 0.000000
 0.353889 1.000000 0.000000 1.000000 1.183216 1.000000 0.000000
 0.355000 1.000000 0.000000 1.000000 1.183216 1.000000 0.000000
 0.356111 1.000000 0.000000 1.000000 1.183216 1.000000 0.000000
 0.357222 1.000000 0.000000 1.000000 1.183216 1.000000 0.000000
 0.358333 1.000000 0.000000 1.000000 1.183216 1.000000 0.000000
 0.359444 1.000000 0.000000 1.000000 1.183216 1.000000 0.000000
 0.360556 1.000000 0.000000 1.000000 1.183216 1.000000 0.000000
 0.361667 1.000000 0.000000 1.000000 1.183216 1.000000 0.000000
 0.362778 1.000000 0.000000 1.000000 1.183216 1.000000 0.000000
 0.363889 1.000000 0.000000 1.000000 1.183216 1.000000 0.000000
 0.365000 1.000000 0.000000 1.000000 1.183216 1.000000 0.000000
 0.366111 1.000000 0.000000 1.000000 1.183216 1.000000 0.000000
 0.367222 1.000000 0.000000 1.000000 1.183216 1.000000 0.000000
 0.368333 1.000000 0.000000 1.000000 1.183216 1.000000 0.000000
 0.369444 1.000000 0.000000 1.000000 1.183216 1.000000 0.000000
 0.370556 1.000000 0.000000 1.000000 1.183216 1.000000 0.000000
 0.371667 1.000000 0.000000 1.000000 1.183216 1.000000 0.000000
 0.372778 1.000000 0.000000 1.000000 1.183216 1.000000 0.000000
 0.373889 1.000000 0.000000 1.000000 1.183216 1.000000 0.000000
 0.375000 1.000000 0.000000 1.000000 1.183216 1.000000 0.000000
 0.376111 1.000000 0.000000 1.000000 1.183216 1.000000 0.000000
 0.377222 1.000000 0.000000 1.000000 1.183216 1.000000 0.000000
 0.378333 1.000000 0.000000 1.000000 1.183216 1.000000 0.000000
 0.379444 1.000000 0.000000 1.000000 1.183216 1.000000 0.000000
 0.380556 1.000000 0.000000 1.000000 1.183216 1.000000 0.000000
 0.381667 1.000000 0.000000 1.000000 1.183216 1.000000 0.000000
 0.382778 1.000000 0.000000 1.000000 1.183216 1.000000 0.000000
 0.383889 1.000000 0.000000 1.000000 1.183216 1.000000 0.000000
 0.385000 1.000000 0.000000 1.000000 1.183216 1.000000 0.000000
 0.386111 1.000000 0.000000 1.000000 1.183216 1.000000 0.000000
 0.387222 1.000000 0.000000 1.000000 1.183216 1.000000 0.000000
 0.388333 1.000000 0.000000 1.000000 1.183216 1.000000 0.000000
 0.389444 1.000000 0.000000 1.000000 1.183216 1.000000 0.000000
 0.390556 1.000000 0.000000 1.000000 1.183216 1.000000 0.000000
 0.391667 1.000000 0.000000 1.000000 1.183216 1.000000 0.000000
 0.392778 1.000000 0.000000 1.000000 1.183216 1.000000 0.000000
 0.393889 1.000000 0.000000 1.000000 1.183216 1.000000 0.000000
 0.395000 1.000000 0.000000 1.000000 1.183216 1.000000 0.000000
 0.396111 1.000000 0.000000 1.000000 1.183216 1.000000 0.000000
 0.397222 1.000000 0.000000 1.000000 1.183216 1.000000 0.000000
 0.398333 1.000000 0.000000 1.000000 1.183216 1.000000 0.000000
 0.399444 1.000000 0.000000 1.000000 1.183216 1.000000 0.000000
 0.400556 1.000000 0.000000 1.000000 1.183216 1.000000 0.000000
 0.401667 1.000000 0.000000 1.000000 1.183216 1.000000 0.000000
 0.402778 1.000000 0.000000 1.000000 1.183216 1.000000 0.000000
 0.403889 1.000000 0.000000 1.000000 1.183216 1.000000 0.000000
 0.405000 1.000000 0.000000 1.000000 1.183216 1.000000 0.000000
 0.406111 1.000000 0.000000 1.000000 1.183216 1.000000 0.000000
 0.407222 1.000000 0.000000 1.000000 1.183216 1.000000 0.000000
 0.408333 1.000000 0.000000 1.000000 1.183216 1.000000 0.000000
 0.409444 1.000000 0.000000 1.000000 1.183216 1.000000 0.000000
 0.410556 1.000000 0.000000 1.000000 1.183216 1.000000 0.000000
 0.411667 1.000000 0.000000 1.000000 1.183216 1.000000 0.000000
 0.412778 1.000000 0.000000 1.000000 1.183216 1.000000 0.000000
 0.413889 1.000000 0.000000 1.000000 1.183216 1.000000 0.000000
 0.415000 0.999999 0.000001 0.999999 1.183216 1.000000 0.000000
 0.416111 0.999999 0.000002 0.999998 1.183216 1.000000 0.000000
 0.417222 0.999997 0.000003 0.999996 1.183215 1.000000 0.000000
 0.418333 0.999995 0.000006 0.999993 1.183215 1.000000 0.000000
 0.419444 0.999991 0.000010 0.999988 1.183214 1.000000 0.000000
 0.420556 0.999984 0.000019 0.999978 1.183212 1.000000 0.000000
 0.421667 0.999972 0.000033 0.999960 1.183209 1.000000 0.000000
 0.422778 0.999951 0.000058 0.999931 1.183204 1.000000 0.000000
 0.423889 0.999917 0.000098 0.999884 1.183196 1.000000 0.000000
 0.425000 0.999862 0.000163 0.999807 1.183183 1.000000 0.000000
 0.426111 0.999775 0.000266 0.999686 1.183163 1.000000 0.000000
 0.427222 0.999642 0.000424 0.999499 1.183131 1.000000 0.000000
 0.428333 0.999441 0.000661 0.999218 1.183084 1.000000 0.000000
 0.429444 0.999146 0.001011 0.998804 1.183014 1.000000 0.000000
 0.430556 0.998721 0.001514 0.998210 1.182913 1.000000 0.000000
 0.431667 0.998124 0.002221 0.997375 1.182772 1.000000 0.000000
 0.432778 0.997305 0.003192 0.996229 1.182578 1.000001 0.000000
 0.433889 0.996206 0.004495 0.994693 1.182317 1.000001 0.000000
 0.435000 0.994764 0.006207 0.992680 1.181976 1.000002 0.000000
 0.436111 0.992914 0.008405 0.990098 1.181537 1.000004 0.000000
 0.437222 0.990592 0.011169 0.986860 1.180985 1.000007 0.000000
 0.438333 0.987735 0.014576 0.982882 1.180306 1.000011 0.000000
 0.439444 0.984291 0.018693 0.978093 1.179485 1.000017 0.000000
 0.440556 0.980214 0.023579 0.972435 1.178511 1.000025 0.000000
 0.441667 0.975475 0.029278 0.965870 1.177376 1.000036 0.000000
 0.442778 0.970056 0.035821 0.958380 1.176074 1.000051 0.000000
 0.443889 0.963951 0.043224 0.949965 1.174601 1.000070 0.000000
 0.445000 0.957172 0.051488 0.940647 1.172958 1.000094 0.000000
 0.446111 0.949737 0.060602 0.930460 1.171147 1.000123 0.000000
 0.447222 0.941678 0.070543 0.919457 1.169172 1.000157 0.000000
 0.448333 0.933032 0.081280 0.907697 1.167041 1.000197 0.000000
 0.449444 0.923844 0.092776 0.895249 1.164760 1.000243 0.000000
 0.450556 0.914160 0.104989 0.882184 1.162338 1.000295 0.000000
 0.451667 0.904029 0.117874 0.868578 1.159784 1.000353 0.000000
 0.452778 0.893500 0.131386 0.854502 1.157107 1.000417 0.000000
 0.453889 0.882620 0.145480 0.840029 1.154315 1.000486 0.000000
 0.455000 0.871435 0.160112 0.825227 1.151418 1.000562 0.000000
 0.456111 0.859989 0.175240 0.810158 1.148424 1.000643 0.000000
 0.457222 0.848323 0.190823 0.794881 1.145340 1.000730 0.000000
 0.458333 0.836473 0.206826 0.779452 1.142175 1.000821 0.000000
 0.459444 0.824475 0.223214 0.763918 1.138934 1.000918 0.000000
 0.460556 0.812360 0.239956 0.748325 1.135625 1.001019 0.000000
 0.461667 0.800156 0.257022 0.732710 1.132252 1.001124 0.000000
 0.462778 0.787888 0.274386 0.717111 1.128820 1.001234 0.000000
 0.463889 0.775580 0.292026 0.701557 1.125335 1.001349 0.000000
 0.465000 0.763253 0.309919 0.686076 1.121801 1.001467 0.000000
 0.466111 0.750924 0.328047 0.670693 1.118222 1.001588 0.000000
 0.467222 0.738610 0.346392 0.655428 1.114600 1.001714 0.000000
 0.468333 0.726325 0.364938 0.640299 1.110938 1.001843 0.000000
 0.469444 0.714082 0.383673 0.625323 1.107241 1.001975 0.000000
 0.470556 0.701893 0.402582 0.610513 1.103509 1.002110 0.000000
 0.471667 0.689768 0.421657 0.595881 1.099746 1.002249 0.000000
 0.472778 0.677714 0.440886 0.581436 1.095953 1.002390 0.000000
 0.473889 0.665741 0.460260 0.567188 1.092131 1.002534 0.000000
 0.475000 0.653854 0.479773 0.553142 1.088283 1.002681 0.000000
 0.476111 0.642061 0.499418 0.539304 1.084409 1.002831 0.000000
 0.477222 0.630365 0.519188 0.525681 1.080511 1.002983 0.000000
 0.478333 0.618771 0.539078 0.512274 1.076589 1.003137 0.000000
 0.479444 0.607283 0.559083 0.499087 1.072646 1.003293 0.000000
 0.480556 0.595905 0.579201 0.486122 1.068680 1.003452 0.000000
 0.481667 0.584640 0.599427 0.473380 1.064694 1.003612 0.000000
 0.482778 0.573489 0.619759 0.460862 1.060687 1.003775 0.000000
 0.483889 0.562455 0.640194 0.448570 1.056660 1.003939 0.000000
 0.485000 0.551539 0.660730 0.436501 1.052613 1.004105 0.000000
 0.486111 0.540743 0.681365 0.424658 1.048547 1.004272 0.000000
 0.487222 0.530070 0.702097 0.413038 1.044462 1.004440 0.000000
 0.488333 0.519519 0.722924 0.401642 1.040358 1.004609 0.000000
 0.489444 0.509094 0.743842 0.390470 1.036236 1.004779 0.000000
 0.490556 0.498797 0.764845 0.379523 1.032098 1.004950 0.000000
 0.491667 0.488634 0.785921 0.368804 1.027945 1.005120 0.000000
 0.492778 0.478614 0.807051 0.358320 1.023781 1.005290 0.000000
 0.493889 0.468755 0.828194 0.348087 1.019613 1.005459 0.000000
 0.495000 0.459091 0.849267 0.338138 1.015457 1.005625 0.000000
 0.496111 0.449696 0.870093 0.328543 1.011347 1.005784 0.000000
 0.497222 0.440737 0.890271 0.319462 1.007358 1.005930 0.000000
 0.498333 0.432605 0.908841 0.311278 1.003673 1.006051 0.000000
 0.499444 0.426220 0.923579 0.304895 1.000744 1.006154 0.000000
 0.500556 0.423074 0.930861 0.301791 0.999330 1.006290 0.000000
 0.501667 0.423007 0.930911 0.301772 0.999378 1.006450 0.000000
 0.502778 0.423001 0.930810 0.301817 0.999459 1.006620 0.000000
 0.503889 0.423029 0.930622 0.301898 0.999561 1.006799 0.000000
 0.505000 0.423063 0.930410 0.301990 0.999672 1.006989 0.000000
 0.506111 0.423096 0.930195 0.302083 0.999788 1.007192 0.000000
 0.507222 0.423121 0.929987 0.302173 0.999907 1.007409 0.000000
 0.508333 0.423137 0.929792 0.302258 1.000030 1.007640 0.000000
 0.509444 0.423141 0.929611 0.302337 1.000155 1.007889 0.000000
 0.510556 0.423133 0.929447 0.302410 1.000284 1.008157 0.000000
 0.511667 0.423112 0.929297 0.302476 1.000418 1.008447 0.000000
 0.512778 0.423077 0.929162 0.302536 1.000558 1.008762 0.000000
 0.513889 0.423028 0.929040 0.302590 1.000706 1.009107 0.000000
 0.515000 0.422964 0.928931 0.302639 1.000864 1.009487 0.000000
 0.516111 0.422882 0.928832 0.302684 1.001035 1.009909 0.000000
 0.517222 0.422781 0.928744 0.302725 1.001222 1.010385 0.000000
 0.518333 0.422655 0.928665 0.302762 1.001433 1.010930 0.000000
 0.519444 0.422499 0.928593 0.302796 1.001674 1.011566 0.000000
 0.520556 0.422303 0.928529 0.302827 1.001957 1.012327 0.000000
 0.521667 0.422053 0.928471 0.302855 1.002300 1.013260 0.000000
 0.522778 0.421729 0.928420 0.302881 1.002728 1.014437 0.000000
 0.523889 0.421302 0.928373 0.302905 1.003276 1.015958 0.000000
 0.525000 0.420731 0.928331 0.302927 1.003994 1.017965 0.000000
 0.526111 0.419959 0.928294 0.302948 1.004950 1.020654 0.000000
 0.527222 0.418914 0.928260 0.302967 1.006235 1.024285 0.000000
 0.528333 0.417502 0.928230 0.302985 1.007965 1.029199 0.000000
 0.529444 0.415611 0.928204 0.303002 1.010284 1.035821 0.000000
 0.530556 0.413108 0.928180 0.303018 1.013366 1.044670 0.000000
 0.531667 0.409855 0.928159 0.303033 1.017405 1.056350 0.000000
 0.532778 0.405712 0.928141 0.303047 1.022610 1.071532 0.000000
 0.533889 0.400558 0.928125 0.303061 1.029191 1.090932 0.000000
 0.535000 0.394309 0.928112 0.303073 1.037337 1.115261 0.000000
 0.536111 0.386935 0.928100 0.303085 1.047195 1.145176 0.000000
 0.537222 0.378478 0.928091 0.303097 1.058850 1.181204 0.000000
 0.538333 0.369060 0.928084 0.303108 1.072295 1.223662 0.000000
 0.539444 0.358883 0.928078 0.303119 1.087412 1.272563 0.000000
 0.540556 0.348213 0.928074 0.303129 1.103964 1.327528 0.000000
 0.541667 0.337366 0.928072 0.303139 1.121590 1.387713 0.000000
 0.542778 0.326672 0.928072 0.303148 1.139819 1.451774 0.000000
 0.543889 0.316448 0.928074 0.303158 1.158102 1.517905 0.000000
 0.545000 0.306971 0.928077 0.303167 1.175861 1.583962 0.000000
 0.546111 0.298452 0.928081 0.303176 1.192543 1.647669 0.000000
 0.547222 0.291026 0.928088 0.303185 1.207681 1.706881 0.000000
 0.548333 0.284749 0.928096 0.303195 1.220938 1.759846 0.000000
 0.549444 0.279604 0.928107 0.303204 1.232140 1.805405 0.000000
 0.550556 0.275516 0.928119 0.303214 1.241266 1.843074 0.000000
 0.551667 0.272370 0.928134 0.303224 1.248436 1.873014 0.000000
 0.552778 0.270025 0.928152 0.303235 1.253867 1.895890 0.000000
 0.553889 0.268336 0.928172 0.303246 1.257830 1.912688 0.000000
 0.555000 0.267163 0.928195 0.303259 1.260614 1.924534 0.000000
 0.556111 0.266381 0.928222 0.303272 1.262492 1.932538 0.000000
 0.557222 0.265884 0.928254 0.303286 1.263702 1.937692 0.000000
 0.558333 0.265587 0.928290 0.303302 1.264441 1.940826 0.000000
 0.559444 0.265426 0.928331 0.303320 1.264861 1.942587 0.000000
 0.560556 0.265353 0.928379 0.303339 1.265075 1.943456 0.000000
 0.561667 0.265336 0.928433 0.303361 1.265161 1.943774 0.000000
 0.562778 0.265351 0.928494 0.303384 1.265175 1.943771 0.000000
 0.563889 0.265383 0.928559 0.303409 1.265149 1.943596 0.000000
 0.565000 0.265424 0.928624 0.303434 1.265104 1.943341 0.000000
 0.566111 0.265463 0.928674 0.303454 1.265051 1.943059 0.000000
 0.567222 0.265494 0.928681 0.303459 1.264989 1.942780 0.000000
 0.568333 0.265500 0.928579 0.303427 1.264909 1.942518 0.000000
 0.569444 0.265452 0.928232 0.303313 1.264786 1.942279 0.000000
 0.570556 0.265290 0.927356 0.303021 1.264562 1.942064 0.000000
 0.571667 0.264894 0.925370 0.302358 1.264121 1.941870 0.000000
 0.572778 0.264019 0.921093 0.300932 1.263226 1.941689 0.000000
 0.573889 0.262179 0.912153 0.297970 1.261397 1.941496 0.000000
 0.575000 0.258446 0.893881 0.292001 1.257683 1.941185 0.000000
 0.576111 0.251174 0.857474 0.280444 1.250259 1.940358 0.000000
 0.577222 0.237889 0.787821 0.259529 1.235861 1.937586 0.000000
 0.578333 0.216210 0.664475 0.225985 1.209667 1.928648 0.000000
 0.579444 0.187023 0.477223 0.182287 1.168139 1.905911 0.000000
 0.580556 0.157768 0.264046 0.140987 1.118520 1.870476 0.000000
 0.581667 0.137951 0.107010 0.115275 1.081604 1.845517 0.000000
 0.582778 0.129091 0.034267 0.104663 1.065399 1.838816 0.000000
 0.583889 0.126162 0.009802 0.101308 1.060283 1.837993 0.000000
 0.585000 0.125319 0.002695 0.100357 1.058841 1.837923 0.000000
 0.586111 0.125086 0.000732 0.100097 1.058447 1.837918 0.000000
 0.587222 0.125023 0.000198 0.100026 1.058340 1.837917 0.000000
 0.588333 0.125006 0.000053 0.100007 1.058311 1.837917 0.000000
 0.589444 0.125002 0.000014 0.100002 1.058303 1.837917 0.000000
 0.590556 0.125000 0.000004 0.100001 1.058301 1.837917 0.000000
 0.591667 0.125000 0.000001 0.100000 1.058301 1.837917 0.000000
 0.592778 0.125000 0.000000 0.100000 1.058301 1.837917 0.000000
 0.593889 0.125000 0.000000 0.100000 1.058301 1.837917 0.000000
 0.595000 0.125000 0.000000 0.100000 1.058301 1.837917 0.000000
 0.596111 0.125000 0.000000 0.100000 1.058301 1.837917 0.000000
 0.597222 0.125000 0.000000 0.100000 1.058301 1.837917 0.000000
 0.598333 0.125000 0.000000 0.100000 1.058301 1.837917 0.000000
 0.599444 0.125000 0.000000 0.100000 1.058301 1.837917 0.000000
 0.600556 0.125000 0.000000 0.100000 1.058301 1.837917 0.000000
 0.601667 0.125000 0.000000 0.100000 1.058301 1.837917 0.000000
 0.602778 0.125000 0.000000 0.100000 1.058301 1.837917 0.000000
 0.603889 0.125000 0.000000 0.100000 1.058301 1.837917 0.000000
 0.605000 0.125000 0.000000 0.100000 1.058301 1.837917 0.000000
 0.606111 0.125000 0.000000 0.100000 1.058301 1.837917 0.000000
 0.607222 0.125000 0.000000 0.100000 1.058301 1.837917 0.000000
 0.608333 0.125000 0.000000 0.100000 1.058301 1.837917 0.000000
 0.609444 0.125000 0.000000 0.100000 1.058301 1.837917 0.000000
 0.610556 0.125000 0.000000 0.100000 1.058301 1.837917 0.000000
 0.611667 0.125000 0.000000 0.100000 1.058301 1.837917 0.000000
 0.612778 0.125000 0.000000 0.100000 1.058301 1.837917 0.000000
 0.613889 0.125000 0.000000 0.100000 1.058301 1.837917 0.000000
 0.615000 0.125000 0.000000 0.100000 1.058301 1.837917 0.000000
 0.616111 0.125000 0.000000 0.100000 1.058301 1.837917 0.000000
 0.617222 0.125000 0.000000 0.100000 1.058301 1.837917 0.000000
 0.618333 0.125000 0.000000 0.100000 1.058301 1.837917 0.000000
 0.619444 0.125000 0.000000 0.100000 1.058301 1.837917 0.000000
 0.620556 0.125000 0.000000 0.100000 1.058301 1.837917 0.000000
 0.621667 0.125000 0.000000 0.100000 1.058301 1.837917 0.000000
 0.622778 0.125000 0.000000 0.100000 1.058301 1.837917 0.000000
 0.623889 0.125000 0.000000 0.100000 1.058301 1.837917 0.000000
 0.625000 0.125000 0.000000 0.100000 1.058301 1.837917 0.000000
 0.626111 0.125000 0.000000 0.100000 1.058301 1.837917 0.000000
 0.627222 0.125000 0.000000 0.100000 1.058301 1.837917 0.000000
 0.628333 0.125000 0.000000 0.100000 1.058301 1.837917 0.000000
 0.629444 0.125000 0.000000 0.100000 1.058301 1.837917 0.000000
 0.630556 0.125000 0.000000 0.100000 1.058301 1.837917 0.000000
 0.631667 0.125000 0.000000 0.100000 1.058301 1.837917 0.000000
 0.632778 0.125000 0.000000 0.100000 1.058301 1.837917 0.000000
 0.633889 0.125000 0.000000 0.100000 1.058301 1.837917 0.000000
 0.635000 0.125000 0.000000 0.100000 1.058301 1.837917 0.000000
 0.636111 0.125000 0.000000 0.100000 1.058301 1.837917 0.000000
 0.637222 0.125000 0.000000 0.100000 1.058301 1.837917 0.000000
 0.638333 0.125000 0.000000 0.100000 1.058301 1.837917 0.000000
 0.639444 0.125000 0.000000 0.100000 1.058301 1.837917 0.000000
 0.640556 0.125000 0.000000 0.100000 1.058301 1.837917 0.000000
 0.641667 0.125000 0.000000 0.100000 1.058301 1.837917 0.000000
 0.642778 0.125000 0.000000 0.100000 1.058301 1.837917 0.000000
 0.643889 0.125000 0.000000 0.100000 1.058301 1.837917 0.000000
 0.645000 0.125000 0.000000 0.100000 1.058301 1.837917 0.000000
 0.646111 0.125000 0.000000 0.100000 1.058301 1.837917 0.000000
 0.647222 0.125000 0.000000 0.100000 1.058301 1.837917 0.000000
 0.648333 0.125000 0.000000 0.100000 1.058301 1.837917 0.000000
 0.649444 0.125000 0.000000 0.100000 1.058301 1.837917 0.000000
 0.650556 0.125000 0.000000 0.100000 1.058301 1.837917 0.000000
 0.651667 0.125000 0.000000 0.100000 1.058301 1.837917 0.000000
 0.652778 0.125000 0.000000 0.100000 1.058301 1.837917 0.000000
 0.653889 0.125000 0.000000 0.100000 1.058301 1.837917 0.000000
 0.655000 0.125000 0.000000 0.100000 1.058301 1.837917 0.000000
 0.656111 0.125000 0.000000 0.100000 1.058301 1.837917 0.000000
 0.657222 0.125000 0.000000 0.100000 1.058301 1.837917 0.000000
 0.658333 0.125000 0.000000 0.100000 1.058301 1.837917 0.000000
 0.659444 0.125000 0.000000 0.100000 1.058301 1.837917 0.000000
 0.660556 0.125000 0.000000 0.100000 1.058301 1.837917 0.000000
 0.661667 0.125000 0.000000 0.100000 1.058301 1.837917 0.000000
 0.662778 0.125000 0.000000 0.100000 1.058301 1.837917 0.000000
 0.663889 0.125000 0.000000 0.100000 1.058301 1.837917 0.000000
 0.665000 0.125000 0.000000 0.100000 1.058301 1.837917 0.000000
 0.666111 0.125000 0.000000 0.100000 1.058301 1.837917 0.000000
 0.667222 0.125000 0.000000 0.100000 1.058301 1.837917 0.000000
 0.668333 0.125000 0.000000 0.100000 1.058301 1.837917 0.000000
 0.669444 0.125000 0.000000 0.100000 1.058301 1.837917 0.000000
 0.670556 0.125000 0.000000 0.100000 1.058301 1.837917 0.000000
 0.671667 0.125000 0.000000 0.100000 1.058301 1.837917 0.000000
 0.672778 0.125000 0.000000 0.100000 1.058301 1.837917 0.000000
 0.673889 0.125000 0.000000 0.100000 1.058301 1.837917 0.000000
 0.675000 0.125000 0.000000 0.100000 1.058301 1.837917 0.000000
 0.676111 0.125000 0.000000 0.100000 1.058301 1.837917 0.000000
 0.677222 0.125000 0.000000 0.100000 1.058301 1.837917 0.000000
 0.678333 0.125000 0.000000 0.100000 1.058301 1.837917 0.000000
 0.679444 0.125000 0.000000 0.100000 1.058301 1.837917 0.000000
 0.680556 0.125000 0.000000 0.100000 1.058301 1.837917 0.000000
 0.681667 0.125000 0.000000 0.100000 1.058301 1.837917 0.000000
 0.682778 0.125000 0.000000 0.100000 1.058301 1.837917 0.000000
 0.683889 0.125000 0.000000 0.100000 1.058301 1.837917 0.000000
 0.685000 0.125000 0.000000 0.100000 1.058301 1.837917 0.000000
 0.686111 0.125000 0.000000 0.100000 1.058301 1.837917 0.000000
 0.687222 0.125000 0.000000 0.100000 1.058301 1.837917 0.000000
 0.688333 0.125000 0.000000 0.100000 1.058301 1.837917 0.000000
 0.689444 0.125000 0.000000 0.100000 1.058301 1.837917 0.000000
 0.690556 0.125000 0.000000 0.100000 1.058301 1.837917 0.000000
 0.691667 0.125000 0.000000 0.100000 1.058301 1.837917 0.000000
 0.692778 0.125000 0.000000 0.100000 1.058301 1.837917 0.000000
 0.693889 0.125000 0.000000 0.100000 1.058301 1.837917 0.000000
 0.695000 0.125000 0.000000 0.100000 1.058301 1.837917 0.000000
 0.696111 0.125000 0.000000 0.100000 1.058301 1.837917 0.000000
 0.697222 0.125000 0.000000 0.100000 1.058301 1.837917 0.000000
 0.698333 0.125000 0.000000 0.100000 1.058301 1.837917 0.000000
 0.699444 0.125000 0.000000 0.100000 1.058301 1.837917 0.000000
 0.700556 0.125000 0.000000 0.100000 1.058301 1.837917 0.000000
 0.701667 0.125000 0.000000 0.100000 1.058301 1.837917 0.000000
 0.702778 0.125000 0.000000 0.100000 1.058301 1.837917 0.000000
 0.703889 0.125000 0.000000 0.100000 1.058301 1.837917 0.000000
 0.705000 0.125000 0.000000 0.100000 1.058301 1.837917 0.000000
 0.706111 0.125000 0.000000 0.100000 1.058301 1.837917 0.000000
 0.707222 0.125000 0.000000 0.100000 1.058301 1.837917 0.000000
 0.708333 0.125000 0.000000 0.100000 1.058301 1.837917 0.000000
 0.709444 0.125000 0.000000 0.100000 1.058301 1.837917 0.000000
 0.710556 0.125000 0.000000 0.100000 1.058301 1.837917 0.000000
 0.711667 0.125000 0.000000 0.100000 1.058301 1.837917 0.000000
 0.712778 0.125000 0.000000 0.100000 1.058301 1.837917 0.000000
 0.713889 0.125000 0.000000 0.100000 1.058301 1.837917 0.000000
 0.715000 0.125000 0.000000 0.100000 1.058301 1.837917 0.000000
 0.716111 0.125000 0.000000 0.100000 1.058301 1.837917 0.000000
 0.717222 0.125000 0.000000 0.100000 1.058301 1.837917 0.000000
 0.718333 0.125000 0.000000 0.100000 1.058301 1.837917 0.000000
 0.719444 0.125000 0.000000 0.100000 1.058301 1.837917 0.000000
 0.720556 0.125000 0.000000 0.100000 1.058301 1.837917 0.000000
 0.721667 0.125000 0.000000 0.100000 1.058301 1.837917 0.000000
 0.722778 0.125000 0.000000 0.100000 1.058301 1.837917 0.000000
 0.723889 0.125000 0.000000 0.100000 1.058301 1.837917 0.000000
 0.725000 0.125000 0.000000 0.100000 1.058301 1.837917 0.000000
 0.726111 0.125000 0.000000 0.100000 1.058301 1.837917 0.000000
 0.727222 0.125000 0.000000 0.100000 1.058301 1.837917 0.000000
 0.728333 0.125000 0.000000 0.100000 1.058301 1.837917 0.000000
 0.729444 0.125000 0.000000 0.100000 1.058301 1.837917 0.000000
 0.730556 0.125000 0.000000 0.100000 1.058301 1.837917 0.000000
 0.731667 0.125000 0.000000 0.100000 1.058301 1.837917 0.000000
 0.732778 0.125000 0.000000 0.100000 1.058301 1.837917 0.000000
 0.733889 0.125000 0.000000 0.100000 1.058301 1.837917 0.000000
 0.735000 0.125000 0.000000 0.100000 1.058301 1.837917 0.000000
 0.736111 0.125000 0.000000 0.100000 1.058301 1.837917 0.000000
 0.737222 0.125000 0.000000 0.100000 1.058301 1.837917 0.000000
 0.738333 0.125000 0.000000 0.100000 1.058301 1.837917 0.000000
 0.739444 0.125000 0.000000 0.100000 1.058301 1.837917 0.000000
 0.740556 0.125000 0.000000 0.100000 1.058301 1.837917 0.000000
 0.741667 0.125000 0.000000 0.100000 1.058301 1.837917 0.000000
 0.742778 0.125000 0.000000 0.100000 1.058301 1.837917 0.000000
 0.743889 0.125000 0.000000 0.100000 1.058301 1.837917 0.000000
 0.745000 0.125000 0.000000 0.100000 1.058301 1.837917 0.000000
 0.746111 0.125000 0.000000 0.100000 1.058301 1.837917 0.000000
 0.747222 0.125000 0.000000 0.100000 1.058301 1.837917 0.000000
 0.748333 0.125000 0.000000 0.100000 1.058301 1.837917 0.000000
 0.749444 0.125000 0.000000 0.100000 1.058301 1.837917 0.000000
 0.750556 0.125000 0.000000 0.100000 1.058301 1.837917 0.000000
 0.751667 0.125000 0.000000 0.100000 1.058301 1.837917 0.000000
 0.752778 0.125000 0.000000 0.100000 1.058301 1.837917 0.000000
 0.753889 0.125000 0.000000 0.100000 1.058301 1.837917 0.000000
 0.755000 0.125000 0.000000 0.100000 1.058301 1.837917 0.000000
 0.756111 0.125000 0.000000 0.100000 1.058301 1.837917 0.000000
 0.757222 0.125000 0.000000 0.100000 1.058301 1.837917 0.000000
 0.758333 0.125000 0.000000 0.100000 1.058301 1.837917 0.000000
 0.759444 0.125000 0.000000 0.100000 1.058301 1.837917 0.000000
 0.760556 0.125000 0.000000 0.100000 1.058301 1.837917 0.000000
 0.761667 0.125000 0.000000 0.100000 1.058301 1.837917 0.000000
 0.762778 0.125000 0.000000 0.100000 1.058301 1.837917 0.000000
 0.763889 0.125000 0.000000 0.100000 1.058301 1.837917 0.000000
 0.765000 0.125000 0.000000 0.100000 1.058301 1.837917 0.000000
 0.766111 0.125000 0.000000 0.100000 1.058301 1.837917 0.000000
 0.767222 0.125000 0.000000 0.100000 1.058301 1.837917 0.000000
 0.768333 0.125000 0.000000 0.100000 1.058301 1.837917 0.000000
 0.769444 0.125000 0.000000 0.100000 1.058301 1.837917 0.000000
 0.770556 0.125000 0.000000 0.100000 1.058301 1.837917 0.000000
 0.771667 0.125000 0.000000 0.100000 1.058301 1.837917 0.000000
 0.772778 0.125000 0.000000 0.100000 1.058301 1.837917 0.000000
 0.773889 0.125000 0.000000 0.100000 1.058301 1.837917 0.000000
 0.775000 0.125000 0.000000 0.100000 1.058301 1.837917 0.000000
 0.776111 0.125000 0.000000 0.100000 1.058301 1.837917 0.000000
 0.777222 0.125000 0.000000 0.100000 1.058301 1.837917 0.000000
 0.778333 0.125000 0.000000 0.100000 1.058301 1.837917 0.000000
 0.779444 0.125000 0.000000 0.100000 1.058301 1.837917 0.000000
 0.780556 0.125000 0.000000 0.100000 1.058301 1.837917 0.000000
 0.781667 0.125000 0.000000 0.100000 1.058301 1.837917 0.000000
 0.782778 0.125000 0.000000 0.100000 1.058301 1.837917 0.000000
 0.783889 0.125000 0.000000 0.100000 1.058301 1.837917 0.000000
 0.785000 0.125000 0.000000 0.100000 1.058301 1.837917 0.000000
 0.786111 0.125000 0.000000 0.100000 1.058301 1.837917 0.000000
 0.787222 0.125000 0.000000 0.100000 1.058301 1.837917 0.000000
 0.788333 0.125000 0.000000 0.100000 1.058301 1.837917 0.000000
 0.789444 0.125000 0.000000 0.100000 1.058301 1.837917 0.000000
 0.790556 0.125000 0.000000 0.100000 1.058301 1.837917 0.000000
 0.791667 0.125000 0.000000 0.100000 1.058301 1.837917 0.000000
 0.792778 0.125000 0.000000 0.100000 1.058301 1.837917 0.000000
 0.793889 0.125000 0.000000 0.100000 1.058301 1.837917 0.000000
 0.795000 0.125000 0.000000 0.100000 1.058301 1.837917 0.000000
 0.796111 0.125000 0.000000 0.100000 1.058301 1.837917 0.000000
 0.797222 0.125000 0.000000 0.100000 1.058301 1.837917 0.000000
 0.798333 0.125000 0.000000 0.100000 1.058301 1.837917 0.000000
 0.799444 0.125000 0.000000 0.100000 1.058301 1.837917 0.000000
 0.800556 0.125000 0.000000 0.100000 1.058301 1.837917 0.000000
 0.801667 0.125000 0.000000 0.100000 1.058301 1.837917 0.000000
 0.802778 0.125000 0.000000 0.100000 1.058301 1.837917 0.000000
 0.803889 0.125000 0.000000 0.100000 1.058301 1.837917 0.000000
 0.805000 0.125000 0.000000 0.100000 1.058301 1.837917 0.000000
 0.806111 0.125000 0.000000 0.100000 1.058301 1.837917 0.000000
 0.807222 0.125000 0.000000 0.100000 1.058301 1.837917 0.000000
 0.808333 0.125000 0.000000 0.100000 1.058301 1.837917 0.000000
 0.809444 0.125000 0.000000 0.100000 1.058301 1.837917 0.000000
 0.810556 0.125000 0.000000 0.100000 1.058301 1.837917 0.000000
 0.811667 0.125000 0.000000 0.100000 1.058301 1.837917 0.000000
 0.812778 0.125000 0.000000 0.100000 1.058301 1.837917 0.000000
 0.813889 0.125000 0.000000 0.100000 1.058301 1.837917 0.000000
 0.815000 0.125000 0.000000 0.100000 1.058301 1.837917 0.000000
 0.816111 0.125000 0.000000 0.100000 1.058301 1.837917 0.000000
 0.817222 0.125000 0.000000 0.100000 1.058301 1.837917 0.000000
 0.818333 0.125000 0.000000 0.100000 1.058301 1.837917 0.000000
 0.819444 0.125000 0.000000 0.100000 1.058301 1.837917 0.000000
 0.820556 0.125000 0.000000 0.100000 1.058301 1.837917 0.000000
 0.821667 0.125000 0.000000 0.100000 1.058301 1.837917 0.000000
 0.822778 0.125000 0.000000 0.100000 1.058301 1.837917 0.000000
 0.823889 0.125000 0.000000 0.100000 1.058301 1.837917 0.000000
 0.825000 0.125000 0.000000 0.100000 1.058301 1.837917 0.000000
 0.826111 0.125000 0.000000 0.100000 1.058301 1.837917 0.000000
 0.827222 0.125000 0.000000 0.100000 1.058301 1.837917 0.000000
 0.828333 0.125000 0.000000 0.100000 1.058301 1.837917 0.000000
 0.829444 0.125000 0.000000 0.100000 1.058301 1.837917 0.000000
 0.830556 0.125000 0.000000 0.100000 1.058301 1.837917 0.000000
 0.831667 0.125000 0.000000 0.100000 1.058301 1.837917 0.000000
 0.832778 0.125000 0.000000 0.100000 1.058301 1.837917 0.000000
 0.833889 0.125000 0.000000 0.100000 1.058301 1.837917 0.000000
 0.835000 0.125000 0.000000 0.100000 1.058301 1.837917 0.000000
 0.836111 0.125000 0.000000 0.100000 1.058301 1.837917 0.000000
 0.837222 0.125000 0.000000 0.100000 1.058301 1.837917 0.000000
 0.838333 0.125000 0.000000 0.100000 1.058301 1.837917 0.000000
 0.839444 0.125000 0.000000 0.100000 1.058301 1.837917 0.000000
 0.840556 0.125000 0.000000 0.100000 1.058301 1.837917 0.000000
 0.841667 0.125000 0.000000 0.100000 1.058301 1.837917 0.000000
 0.842778 0.125000 0.000000 0.100000 1.058301 1.837917 0.000000
 0.843889 0.125000 0.000000 0.100000 1.058301 1.837917 0.000000
 0.845000 0.125000 0.000000 0.100000 1.058301 1.837917 0.000000
 0.846111 0.125000 0.000000 0.100000 1.058301 1.837917 0.000000
 0.847222 0.125000 0.000000 0.100000 1.058301 1.837917 0.000000
 0.848333 0.125000 0.000000 0.100000 1.058301 1.837917 0.000000
 0.849444 0.125000 0.000000 0.100000 1.058301 1.837917 0.000000
 0.850556 0.125000 0.000000 0.100000 1.058301 1.837917 0.000000
 0.851667 0.125000 0.000000 0.100000 1.058301 1.837917 0.000000
 0.852778 0.125000 0.000000 0.100000 1.058301 1.837917 0.000000
 0.853889 0.125000 0.000000 0.100000 1.058301 1.837917 0.000000
 0.855000 0.125000 0.000000 0.100000 1.058301 1.837917 0.000000
 0.856111 0.125000 0.000000 0.100000 1.058301 1.837917 0.000000
 0.857222 0.125000 0.000000 0.100000 1.058301 1.837917 0.000000
 0.858333 0.125000 0.000000 0.100000 1.058301 1.837917 0.000000
 0.859444 0.125000 0.000000 0.100000 1.058301 1.837917 0.000000
 0.860556 0.125000 0.000000 0.100000 1.058301 1.837917 0.000000
 0.861667 0.125000 0.000000 0.100000 1.058301 1.837917 0.000000
 0.862778 0.125000 0.000000 0.100000 1.058301 1.837917 0.000000
 0.863889 0.125000 0.000000 0.100000 1.058301 1.837917 0.000000
 0.865000 0.125000 0.000000 0.100000 1.058301 1.837917 0.000000
 0.866111 0.125000 0.000000 0.100000 1.058301 1.837917 0.000000
 0.867222 0.125000 0.000000 0.100000 1.058301 1.837917 0.000000
 0.868333 0.125000 0.000000 0.100000 1.058301 1.837917 0.000000
 0.869444 0.125000 0.000000 0.100000 1.058301 1.837917 0.000000
 0.870556 0.125000 0.000000 0.100000 1.058301 1.837917 0.000000
 0.871667 0.125000 0.000000 0.100000 1.058301 1.837917 0.000000
 0.872778 0.125000 0.000000 0.100000 1.058301 1.837917 0.000000
 0.873889 0.125000 0.000000 0.100000 1.058301 1.837917 0.000000
 0.875000 0.125000 0.000000 0.100000 1.058301 1.837917 0.000000
 0.876111 0.125000 0.000000 0.100000 1.058301 1.837917 0.000000
 0.877222 0.125000 0.000000 0.100000 1.058301 1.837917 0.000000
 0.878333 0.125000 0.000000 0.100000 1.058301 1.837917 0.000000
 0.879444 0.125000 0.000000 0.100000 1.058301 1.837917 0.000000
 0.880556 0.125000 0.000000 0.100000 1.058301 1.837917 0.000000
 0.881667 0.125000 0.000000 0.100000 1.058301 1.837917 0.000000
 0.882778 0.125000 0.000000 0.100000 1.058301 1.837917 0.000000
 0.883889 0.125000 0.000000 0.100000 1.058301 1.837917 0.000000
 0.885000 0.125000 0.000000 0.100000 1.058301 1.837917 0.000000
 0.886111 0.125000 0.000000 0.100000 1.058301 1.837917 0.000000
 0.887222 0.125000 0.000000 0.100000 1.058301 1.837917 0.000000
 0.888333 0.125000 0.000000 0.100000 1.058301 1.837917 0.000000
 0.889444 0.125000 0.000000 0.100000 1.058301 1.837917 0.000000
 0.890556 0.125000 0.000000 0.100000 1.058301 1.837917 0.000000
 0.891667 0.125000 0.000000 0.100000 1.058301 1.837917 0.000000
 0.892778 0.125000 0.000000 0.100000 1.058301 1.837917 0.000000
 0.893889 0.125000 0.000000 0.100000 1.058301 1.837917 0.000000
 0.895000 0.125000 0.000000 0.100000 1.058301 1.837917 0.000000
 0.896111 0.125000 0.000000 0.100000 1.058301 1.837917 0.000000
 0.897222 0.125000 0.000000 0.100000 1.058301 1.837917 0.000000
 0.898333 0.125000 0.000000 0.100000 1.058301 1.837917 0.000000
 0.899444 0.125000 0.000000 0.100000 1.058301 1.837917 0.000000
 0.900556 0.125000 0.000000 0.100000 1.058301 1.837917 0.000000
 0.901667 0.125000 0.000000 0.100000 1.058301 1.837917 0.000000
 0.902778 0.125000 0.000000 0.100000 1.058301 1.837917 0.000000
 0.903889 0.125000 0.000000 0.100000 1.058301 1.837917 0.000000
 0.905000 0.125000 0.000000 0.100000 1.058301 1.837917 0.000000
 0.906111 0.125000 0.000000 0.100000 1.058301 1.837917 0.000000
 0.907222 0.125000 0.000000 0.100000 1.058301 1.837917 0.000000
 0.908333 0.125000 0.000000 0.100000 1.058301 1.837917 0.000000
 0.909444 0.125000 0.000000 0.100000 1.058301 1.837917 0.000000
 0.910556 0.125000 0.000000 0.100000 1.058301 1.837917 0.000000
 0.911667 0.125000 0.000000 0.100000 1.058301 1.837917 0.000000
 0.912778 0.125000 0.000000 0.100000 1.058301 1.837917 0.000000
 0.913889 0.125000 0.000000 0.100000 1.058301 1.837917 0.000000
 0.915000 0.125000 0.000000 0.100000 1.058301 1.837917 0.000000
 0.916111 0.125000 0.000000 0.100000 1.058301 1.837917 0.000000
 0.917222 0.125000 0.000000 0.100000 1.058301 1.837917 0.000000
 0.918333 0.125000 0.000000 0.100000 1.058301 1.837917 0.000000
 0.919444 0.125000 0.000000 0.100000 1.058301 1.837917 0.000000
 0.920556 0.125000 0.000000 0.100000 1.058301 1.837917 0.000000
 0.921667 0.125000 0.000000 0.100000 1.058301 1.837917 0.000000
 0.922778 0.125000 0.000000 0.100000 1.058301 1.837917 0.000000
 0.923889 0.125000 0.000000 0.100000 1.058301 1.837917 0.000000
 0.925000 0.125000 0.000000 0.100000 1.058301 1.837917 0.000000
 0.926111 0.125000 0.000000 0.100000 1.058301 1.837917 0.000000
 0.927222 0.125000 0.000000 0.100000 1.058301 1.837917 0.000000
 0.928333 0.125000 0.000000 0.100000 1.058301 1.837917 0.000000
 0.929444 0.125000 0.000000 0.100000 1.058301 1.837917 0.000000
 0.930556 0.125000 0.000000 0.100000 1.058301 1.837917 0.000000
 0.931667 0.125000 0.000000 0.100000 1.058301 1.837917 0.000000
 0.932778 0.125000 0.000000 0.100000 1.058301 1.837917 0.000000
 0.933889 0.125000 0.000000 0.100000 1.058301 1.837917 0.000000
 0.935000 0.125000 0.000000 0.100000 1.058301 1.837917 0.000000
 0.936111 0.125000 0.000000 0.100000 1.058301 1.837917 0.000000
 0.937222 0.125000 0.000000 0.100000 1.058301 1.837917 0.000000
 0.938333 0.125000 0.000000 0.100000 1.058301 1.837917 0.000000
 0.939444 0.125000 0.000000 0.100000 1.058301 1.837917 0.000000
 0.940556 0.125000 0.000000 0.100000 1.058301 1.837917 0.000000
 0.941667 0.125000 0.000000 0.100000 1.058301 1.837917 0.000000
 0.942778 0.125000 0.000000 0.100000 1.058301 1.837917 0.000000
 0.943889 0.125000 0.000000 0.100000 1.058301 1.837917 0.000000
 0.945000 0.125000 0.000000 0.100000 1.058301 1.837917 0.000000
 0.946111 0.125000 0.000000 0.100000 1.058301 1.837917 0.000000
 0.947222 0.125000 0.000000 0.100000 1.058301 1.837917 0.000000
 0.948333 0.125000 0.000000 0.100000 1.058301 1.837917 0.000000
 0.949444 0.125000 0.000000 0.100000 1.058301 1.837917 0.000000
 0.950556 0.125000 0.000000 0.100000 1.058301 1.837917 0.000000
 0.951667 0.125000 0.000000 0.100000 1.058301 1.837917 0.000000
 0.952778 0.125000 0.000000 0.100000 1.058301 1.837917 0.000000
 0.953889 0.125000 0.000000 0.100000 1.058301 1.837917 0.000000
 0.955000 0.125000 0.000000 0.100000 1.058301 1.837917 0.000000
 0.956111 0.125000 0.000000 0.100000 1.058301 1.837917 0.000000
 0.957222 0.125000 0.000000 0.100000 1.058301 1.837917 0.000000
 0.958333 0.125000 0.000000 0.100000 1.058301 1.837917 0.000000
 0.959444 0.125000 0.000000 0.100000 1.058301 1.837917 0.000000
 0.960556 0.125000 0.000000 0.100000 1.058301 1.837917 0.000000
 0.961667 0.125000 0.000000 0.100000 1.058301 1.837917 0.000000
 0.962778 0.125000 0.000000 0.100000 1.058301 1.837917 0.000000
 0.963889 0.125000 0.000000 0.100000 1.058301 1.837917 0.000000
 0.965000 0.125000 0.000000 0.100000 1.058301 1.837917 0.000000
 0.966111 0.125000 0.000000 0.100000 1.058301 1.837917 0.000000
 0.967222 0.125000 0.000000 0.100000 1.058301 1.837917 0.000000
 0.968333 0.125000 0.000000 0.100000 1.058301 1.837917 0.000000
 0.969444 0.125000 0.000000 0.100000 1.058301 1.837917 0.000000
 0.970556 0.125000 0.000000 0.100000 1.058301 1.837917 0.000000
 0.971667 0.125000 0.000000 0.100000 1.058301 1.837917 0.000000
 0.972778 0.125000 0.000000 0.100000 1.058301 1.837917 0.000000
 0.973889 0.125000 0.000000 0.100000 1.058301 1.837917 0.000000
 0.975000 0.125000 0.000000 0.100000 1.058301 1.837917 0.000000
 0.976111 0.125000 0.000000 0.100000 1.058301 1.837917 0.000000
 0.977222 0.125000 0.000000 0.100000 1.058301 1.837917 0.000000
 0.978333 0.125000 0.000000 0.100000 1.058301 1.837917 0.000000
 0.979444 0.125000 0.000000 0.100000 1.058301 1.837917 0.000000
 0.980556 0.125000 0.000000 0.100000 1.058301 1.837917 0.000000
 0.981667 0.125000 0.000000 0.100000 1.058301 1.837917 0.000000
 0.982778 0.125000 0.000000 0.100000 1.058301 1.837917 0.000000
 0.983889 0.125000 0.000000 0.100000 1.058301 1.837917 0.000000
 0.985000 0.125000 0.000000 0.100000 1.058301 1.837917 0.000000
 0.986111 0.125000 0.000000 0.100000 1.058301 1.837917 0.000000
 0.987222 0.125000 0.000000 0.100000 1.058301 1.837917 0.000000
 0.988333 0.125000 0.000000 0.100000 1.058301 1.837917 0.000000
 0.989444 0.125000 0.000000 0.100000 1.058301 1.837917 0.000000
 0.990556 0.125000 0.000000 0.100000 1.058301 1.837917 0.000000
 0.991667 0.125000 0.000000 0.100000 1.058301 1.837917 0.000000
 0.992778 0.125000 0.000000 0.100000 1.058301 1.837917 0.000000
 0.993889 0.125000 0.000000 0.100000 1.058301 1.837917 0.000000
 0.995000 0.125000 0.000000 0.100000 1.058301 1.837917 0.000000
 0.996111 0.125000 0.000000 0.100000 1.058301 1.837917 0.000000
 0.997222 0.125000 0.000000 0.100000 1.058301 1.837917 0.000000
 0.998333 0.125000 0.000000 0.100000 1.058301 1.837917 0.000000
 0.999444 0.125000 0.000000 0.100000 1.058301 1.837917 0.000000
