Timer: 0.119995
 0.000556 1.000000 0.750000 1.000000 1.183216 1.000000 0.000000
 0.001667 1.000000 0.750000 1.000000 1.183216 1.000000 0.000000
 0.002778 1.000000 0.750000 1.000000 1.183216 1.000000 0.000000
 0.003889 1.000000 0.750000 1.000000 1.183216 1.000000 0.000000
 0.005000 1.000000 0.750000 1.000000 1.183216 1.000000 0.000000
 0.006111 1.000000 0.750000 1.000000 1.183216 1.000000 0.000000
 0.007222 1.000000 0.750000 1.000000 1.183216 1.000000 0.000000
 0.008333 1.000000 0.750000 1.000000 1.183216 1.000000 0.000000
 0.009444 1.000000 0.750000 1.000000 1.183216 1.000000 0.000000
 0.010556 1.000000 0.750000 1.000000 1.183216 1.000000 0.000000
 0.011667 1.000000 0.750000 1.000000 1.183216 1.000000 0.000000
 0.012778 1.000000 0.750000 1.000000 1.183216 1.000000 0.000000
 0.013889 1.000000 0.750000 1.000000 1.183216 1.000000 0.000000
 0.015000 1.000000 0.750000 1.000000 1.183216 1.000000 0.000000
 0.016111 1.000000 0.750000 1.000000 1.183216 1.000000 0.000000
 0.017222 1.000000 0.750000 1.000000 1.183216 1.000000 0.000000
 0.018333 1.000000 0.750000 1.000000 1.183216 1.000000 0.000000
 0.019444 1.000000 0.750000 1.000000 1.183216 1.000000 0.000000
 0.020556 1.000000 0.750000 1.000000 1.183216 1.000000 0.000000
 0.021667 1.000000 0.750000 1.000000 1.183216 1.000000 0.000000
 0.022778 1.000000 0.750000 1.000000 1.183216 1.000000 0.000000
 0.023889 1.000000 0.750000 1.000000 1.183216 1.000000 0.000000
 0.025000 1.000000 0.750000 1.000000 1.183216 1.000000 0.000000
 0.026111 1.000000 0.750000 1.000000 1.183216 1.000000 0.000000
 0.027222 1.000000 0.750000 1.000000 1.183216 1.000000 0.000000
 0.028333 1.000000 0.750000 1.000000 1.183216 1.000000 0.000000
 0.029444 1.000000 0.750000 1.000000 1.183216 1.000000 0.000000
 0.030556 1.000000 0.750000 1.000000 1.183216 1.000000 0.000000
 0.031667 1.000000 0.750000 1.000000 1.183216 1.000000 0.000000
 0.032778 1.000000 0.750000 1.000000 1.183216 1.000000 0.000000
 0.033889 1.000000 0.750000 1.000000 1.183216 1.000000 0.000000
 0.035000 1.000000 0.750000 1.000000 1.183216 1.000000 0.000000
 0.036111 1.000000 0.750000 1.000000 1.183216 1.000000 0.000000
 0.037222 1.000000 0.750000 1.000000 1.183216 1.000000 0.000000
 0.038333 1.000000 0.750000 1.000000 1.183216 1.000000 0.000000
 0.039444 1.000000 0.750000 1.000000 1.183216 1.000000 0.000000
 0.040556 1.000000 0.750000 1.000000 1.183216 1.000000 0.000000
 0.041667 1.000000 0.750000 1.000000 1.183216 1.000000 0.000000
 0.042778 1.000000 0.750000 1.000000 1.183216 1.000000 0.000000
 0.043889 1.000000 0.750000 1.000000 1.183216 1.000000 0.000000
 0.045000 1.000000 0.750000 1.000000 1.183216 1.000000 0.000000
 0.046111 1.000000 0.750000 1.000000 1.183216 1.000000 0.000000
 0.047222 1.000000 0.750000 1.000000 1.183216 1.000000 0.000000
 0.048333 1.000000 0.750000 1.000000 1.183216 1.000000 0.000000
 0.049444 1.000000 0.750000 1.000000 1.183216 1.000000 0.000000
 0.050556 1.000000 0.750000 1.000000 1.183216 1.000000 0.000000
 0.051667 1.000000 0.750000 1.000000 1.183216 1.000000 0.000000
 0.052778 1.000000 0.750000 1.000000 1.183216 1.000000 0.000000
 0.053889 1.000000 0.750000 1.000000 1.183216 1.000000 0.000000
 0.055000 1.000000 0.750000 1.000000 1.183216 1.000000 0.000000
 0.056111 1.000000 0.750000 1.000000 1.183216 1.000000 0.000000
 0.057222 1.000000 0.750000 1.000000 1.183216 1.000000 0.000000
 0.058333 1.000000 0.750000 1.000000 1.183216 1.000000 0.000000
 0.059444 1.000000 0.750000 1.000000 1.183216 1.000000 0.000000
 0.060556 1.000000 0.750000 1.000000 1.183216 1.000000 0.000000
 0.061667 1.000000 0.750000 1.000000 1.183216 1.000000 0.000000
 0.062778 1.000000 0.750000 1.000000 1.183216 1.000000 0.000000
 0.063889 1.000000 0.750000 1.000000 1.183216 1.000000 0.000000
 0.065000 1.000000 0.750000 1.000000 1.183216 1.000000 0.000000
 0.066111 1.000000 0.750000 1.000000 1.183216 1.000000 0.000000
 0.067222 1.000000 0.750000 1.000000 1.183216 1.000000 0.000000
 0.068333 1.000000 0.750000 1.000000 1.183216 1.000000 0.000000
 0.069444 1.000000 0.750000 1.000000 1.183216 1.000000 0.000000
 0.070556 1.000000 0.750000 1.000000 1.183216 1.000000 0.000000
 0.071667 1.000000 0.750000 1.000000 1.183216 1.000000 0.000000
 0.072778 1.000000 0.750000 1.000000 1.183216 1.000000 0.000000
 0.073889 1.000000 0.750000 1.000000 1.183216 1.000000 0.000000
 0.075000 1.000000 0.750000 1.000000 1.183216 1.000000 0.000000
 0.076111 1.000000 0.750000 1.000000 1.183216 1.000000 0.000000
 0.077222 1.000000 0.750000 1.000000 1.183216 1.000000 0.000000
 0.078333 1.000000 0.750000 1.000000 1.183216 1.000000 0.000000
 0.079444 1.000000 0.750000 1.000000 1.183216 1.000000 0.000000
 0.080556 1.000000 0.750000 1.000000 1.183216 1.000000 0.000000
 0.081667 1.000000 0.750000 1.000000 1.183216 1.000000 0.000000
 0.082778 1.000000 0.750000 1.000000 1.183216 1.000000 0.000000
 0.083889 1.000000 0.750000 1.000000 1.183216 1.000000 0.000000
 0.085000 1.000000 0.750000 1.000000 1.183216 1.000000 0.000000
 0.086111 1.000000 0.750000 1.000000 1.183216 1.000000 0.000000
 0.087222 1.000000 0.750000 1.000000 1.183216 1.000000 0.000000
 0.088333 1.000000 0.750000 1.000000 1.183216 1.000000 0.000000
 0.089444 1.000000 0.750000 1.000000 1.183216 1.000000 0.000000
 0.090556 1.000000 0.750000 1.000000 1.183216 1.000000 0.000000
 0.091667 1.000000 0.750000 1.000000 1.183216 1.000000 0.000000
 0.092778 1.000000 0.750000 1.000000 1.183216 1.000000 0.000000
 0.093889 1.000000 0.750000 1.000000 1.183216 1.000000 0.000000
 0.095000 1.000000 0.750000 1.000000 1.183216 1.000000 0.000000
 0.096111 1.000000 0.750000 1.000000 1.183216 1.000000 0.000000
 0.097222 1.000000 0.750000 1.000000 1.183216 1.000000 0.000000
 0.098333 1.000000 0.750000 1.000000 1.183216 1.000000 0.000000
 0.099444 1.000000 0.750000 1.000000 1.183216 1.000000 0.000000
 0.100556 1.000000 0.750000 1.000000 1.183216 1.000000 0.000000
 0.101667 1.000000 0.750000 1.000000 1.183216 1.000000 0.000000
 0.102778 1.000000 0.750000 1.000000 1.183216 1.000000 0.000000
 0.103889 1.000000 0.750000 1.000000 1.183216 1.000000 0.000000
 0.105000 1.000000 0.750000 1.000000 1.183216 1.000000 0.000000
 0.106111 1.000000 0.750000 1.000000 1.183216 1.000000 0.000000
 0.107222 1.000000 0.750000 1.000000 1.183216 1.000000 0.000000
 0.108333 1.000000 0.750000 1.000000 1.183216 1.000000 0.000000
 0.109444 1.000000 0.750000 1.000000 1.183216 1.000000 0.000000
 0.110556 1.000000 0.750000 1.000000 1.183216 1.000000 0.000000
 0.111667 1.000000 0.750000 1.000000 1.183216 1.000000 0.000000
 0.112778 1.000000 0.750000 1.000000 1.183216 1.000000 0.000000
 0.113889 1.000000 0.750000 1.000000 1.183216 1.000000 0.000000
 0.115000 1.000000 0.750000 1.000000 1.183216 1.000000 0.000000
 0.116111 1.000000 0.750000 1.000000 1.183216 1.000000 0.000000
 0.117222 1.000000 0.750000 1.000000 1.183216 1.000000 0.000000
 0.118333 1.000000 0.750000 1.000000 1.183216 1.000000 0.000000
 0.119444 1.000000 0.750000 1.000000 1.183216 1.000000 0.000000
 0.120556 1.000000 0.750000 1.000000 1.183216 1.000000 0.000000
 0.121667 1.000000 0.750000 1.000000 1.183216 1.000000 0.000000
 0.122778 1.000000 0.750000 1.000000 1.183216 1.000000 0.000000
 0.123889 1.000000 0.750000 1.000000 1.183216 1.000000 0.000000
 0.125000 1.000000 0.750000 1.000000 1.183216 1.000000 0.000000
 0.126111 1.000000 0.750000 1.000000 1.183216 1.000000 0.000000
 0.127222 1.000000 0.750000 1.000000 1.183216 1.000000 0.000000
 0.128333 1.000000 0.750000 1.000000 1.183216 1.000000 0.000000
 0.129444 1.000000 0.750000 1.000000 1.183216 1.000000 0.000000
 0.130556 1.000000 0.750000 1.000000 1.183216 1.000000 0.000000
 0.131667 1.000000 0.750000 1.000000 1.183216 1.000000 0.000000
 0.132778 1.000000 0.750000 1.000000 1.183216 1.000000 0.000000
 0.133889 1.000000 0.750000 1.000000 1.183216 1.000000 0.000000
 0.135000 1.000000 0.750000 1.000000 1.183216 1.000000 0.000000
 0.136111 1.000000 0.750000 1.000000 1.183216 1.000000 0.000000
 0.137222 1.000000 0.750000 1.000000 1.183216 1.000000 0.000000
 0.138333 1.000000 0.750000 1.000000 1.183216 1.000000 0.000000
 0.139444 1.000000 0.750000 1.000000 1.183216 1.000000 0.000000
 0.140556 1.000000 0.750000 1.000000 1.183216 1.000000 0.000000
 0.141667 1.000000 0.750000 1.000000 1.183216 1.000000 0.000000
 0.142778 1.000000 0.750000 1.000000 1.183216 1.000000 0.000000
 0.143889 1.000000 0.750000 1.000000 1.183216 1.000000 0.000000
 0.145000 1.000000 0.750000 1.000000 1.183216 1.000000 0.000000
 0.146111 1.000000 0.750000 1.000000 1.183216 1.000000 0.000000
 0.147222 1.000000 0.750000 1.000000 1.183216 1.000000 0.000000
 0.148333 1.000000 0.750000 1.000000 1.183216 1.000000 0.000000
 0.149444 1.000000 0.750000 1.000000 1.183216 1.000000 0.000000
 0.150556 1.000000 0.750000 1.000000 1.183216 1.000000 0.000000
 0.151667 1.000000 0.750000 1.000000 1.183216 1.000000 0.000000
 0.152778 1.000000 0.750000 1.000000 1.183216 1.000000 0.000000
 0.153889 1.000000 0.750000 1.000000 1.183216 1.000000 0.000000
 0.155000 1.000000 0.750000 1.000000 1.183216 1.000000 0.000000
 0.156111 1.000000 0.750000 1.000000 1.183216 1.000000 0.000000
 0.157222 1.000000 0.750000 1.000000 1.183216 1.000000 0.000000
 0.158333 1.000000 0.750000 1.000000 1.183216 1.000000 0.000000
 0.159444 1.000000 0.750000 1.000000 1.183216 1.000000 0.000000
 0.160556 1.000000 0.750000 1.000000 1.183216 1.000000 0.000000
 0.161667 1.000000 0.750000 1.000000 1.183216 1.000000 0.000000
 0.162778 1.000000 0.750000 1.000000 1.183216 1.000000 0.000000
 0.163889 1.000000 0.750000 1.000000 1.183216 1.000000 0.000000
 0.165000 1.000000 0.750000 1.000000 1.183216 1.000000 0.000000
 0.166111 1.000000 0.750000 1.000000 1.183216 1.000000 0.000000
 0.167222 1.000000 0.750000 1.000000 1.183216 1.000000 0.000000
 0.168333 1.000000 0.750000 1.000000 1.183216 1.000000 0.000000
 0.169444 1.000000 0.750000 1.000000 1.183216 1.000000 0.000000
 0.170556 1.000000 0.750000 1.000000 1.183216 1.000000 0.000000
 0.171667 1.000000 0.750000 1.000000 1.183216 1.000000 0.000000
 0.172778 1.000000 0.750000 1.000000 1.183216 1.000000 0.000000
 0.173889 1.000000 0.750000 1.000000 1.183216 1.000000 0.000000
 0.175000 1.000000 0.750000 1.000000 1.183216 1.000000 0.000000
 0.176111 1.000000 0.750000 1.000000 1.183216 1.000000 0.000000
 0.177222 1.000000 0.750000 1.000000 1.183216 1.000000 0.000000
 0.178333 1.000000 0.750000 1.000000 1.183216 1.000000 0.000000
 0.179444 1.000000 0.750000 1.000000 1.183216 1.000000 0.000000
 0.180556 1.000000 0.750000 1.000000 1.183216 1.000000 0.000000
 0.181667 1.000000 0.750000 1.000000 1.183216 1.000000 0.000000
 0.182778 1.000000 0.750000 1.000000 1.183216 1.000000 0.000000
 0.183889 1.000000 0.750000 1.000000 1.183216 1.000000 0.000000
 0.185000 1.000000 0.750000 1.000000 1.183216 1.000000 0.000000
 0.186111 1.000000 0.750000 1.000000 1.183216 1.000000 0.000000
 0.187222 1.000000 0.750000 1.000000 1.183216 1.000000 0.000000
 0.188333 1.000000 0.750000 1.000000 1.183216 1.000000 0.000000
 0.189444 1.000000 0.750000 1.000000 1.183216 1.000000 0.000000
 0.190556 1.000000 0.750000 1.000000 1.183216 1.000000 0.000000
 0.191667 1.000000 0.750000 1.000000 1.183216 1.000000 0.000000
 0.192778 1.000000 0.750000 1.000000 1.183216 1.000000 0.000000
 0.193889 1.000000 0.750000 1.000000 1.183216 1.000000 0.000000
 0.195000 1.000000 0.750000 1.000000 1.183216 1.000000 0.000000
 0.196111 1.000000 0.750000 1.000000 1.183216 1.000000 0.000000
 0.197222 1.000000 0.750000 1.000000 1.183216 1.000000 0.000000
 0.198333 1.000000 0.750000 1.000000 1.183216 1.000000 0.000000
 0.199444 1.000000 0.750000 1.000000 1.183216 1.000000 0.000000
 0.200556 1.000000 0.750000 1.000000 1.183216 1.000000 0.000000
 0.201667 1.000000 0.750000 1.000000 1.183216 1.000000 0.000000
 0.202778 1.000000 0.750000 1.000000 1.183216 1.000000 0.000000
 0.203889 1.000000 0.750000 1.000000 1.183216 1.000000 0.000000
 0.205000 1.000000 0.750000 1.000000 1.183216 1.000000 0.000000
 0.206111 1.000000 0.750000 1.000000 1.183216 1.000000 0.000000
 0.207222 1.000000 0.750000 1.000000 1.183216 1.000000 0.000000
 0.208333 1.000000 0.750000 1.000000 1.183216 1.000000 0.000000
 0.209444 1.000000 0.750000 1.000000 1.183216 1.000000 0.000000
 0.210556 1.000000 0.750000 1.000000 1.183216 1.000000 0.000000
 0.211667 1.000000 0.750000 1.000000 1.183216 1.000000 0.000000
 0.212778 1.000000 0.750000 1.000000 1.183216 1.000000 0.000000
 0.213889 0.999999 0.750001 0.999999 1.183216 1.000000 0.000000
 0.215000 0.999999 0.750001 0.999999 1.183216 1.000000 0.000000
 0.216111 0.999998 0.750002 0.999998 1.183216 1.000000 0.000000
 0.217222 0.999997 0.750003 0.999996 1.183215 1.000000 0.000000
 0.218333 0.999995 0.750005 0.999993 1.183215 1.000000 0.000000
 0.219444 0.999992 0.750009 0.999989 1.183214 1.000000 0.000000
 0.220556 0.999987 0.750015 0.999982 1.183213 1.000000 0.000000
 0.221667 0.999980 0.750024 0.999971 1.183211 1.000000 0.000000
 0.222778 0.999968 0.750038 0.999955 1.183208 1.000000 0.000000
 0.223889 0.999949 0.750060 0.999929 1.183204 1.000000 0.000000
 0.225000 0.999922 0.750092 0.999891 1.183197 1.000000 0.000000
 0.226111 0.999882 0.750140 0.999834 1.183188 1.000000 0.000000
 0.227222 0.999823 0.750210 0.999752 1.183174 1.000000 0.000000
 0.228333 0.999739 0.750308 0.999635 1.183154 1.000000 0.000000
 0.229444 0.999623 0.750446 0.999472 1.183127 1.000000 0.000000
 0.230556 0.999462 0.750637 0.999247 1.183089 1.000000 0.000000
 0.231667 0.999245 0.750893 0.998944 1.183037 1.000000 0.000000
 0.232778 0.998957 0.751234 0.998541 1.182969 1.000000 0.000000
 0.233889 0.998582 0.751678 0.998016 1.182880 1.000000 0.000000
 0.235000 0.998102 0.752248 0.997344 1.182767 1.000000 0.000000
 0.236111 0.997497 0.752965 0.996498 1.182623 1.000000 0.000000
 0.237222 0.996749 0.753852 0.995452 1.182446 1.000001 0.000000
 0.238333 0.995838 0.754932 0.994179 1.182230 1.000001 0.000000
 0.239444 0.994749 0.756226 0.992657 1.181971 1.000001 0.000000
 0.240556 0.993464 0.757753 0.990864 1.181666 1.000002 0.000000
 0.241667 0.991974 0.759527 0.988783 1.181312 1.000002 0.000000
 0.242778 0.990267 0.761560 0.986404 1.180906 1.000003 0.000000
 0.243889 0.988340 0.763860 0.983718 1.180446 1.000004 0.000000
 0.245000 0.986191 0.766428 0.980726 1.179933 1.000005 0.000000
 0.246111 0.983823 0.769263 0.977432 1.179367 1.000007 0.000000
 0.247222 0.981241 0.772360 0.973845 1.178748 1.000008 0.000000
 0.248333 0.978456 0.775708 0.969979 1.178079 1.000010 0.000000
 0.249444 0.975479 0.779295 0.965852 1.177363 1.000012 0.000000
 0.250556 0.972325 0.783106 0.961485 1.176602 1.000015 0.000000
 0.251667 0.969010 0.787121 0.956902 1.175800 1.000017 0.000000
 0.252778 0.965552 0.791320 0.952127 1.174961 1.000020 0.000000
 0.253889 0.961971 0.795683 0.947189 1.174090 1.000023 0.000000
 0.255000 0.958286 0.800185 0.942116 1.173191 1.000026 0.000000
 0.256111 0.954519 0.804802 0.936937 1.172269 1.000029 0.000000
 0.257222 0.950691 0.809507 0.931685 1.171329 1.000032 0.000000
 0.258333 0.946827 0.814273 0.926390 1.170377 1.000035 0.000000
 0.259444 0.942950 0.819070 0.921087 1.169418 1.000037 0.000000
 0.260556 0.939086 0.823868 0.915809 1.168460 1.000040 0.000000
 0.261667 0.935260 0.828632 0.910593 1.167508 1.000043 0.000000
 0.262778 0.931502 0.833328 0.905477 1.166570 1.000046 0.000000
 0.263889 0.927842 0.837916 0.900502 1.165653 1.000048 0.000000
 0.265000 0.924311 0.842356 0.895709 1.164765 1.000050 0.000000
 0.266111 0.920941 0.846606 0.891142 1.163916 1.000052 0.000000
 0.267222 0.917766 0.850621 0.886846 1.163113 1.000053 0.000000
 0.268333 0.914820 0.854358 0.882863 1.162366 1.000054 0.000000
 0.269444 0.912132 0.857776 0.879234 1.161683 1.000055 0.000000
 0.270556 0.909729 0.860837 0.875994 1.161071 1.000056 0.000000
 0.271667 0.907631 0.863515 0.873168 1.160535 1.000057 0.000000
 0.272778 0.905849 0.865794 0.870770 1.160079 1.000057 0.000000
 0.273889 0.904382 0.867674 0.868796 1.159703 1.000058 0.000000
 0.275000 0.903216 0.869169 0.867228 1.159404 1.000058 0.000000
 0.276111 0.902324 0.870313 0.866030 1.159176 1.000058 0.000000
 0.277222 0.901672 0.871151 0.865155 1.159008 1.000059 0.000000
 0.278333 0.901218 0.871735 0.864544 1.158891 1.000059 0.000000
 0.279444 0.900917 0.872122 0.864140 1.158814 1.000059 0.000000
 0.280556 0.900728 0.872364 0.863887 1.158766 1.000060 0.000000
 0.281667 0.900617 0.872506 0.863739 1.158738 1.000060 0.000000
 0.282778 0.900556 0.872585 0.863657 1.158722 1.000061 0.000000
 0.283889 0.900525 0.872624 0.863615 1.158714 1.000061 0.000000
 0.285000 0.900510 0.872643 0.863596 1.158711 1.000061 0.000000
 0.286111 0.900505 0.872650 0.863589 1.158710 1.000062 0.000000
 0.287222 0.900503 0.872651 0.863587 1.158709 1.000062 0.000000
 0.288333 0.900503 0.872651 0.863587 1.158710 1.000063 0.000000
 0.289444 0.900504 0.872650 0.863589 1.158710 1.000063 0.000000
 0.290556 0.900504 0.872648 0.863590 1.158711 1.000063 0.000000
 0.291667 0.900505 0.872647 0.863592 1.158711 1.000064 0.000000
 0.292778 0.900506 0.872646 0.863593 1.158711 1.000064 0.000000
 0.293889 0.900507 0.872644 0.863594 1.158712 1.000065 0.000000
 0.295000 0.900507 0.872643 0.863596 1.158712 1.000065 0.000000
 0.296111 0.900508 0.872642 0.863597 1.158713 1.000066 0.000000
 0.297222 0.900508 0.872641 0.863598 1.158713 1.000066 0.000000
 0.298333 0.900509 0.872640 0.863599 1.158714 1.000067 0.000000
 0.299444 0.906780 0.951598 0.950326 1.211294 1.089858 0.000000
 0.300556 0.550454 1.427584 0.427513 1.042746 0.986144 0.000000
 0.301667 0.550453 1.427584 0.427513 1.042746 0.986144 0.000000
 0.302778 0.550453 1.427584 0.427513 1.042746 0.986145 0.000000
 0.303889 0.550453 1.427584 0.427513 1.042746 0.986145 0.000000
 0.305000 0.550453 1.427584 0.427513 1.042746 0.986145 0.000000
 0.306111 0.550453 1.427584 0.427513 1.042746 0.986146 0.000000
 0.307222 0.550453 1.427584 0.427513 1.042746 0.986146 0.000000
 0.308333 0.550453 1.427584 0.427513 1.042746 0.986146 0.000000
 0.309444 0.550453 1.427584 0.427513 1.042747 0.986147 0.000000
 0.310556 0.550452 1.427584 0.427513 1.042747 0.986147 0.000000
 0.311667 0.550452 1.427585 0.427513 1.042747 0.986147 0.000000
 0.312778 0.550452 1.427585 0.427513 1.042747 0.986148 0.000000
 0.313889 0.550452 1.427585 0.427513 1.042747 0.986148 0.000000
 0.315000 0.550452 1.427585 0.427513 1.042747 0.986149 0.000000
 0.316111 0.550452 1.427585 0.427513 1.042747 0.986149 0.000000
 0.317222 0.550452 1.427584 0.427513 1.042748 0.986149 0.000000
 0.318333 0.550452 1.427584 0.427513 1.042748 0.986150 0.000000
 0.319444 0.550451 1.427584 0.427513 1.042748 0.986150 0.000000
 0.320556 0.550452 1.427584 0.427514 1.042748 0.986150 0.000000
 0.321667 0.550452 1.427583 0.427514 1.042748 0.986151 0.000000
 0.322778 0.550453 1.427580 0.427516 1.042749 0.986151 0.000000
 0.323889 0.550456 1.427574 0.427519 1.042750 0.986152 0.000000
 0.325000 0.550462 1.427563 0.427526 1.042753 0.986152 0.000000
 0.326111 0.550475 1.427539 0.427539 1.042758 0.986152 0.000000
 0.327222 0.550498 1.427493 0.427566 1.042767 0.986153 0.000000
 0.328333 0.550542 1.427410 0.427614 1.042784 0.986153 0.000000
 0.329444 0.550620 1.427262 0.427698 1.042814 0.986154 0.000000
 0.330556 0.550753 1.427011 0.427842 1.042864 0.986154 0.000000
 0.331667 0.550969 1.426600 0.428079 1.042946 0.986155 0.000000
 0.332778 0.551312 1.425951 0.428452 1.043076 0.986155 0.000000
 0.333889 0.551835 1.424962 0.429021 1.043274 0.986156 0.000000
 0.335000 0.552603 1.423510 0.429858 1.043565 0.986157 0.000000
 0.336111 0.553691 1.421456 0.431043 1.043976 0.986158 0.000000
 0.337222 0.555169 1.418670 0.432656 1.044534 0.986160 0.000000
 0.338333 0.557093 1.415053 0.434757 1.045259 0.986162 0.000000
 0.339444 0.559478 1.410582 0.437367 1.046154 0.986166 0.000000
 0.340556 0.562284 1.405341 0.440444 1.047204 0.986172 0.000000
 0.341667 0.565403 1.399540 0.443870 1.048367 0.986178 0.000000
 0.342778 0.568667 1.393496 0.447465 1.049578 0.986184 0.000000
 0.343889 0.571879 1.387574 0.451010 1.050764 0.986190 0.000000
 0.345000 0.574857 1.382110 0.454303 1.051858 0.986195 0.000000
 0.346111 0.577462 1.377347 0.457191 1.052812 0.986199 0.000000
 0.347222 0.579627 1.373403 0.459594 1.053602 0.986202 0.000000
 0.348333 0.581345 1.370283 0.461503 1.054227 0.986204 0.000000
 0.349444 0.582654 1.367910 0.462959 1.054702 0.986205 0.000000
 0.350556 0.583619 1.366164 0.464033 1.055052 0.986206 0.000000
 0.351667 0.584310 1.364914 0.464803 1.055302 0.986207 0.000000
 0.352778 0.584794 1.364041 0.465342 1.055477 0.986208 0.000000
 0.353889 0.585126 1.363440 0.465713 1.055598 0.986209 0.000000
 0.355000 0.585351 1.363033 0.465964 1.055679 0.986210 0.000000
 0.356111 0.585503 1.362759 0.466133 1.055734 0.986211 0.000000
 0.357222 0.585605 1.362575 0.466248 1.055772 0.986212 0.000000
 0.358333 0.585674 1.362449 0.466325 1.055797 0.986212 0.000000
 0.359444 0.585722 1.362361 0.466379 1.055815 0.986213 0.000000
 0.360556 0.585757 1.362299 0.466418 1.055828 0.986214 0.000000
 0.361667 0.585782 1.362252 0.466447 1.055837 0.986215 0.000000
 0.362778 0.585802 1.362215 0.466470 1.055845 0.986216 0.000000
 0.363889 0.585819 1.362185 0.466488 1.055851 0.986217 0.000000
 0.365000 0.585832 1.362159 0.466504 1.055857 0.986218 0.000000
 0.366111 0.585844 1.362137 0.466518 1.055862 0.986219 0.000000
 0.367222 0.585855 1.362117 0.466530 1.055866 0.986220 0.000000
 0.368333 0.585865 1.362099 0.466541 1.055870 0.986221 0.000000
 0.369444 0.585873 1.362083 0.466552 1.055874 0.986222 0.000000
 0.370556 0.585881 1.362068 0.466561 1.055877 0.986223 0.000000
 0.371667 0.585889 1.362054 0.466570 1.055880 0.986224 0.000000
 0.372778 0.585895 1.362041 0.466578 1.055883 0.986225 0.000000
 0.373889 0.585901 1.362029 0.466585 1.055886 0.986226 0.000000
 0.375000 0.585907 1.362018 0.466592 1.055889 0.986227 0.000000
 0.376111 0.585912 1.362008 0.466598 1.055891 0.986228 0.000000
 0.377222 0.585917 1.361999 0.466603 1.055893 0.986229 0.000000
 0.378333 0.585921 1.361990 0.466609 1.055896 0.986230 0.000000
 0.379444 0.585925 1.361982 0.466614 1.055898 0.986231 0.000000
 0.380556 0.585928 1.361975 0.466618 1.055900 0.986233 0.000000
 0.381667 0.585932 1.361968 0.466622 1.055901 0.986234 0.000000
 0.382778 0.585935 1.361962 0.466626 1.055903 0.986235 0.000000
 0.383889 0.585937 1.361956 0.466630 1.055905 0.986237 0.000000
 0.385000 0.585940 1.361951 0.466633 1.055906 0.986238 0.000000
 0.386111 0.585942 1.361946 0.466636 1.055908 0.986239 0.000000
 0.387222 0.585944 1.361941 0.466639 1.055909 0.986241 0.000000
 0.388333 0.585946 1.361936 0.466642 1.055911 0.986242 0.000000
 0.389444 0.585947 1.361932 0.466645 1.055912 0.986244 0.000000
 0.390556 0.585949 1.361928 0.466647 1.055914 0.986245 0.000000
 0.391667 0.585950 1.361925 0.466649 1.055915 0.986247 0.000000
 0.392778 0.585951 1.361921 0.466651 1.055916 0.986248 0.000000
 0.393889 0.585953 1.361918 0.466653 1.055918 0.986250 0.000000
 0.395000 0.585953 1.361915 0.466655 1.055919 0.986252 0.000000
 0.396111 0.585954 1.361912 0.466657 1.055920 0.986254 0.000000
 0.397222 0.585955 1.361909 0.466659 1.055921 0.986256 0.000000
 0.398333 0.585956 1.361907 0.466660 1.055923 0.986258 0.000000
 0.399444 0.585956 1.361904 0.466662 1.055924 0.986260 0.000000
 0.400556 0.585956 1.361902 0.466663 1.055925 0.986262 0.000000
 0.401667 0.585957 1.361900 0.466665 1.055927 0.986264 0.000000
 0.402778 0.585957 1.361898 0.466666 1.055928 0.986266 0.000000
 0.403889 0.585957 1.361896 0.466667 1.055929 0.986269 0.000000
 0.405000 0.585957 1.361894 0.466668 1.055931 0.986272 0.000000
 0.406111 0.585956 1.361892 0.466669 1.055932 0.986275 0.000000
 0.407222 0.585956 1.361890 0.466671 1.055934 0.986278 0.000000
 0.408333 0.585955 1.361889 0.466672 1.055936 0.986282 0.000000
 0.409444 0.585955 1.361887 0.466673 1.055937 0.986286 0.000000
 0.410556 0.585953 1.361886 0.466673 1.055939 0.986290 0.000000
 0.411667 0.585952 1.361884 0.466674 1.055942 0.986296 0.000000
 0.412778 0.585950 1.361883 0.466675 1.055945 0.986302 0.000000
 0.413889 0.585947 1.361881 0.466676 1.055948 0.986310 0.000000
 0.415000 0.585944 1.361880 0.466677 1.055952 0.986320 0.000000
 0.416111 0.585940 1.361879 0.466678 1.055957 0.986332 0.000000
 0.417222 0.585934 1.361878 0.466678 1.055963 0.986347 0.000000
 0.418333 0.585926 1.361877 0.466679 1.055971 0.986367 0.000000
 0.419444 0.585916 1.361876 0.466680 1.055981 0.986393 0.000000
 0.420556 0.585902 1.361874 0.466680 1.055994 0.986427 0.000000
 0.421667 0.585883 1.361873 0.466681 1.056011 0.986472 0.000000
 0.422778 0.585858 1.361872 0.466682 1.056034 0.986532 0.000000
 0.423889 0.585825 1.361872 0.466682 1.056065 0.986612 0.000000
 0.425000 0.585780 1.361871 0.466683 1.056106 0.986718 0.000000
 0.426111 0.585721 1.361870 0.466683 1.056160 0.986859 0.000000
 0.427222 0.585642 1.361869 0.466684 1.056231 0.987045 0.000000
 0.428333 0.585539 1.361868 0.466684 1.056325 0.987291 0.000000
 0.429444 0.585403 1.361867 0.466685 1.056449 0.987613 0.000000
 0.430556 0.585226 1.361866 0.466685 1.056609 0.988032 0.000000
 0.431667 0.584997 1.361866 0.466686 1.056816 0.988574 0.000000
 0.432778 0.584703 1.361865 0.466686 1.057082 0.989270 0.000000
 0.433889 0.584329 1.361864 0.466687 1.057421 0.990158 0.000000
 0.435000 0.583857 1.361864 0.466687 1.057849 0.991281 0.000000
 0.436111 0.583265 1.361863 0.466687 1.058386 0.992691 0.000000
 0.437222 0.582530 1.361862 0.466688 1.059054 0.994446 0.000000
 0.438333 0.581624 1.361862 0.466688 1.059879 0.996615 0.000000
 0.439444 0.580519 1.361861 0.466689 1.060887 0.999272 0.000000
 0.440556 0.579183 1.361861 0.466689 1.062111 1.002502 0.000000
 0.441667 0.577581 1.361860 0.466689 1.063583 1.006399 0.000000
 0.442778 0.575677 1.361859 0.466690 1.065341 1.011062 0.000000
 0.443889 0.573436 1.361859 0.466690 1.067421 1.016599 0.000000
 0.445000 0.570820 1.361858 0.466690 1.069864 1.023127 0.000000
 0.446111 0.567796 1.361858 0.466691 1.072710 1.030764 0.000000
 0.447222 0.564331 1.361857 0.466691 1.075998 1.039636 0.000000
 0.448333 0.560397 1.361857 0.466691 1.079769 1.049870 0.000000
 0.449444 0.555969 1.361856 0.466691 1.084061 1.061595 0.000000
 0.450556 0.551032 1.361856 0.466692 1.088907 1.074936 0.000000
 0.451667 0.545575 1.361856 0.466692 1.094339 1.090018 0.000000
 0.452778 0.539599 1.361855 0.466692 1.100383 1.106958 0.000000
 0.453889 0.533111 1.361855 0.466692 1.107058 1.125864 0.000000
 0.455000 0.526131 1.361854 0.466693 1.114378 1.146830 0.000000
 0.456111 0.518689 1.361854 0.466693 1.122345 1.169935 0.000000
 0.457222 0.510822 1.361854 0.466693 1.130953 1.195236 0.000000
 0.458333 0.502581 1.361853 0.466693 1.140188 1.222764 0.000000
 0.459444 0.494023 1.361853 0.466693 1.150022 1.252521 0.000000
 0.460556 0.485214 1.361853 0.466693 1.160414 1.284473 0.000000
 0.461667 0.476225 1.361852 0.466694 1.171315 1.318545 0.000000
 0.462778 0.467131 1.361852 0.466694 1.182662 1.354619 0.000000
 0.463889 0.458012 1.361852 0.466694 1.194378 1.392531 0.000000
 0.465000 0.448945 1.361851 0.466694 1.206379 1.432064 0.000000
 0.466111 0.440007 1.361851 0.466694 1.218570 1.472955 0.000000
 0.467222 0.431271 1.361851 0.466694 1.230850 1.514894 0.000000
 0.468333 0.422806 1.361850 0.466694 1.243111 1.557526 0.000000
 0.469444 0.414672 1.361850 0.466695 1.255244 1.600466 0.000000
 0.470556 0.406922 1.361850 0.466695 1.267140 1.643300 0.000000
 0.471667 0.399601 1.361850 0.466695 1.278696 1.685607 0.000000
 0.472778 0.392741 1.361849 0.466695 1.289815 1.726967 0.000000
 0.473889 0.386368 1.361849 0.466695 1.300408 1.766976 0.000000
 0.475000 0.380497 1.361849 0.466695 1.310403 1.805267 0.000000
 0.476111 0.375132 1.361848 0.466695 1.319740 1.841515 0.000000
 0.477222 0.370271 1.361848 0.466695 1.328376 1.875454 0.000000
 0.478333 0.365902 1.361848 0.466695 1.336284 1.906881 0.000000
 0.479444 0.362007 1.361848 0.466695 1.343452 1.935662 0.000000
 0.480556 0.358564 1.361848 0.466695 1.349887 1.961733 0.000000
 0.481667 0.355545 1.361847 0.466696 1.355606 1.985092 0.000000
 0.482778 0.352920 1.361847 0.466696 1.360639 2.005798 0.000000
 0.483889 0.350655 1.361847 0.466696 1.365026 2.023958 0.000000
 0.485000 0.348717 1.361847 0.466696 1.368813 2.039721 0.000000
 0.486111 0.347073 1.361846 0.466696 1.372052 2.053264 0.000000
 0.487222 0.345689 1.361846 0.466696 1.374797 2.064785 0.000000
 0.488333 0.344533 1.361846 0.466696 1.377101 2.074488 0.000000
 0.489444 0.343576 1.361846 0.466696 1.379017 2.082583 0.000000
 0.490556 0.342790 1.361846 0.466696 1.380598 2.089273 0.000000
 0.491667 0.342149 1.361845 0.466696 1.381889 2.094749 0.000000
 0.492778 0.341632 1.361845 0.466696 1.382935 2.099191 0.000000
 0.493889 0.341218 1.361845 0.466696 1.383774 2.102761 0.000000
 0.495000 0.340889 1.361845 0.466696 1.384442 2.105604 0.000000
 0.496111 0.340629 1.361845 0.466696 1.384969 2.107848 0.000000
 0.497222 0.340427 1.361844 0.466696 1.385380 2.109601 0.000000
 0.498333 0.340271 1.361844 0.466696 1.385699 2.110959 0.000000
 0.499444 0.340151 1.361844 0.466696 1.385943 2.112000 0.000000
 0.500556 0.340060 1.361844 0.466696 1.386128 2.112790 0.000000
 0.501667 0.339992 1.361844 0.466696 1.386267 2.113383 0.000000
 0.502778 0.339941 1.361844 0.466696 1.386370 2.113823 0.000000
 0.503889 0.339905 1.361843 0.466696 1.386445 2.114145 0.000000
 0.505000 0.339878 1.361843 0.466696 1.386500 2.114376 0.000000
 0.506111 0.339859 1.361843 0.466696 1.386538 2.114540 0.000000
 0.507222 0.339846 1.361843 0.466696 1.386564 2.114653 0.000000
 0.508333 0.339838 1.361843 0.466696 1.386582 2.114729 0.000000
 0.509444 0.339832 1.361843 0.466697 1.386594 2.114777 0.000000
 0.510556 0.339829 1.361842 0.466697 1.386600 2.114806 0.000000
 0.511667 0.339827 1.361842 0.466697 1.386604 2.114820 0.000000
 0.512778 0.339827 1.361842 0.466697 1.386605 2.114825 0.000000
 0.513889 0.339827 1.361842 0.466697 1.386604 2.114823 0.000000
 0.515000 0.339827 1.361842 0.466697 1.386603 2.114817 0.000000
 0.516111 0.339829 1.361842 0.466697 1.386601 2.114808 0.000000
 0.517222 0.339830 1.361842 0.466697 1.386598 2.114798 0.000000
 0.518333 0.339831 1.361842 0.466697 1.386596 2.114786 0.000000
 0.519444 0.339832 1.361842 0.466697 1.386593 2.114774 0.000000
 0.520556 0.339834 1.361842 0.466697 1.386590 2.114763 0.000000
 0.521667 0.339835 1.361842 0.466697 1.386588 2.114751 0.000000
 0.522778 0.339836 1.361842 0.466697 1.386585 2.114740 0.000000
 0.523889 0.339838 1.361842 0.466697 1.386583 2.114729 0.000000
 0.525000 0.339839 1.361842 0.466697 1.386580 2.114719 0.000000
 0.526111 0.339840 1.361842 0.466697 1.386578 2.114710 0.000000
 0.527222 0.339841 1.361842 0.466697 1.386576 2.114701 0.000000
 0.528333 0.339842 1.361842 0.466697 1.386574 2.114693 0.000000
 0.529444 0.339843 1.361842 0.466698 1.386572 2.114685 0.000000
 0.530556 0.339844 1.361842 0.466698 1.386571 2.114677 0.000000
 0.531667 0.339845 1.361842 0.466698 1.386569 2.114670 0.000000
 0.532778 0.339846 1.361842 0.466698 1.386568 2.114664 0.000000
 0.533889 0.339846 1.361843 0.466698 1.386566 2.114658 0.000000
 0.535000 0.339847 1.361843 0.466698 1.386565 2.114652 0.000000
 0.536111 0.339848 1.361843 0.466698 1.386564 2.114647 0.000000
 0.537222 0.339849 1.361844 0.466699 1.386563 2.114642 0.000000
 0.538333 0.339849 1.361844 0.466699 1.386562 2.114638 0.000000
 0.539444 0.339850 1.361844 0.466699 1.386561 2.114633 0.000000
 0.540556 0.339850 1.361844 0.466699 1.386560 2.114629 0.000000
 0.541667 0.339850 1.361842 0.466698 1.386559 2.114626 0.000000
 0.542778 0.339850 1.361839 0.466697 1.386557 2.114622 0.000000
 0.543889 0.339848 1.361830 0.466693 1.386555 2.114619 0.000000
 0.545000 0.339844 1.361810 0.466683 1.386550 2.114616 0.000000
 0.546111 0.339833 1.361766 0.466663 1.386541 2.114613 0.000000
 0.547222 0.339810 1.361669 0.466617 1.386521 2.114611 0.000000
 0.548333 0.339758 1.361457 0.466517 1.386478 2.114608 0.000000
 0.549444 0.339645 1.360994 0.466299 1.386385 2.114606 0.000000
 0.550556 0.339399 1.359990 0.465826 1.386183 2.114603 0.000000
 0.551667 0.338866 1.357809 0.464802 1.385746 2.114599 0.000000
 0.552778 0.337714 1.353083 0.462588 1.384798 2.114585 0.000000
 0.553889 0.335239 1.342871 0.457837 1.382745 2.114530 0.000000
 0.555000 0.329992 1.320933 0.447783 1.378307 2.114281 0.000000
 0.556111 0.319167 1.274381 0.427125 1.368776 2.113145 0.000000
 0.557222 0.298093 1.178269 0.387255 1.348611 2.108165 0.000000
 0.558333 0.261644 0.991871 0.319581 1.307673 2.088267 0.000000
 0.559444 0.211214 0.681066 0.229711 1.233937 2.025670 0.000000
 0.560556 0.162924 0.316762 0.150959 1.138938 1.914598 0.000000
 0.561667 0.135600 0.088899 0.112674 1.078563 1.847816 0.000000
 0.562778 0.127124 0.017879 0.102411 1.062000 1.838358 0.000000
 0.563889 0.125380 0.003216 0.100427 1.058948 1.837931 0.000000
 0.565000 0.125067 0.000564 0.100075 1.058414 1.837918 0.000000
 0.566111 0.125012 0.000099 0.100013 1.058320 1.837917 0.000000
 0.567222 0.125002 0.000017 0.100002 1.058304 1.837917 0.000000
 0.568333 0.125000 0.000003 0.100000 1.058301 1.837917 0.000000
 0.569444 0.125000 0.000001 0.100000 1.058301 1.837917 0.000000
 0.570556 0.125000 0.000000 0.100000 1.058301 1.837917 0.000000
 0.571667 0.125000 0.000000 0.100000 1.058301 1.837917 0.000000
 0.572778 0.125000 0.000000 0.100000 1.058301 1.837917 0.000000
 0.573889 0.125000 0.000000 0.100000 1.058301 1.837917 0.000000
 0.575000 0.125000 0.000000 0.100000 1.058301 1.837917 0.000000
 0.576111 0.125000 0.000000 0.100000 1.058301 1.837917 0.000000
 0.577222 0.125000 0.000000 0.100000 1.058301 1.837917 0.000000
 0.578333 0.125000 0.000000 0.100000 1.058301 1.837917 0.000000
 0.579444 0.125000 0.000000 0.100000 1.058301 1.837917 0.000000
 0.580556 0.125000 0.000000 0.100000 1.058301 1.837917 0.000000
 0.581667 0.125000 0.000000 0.100000 1.058301 1.837917 0.000000
 0.582778 0.125000 0.000000 0.100000 1.058301 1.837917 0.000000
 0.583889 0.125000 0.000000 0.100000 1.058301 1.837917 0.000000
 0.585000 0.125000 0.000000 0.100000 1.058301 1.837917 0.000000
 0.586111 0.125000 0.000000 0.100000 1.058301 1.837917 0.000000
 0.587222 0.125000 0.000000 0.100000 1.058301 1.837917 0.000000
 0.588333 0.125000 0.000000 0.100000 1.058301 1.837917 0.000000
 0.589444 0.125000 0.000000 0.100000 1.058301 1.837917 0.000000
 0.590556 0.125000 0.000000 0.100000 1.058301 1.837917 0.000000
 0.591667 0.125000 0.000000 0.100000 1.058301 1.837917 0.000000
 0.592778 0.125000 0.000000 0.100000 1.058301 1.837917 0.000000
 0.593889 0.125000 0.000000 0.100000 1.058301 1.837917 0.000000
 0.595000 0.125000 0.000000 0.100000 1.058301 1.837917 0.000000
 0.596111 0.125000 0.000000 0.100000 1.058301 1.837917 0.000000
 0.597222 0.125000 0.000000 0.100000 1.058301 1.837917 0.000000
 0.598333 0.125000 0.000000 0.100000 1.058301 1.837917 0.000000
 0.599444 0.125000 0.000000 0.100000 1.058301 1.837917 0.000000
 0.600556 0.125000 0.000000 0.100000 1.058301 1.837917 0.000000
 0.601667 0.125000 0.000000 0.100000 1.058301 1.837917 0.000000
 0.602778 0.125000 0.000000 0.100000 1.058301 1.837917 0.000000
 0.603889 0.125000 0.000000 0.100000 1.058301 1.837917 0.000000
 0.605000 0.125000 0.000000 0.100000 1.058301 1.837917 0.000000
 0.606111 0.125000 0.000000 0.100000 1.058301 1.837917 0.000000
 0.607222 0.125000 0.000000 0.100000 1.058301 1.837917 0.000000
 0.608333 0.125000 0.000000 0.100000 1.058301 1.837917 0.000000
 0.609444 0.125000 0.000000 0.100000 1.058301 1.837917 0.000000
 0.610556 0.125000 0.000000 0.100000 1.058301 1.837917 0.000000
 0.611667 0.125000 0.000000 0.100000 1.058301 1.837917 0.000000
 0.612778 0.125000 0.000000 0.100000 1.058301 1.837917 0.000000
 0.613889 0.125000 0.000000 0.100000 1.058301 1.837917 0.000000
 0.615000 0.125000 0.000000 0.100000 1.058301 1.837917 0.000000
 0.616111 0.125000 0.000000 0.100000 1.058301 1.837917 0.000000
 0.617222 0.125000 0.000000 0.100000 1.058301 1.837917 0.000000
 0.618333 0.125000 0.000000 0.100000 1.058301 1.837917 0.000000
 0.619444 0.125000 0.000000 0.100000 1.058301 1.837917 0.000000
 0.620556 0.125000 0.000000 0.100000 1.058301 1.837917 0.000000
 0.621667 0.125000 0.000000 0.100000 1.058301 1.837917 0.000000
 0.622778 0.125000 0.000000 0.100000 1.058301 1.837917 0.000000
 0.623889 0.125000 0.000000 0.100000 1.058301 1.837917 0.000000
 0.625000 0.125000 0.000000 0.100000 1.058301 1.837917 0.000000
 0.626111 0.125000 0.000000 0.100000 1.058301 1.837917 0.000000
 0.627222 0.125000 0.000000 0.100000 1.058301 1.837917 0.000000
 0.628333 0.125000 0.000000 0.100000 1.058301 1.837917 0.000000
 0.629444 0.125000 0.000000 0.100000 1.058301 1.837917 0.000000
 0.630556 0.125000 0.000000 0.100000 1.058301 1.837917 0.000000
 0.631667 0.125000 0.000000 0.100000 1.058301 1.837917 0.000000
 0.632778 0.125000 0.000000 0.100000 1.058301 1.837917 0.000000
 0.633889 0.125000 0.000000 0.100000 1.058301 1.837917 0.000000
 0.635000 0.125000 0.000000 0.100000 1.058301 1.837917 0.000000
 0.636111 0.125000 0.000000 0.100000 1.058301 1.837917 0.000000
 0.637222 0.125000 0.000000 0.100000 1.058301 1.837917 0.000000
 0.638333 0.125000 0.000000 0.100000 1.058301 1.837917 0.000000
 0.639444 0.125000 0.000000 0.100000 1.058301 1.837917 0.000000
 0.640556 0.125000 0.000000 0.100000 1.058301 1.837917 0.000000
 0.641667 0.125000 0.000000 0.100000 1.058301 1.837917 0.000000
 0.642778 0.125000 0.000000 0.100000 1.058301 1.837917 0.000000
 0.643889 0.125000 0.000000 0.100000 1.058301 1.837917 0.000000
 0.645000 0.125000 0.000000 0.100000 1.058301 1.837917 0.000000
 0.646111 0.125000 0.000000 0.100000 1.058301 1.837917 0.000000
 0.647222 0.125000 0.000000 0.100000 1.058301 1.837917 0.000000
 0.648333 0.125000 0.000000 0.100000 1.058301 1.837917 0.000000
 0.649444 0.125000 0.000000 0.100000 1.058301 1.837917 0.000000
 0.650556 0.125000 0.000000 0.100000 1.058301 1.837917 0.000000
 0.651667 0.125000 0.000000 0.100000 1.058301 1.837917 0.000000
 0.652778 0.125000 0.000000 0.100000 1.058301 1.837917 0.000000
 0.653889 0.125000 0.000000 0.100000 1.058301 1.837917 0.000000
 0.655000 0.125000 0.000000 0.100000 1.058301 1.837917 0.000000
 0.656111 0.125000 0.000000 0.100000 1.058301 1.837917 0.000000
 0.657222 0.125000 0.000000 0.100000 1.058301 1.837917 0.000000
 0.658333 0.125000 0.000000 0.100000 1.058301 1.837917 0.000000
 0.659444 0.125000 0.000000 0.100000 1.058301 1.837917 0.000000
 0.660556 0.125000 0.000000 0.100000 1.058301 1.837917 0.000000
 0.661667 0.125000 0.000000 0.100000 1.058301 1.837917 0.000000
 0.662778 0.125000 0.000000 0.100000 1.058301 1.837917 0.000000
 0.663889 0.125000 0.000000 0.100000 1.058301 1.837917 0.000000
 0.665000 0.125000 0.000000 0.100000 1.058301 1.837917 0.000000
 0.666111 0.125000 0.000000 0.100000 1.058301 1.837917 0.000000
 0.667222 0.125000 0.000000 0.100000 1.058301 1.837917 0.000000
 0.668333 0.125000 0.000000 0.100000 1.058301 1.837917 0.000000
 0.669444 0.125000 0.000000 0.100000 1.058301 1.837917 0.000000
 0.670556 0.125000 0.000000 0.100000 1.058301 1.837917 0.000000
 0.671667 0.125000 0.000000 0.100000 1.058301 1.837917 0.000000
 0.672778 0.125000 0.000000 0.100000 1.058301 1.837917 0.000000
 0.673889 0.125000 0.000000 0.100000 1.058301 1.837917 0.000000
 0.675000 0.125000 0.000000 0.100000 1.058301 1.837917 0.000000
 0.676111 0.125000 0.000000 0.100000 1.058301 1.837917 0.000000
 0.677222 0.125000 0.000000 0.100000 1.058301 1.837917 0.000000
 0.678333 0.125000 0.000000 0.100000 1.058301 1.837917 0.000000
 0.679444 0.125000 0.000000 0.100000 1.058301 1.837917 0.000000
 0.680556 0.125000 0.000000 0.100000 1.058301 1.837917 0.000000
 0.681667 0.125000 0.000000 0.100000 1.058301 1.837917 0.000000
 0.682778 0.125000 0.000000 0.100000 1.058301 1.837917 0.000000
 0.683889 0.125000 0.000000 0.100000 1.058301 1.837917 0.000000
 0.685000 0.125000 0.000000 0.100000 1.058301 1.837917 0.000000
 0.686111 0.125000 0.000000 0.100000 1.058301 1.837917 0.000000
 0.687222 0.125000 0.000000 0.100000 1.058301 1.837917 0.000000
 0.688333 0.125000 0.000000 0.100000 1.058301 1.837917 0.000000
 0.689444 0.125000 0.000000 0.100000 1.058301 1.837917 0.000000
 0.690556 0.125000 0.000000 0.100000 1.058301 1.837917 0.000000
 0.691667 0.125000 0.000000 0.100000 1.058301 1.837917 0.000000
 0.692778 0.125000 0.000000 0.100000 1.058301 1.837917 0.000000
 0.693889 0.125000 0.000000 0.100000 1.058301 1.837917 0.000000
 0.695000 0.125000 0.000000 0.100000 1.058301 1.837917 0.000000
 0.696111 0.125000 0.000000 0.100000 1.058301 1.837917 0.000000
 0.697222 0.125000 0.000000 0.100000 1.058301 1.837917 0.000000
 0.698333 0.125000 0.000000 0.100000 1.058301 1.837917 0.000000
 0.699444 0.125000 0.000000 0.100000 1.058301 1.837917 0.000000
 0.700556 0.125000 0.000000 0.100000 1.058301 1.837917 0.000000
 0.701667 0.125000 0.000000 0.100000 1.058301 1.837917 0.000000
 0.702778 0.125000 0.000000 0.100000 1.058301 1.837917 0.000000
 0.703889 0.125000 0.000000 0.100000 1.058301 1.837917 0.000000
 0.705000 0.125000 0.000000 0.100000 1.058301 1.837917 0.000000
 0.706111 0.125000 0.000000 0.100000 1.058301 1.837917 0.000000
 0.707222 0.125000 0.000000 0.100000 1.058301 1.837917 0.000000
 0.708333 0.125000 0.000000 0.100000 1.058301 1.837917 0.000000
 0.709444 0.125000 0.000000 0.100000 1.058301 1.837917 0.000000
 0.710556 0.125000 0.000000 0.100000 1.058301 1.837917 0.000000
 0.711667 0.125000 0.000000 0.100000 1.058301 1.837917 0.000000
 0.712778 0.125000 0.000000 0.100000 1.058301 1.837917 0.000000
 0.713889 0.125000 0.000000 0.100000 1.058301 1.837917 0.000000
 0.715000 0.125000 0.000000 0.100000 1.058301 1.837917 0.000000
 0.716111 0.125000 0.000000 0.100000 1.058301 1.837917 0.000000
 0.717222 0.125000 0.000000 0.100000 1.058301 1.837917 0.000000
 0.718333 0.125000 0.000000 0.100000 1.058301 1.837917 0.000000
 0.719444 0.125000 0.000000 0.100000 1.058301 1.837917 0.000000
 0.720556 0.125000 0.000000 0.100000 1.058301 1.837917 0.000000
 0.721667 0.125000 0.000000 0.100000 1.058301 1.837917 0.000000
 0.722778 0.125000 0.000000 0.100000 1.058301 1.837917 0.000000
 0.723889 0.125000 0.000000 0.100000 1.058301 1.837917 0.000000
 0.725000 0.125000 0.000000 0.100000 1.058301 1.837917 0.000000
 0.726111 0.125000 0.000000 0.100000 1.058301 1.837917 0.000000
 0.727222 0.125000 0.000000 0.100000 1.058301 1.837917 0.000000
 0.728333 0.125000 0.000000 0.100000 1.058301 1.837917 0.000000
 0.729444 0.125000 0.000000 0.100000 1.058301 1.837917 0.000000
 0.730556 0.125000 0.000000 0.100000 1.058301 1.837917 0.000000
 0.731667 0.125000 0.000000 0.100000 1.058301 1.837917 0.000000
 0.732778 0.125000 0.000000 0.100000 1.058301 1.837917 0.000000
 0.733889 0.125000 0.000000 0.100000 1.058301 1.837917 0.000000
 0.735000 0.125000 0.000000 0.100000 1.058301 1.837917 0.000000
 0.736111 0.125000 0.000000 0.100000 1.058301 1.837917 0.000000
 0.737222 0.125000 0.000000 0.100000 1.058301 1.837917 0.000000
 0.738333 0.125000 0.000000 0.100000 1.058301 1.837917 0.000000
 0.739444 0.125000 0.000000 0.100000 1.058301 1.837917 0.000000
 0.740556 0.125000 0.000000 0.100000 1.058301 1.837917 0.000000
 0.741667 0.125000 0.000000 0.100000 1.058301 1.837917 0.000000
 0.742778 0.125000 0.000000 0.100000 1.058301 1.837917 0.000000
 0.743889 0.125000 0.000000 0.100000 1.058301 1.837917 0.000000
 0.745000 0.125000 0.000000 0.100000 1.058301 1.837917 0.000000
 0.746111 0.125000 0.000000 0.100000 1.058301 1.837917 0.000000
 0.747222 0.125000 0.000000 0.100000 1.058301 1.837917 0.000000
 0.748333 0.125000 0.000000 0.100000 1.058301 1.837917 0.000000
 0.749444 0.125000 0.000000 0.100000 1.058301 1.837917 0.000000
 0.750556 0.125000 0.000000 0.100000 1.058301 1.837917 0.000000
 0.751667 0.125000 0.000000 0.100000 1.058301 1.837917 0.000000
 0.752778 0.125000 0.000000 0.100000 1.058301 1.837917 0.000000
 0.753889 0.125000 0.000000 0.100000 1.058301 1.837917 0.000000
 0.755000 0.125000 0.000000 0.100000 1.058301 1.837917 0.000000
 0.756111 0.125000 0.000000 0.100000 1.058301 1.837917 0.000000
 0.757222 0.125000 0.000000 0.100000 1.058301 1.837917 0.000000
 0.758333 0.125000 0.000000 0.100000 1.058301 1.837917 0.000000
 0.759444 0.125000 0.000000 0.100000 1.058301 1.837917 0.000000
 0.760556 0.125000 0.000000 0.100000 1.058301 1.837917 0.000000
 0.761667 0.125000 0.000000 0.100000 1.058301 1.837917 0.000000
 0.762778 0.125000 0.000000 0.100000 1.058301 1.837917 0.000000
 0.763889 0.125000 0.000000 0.100000 1.058301 1.837917 0.000000
 0.765000 0.125000 0.000000 0.100000 1.058301 1.837917 0.000000
 0.766111 0.125000 0.000000 0.100000 1.058301 1.837917 0.000000
 0.767222 0.125000 0.000000 0.100000 1.058301 1.837917 0.000000
 0.768333 0.125000 0.000000 0.100000 1.058301 1.837917 0.000000
 0.769444 0.125000 0.000000 0.100000 1.058301 1.837917 0.000000
 0.770556 0.125000 0.000000 0.100000 1.058301 1.837917 0.000000
 0.771667 0.125000 0.000000 0.100000 1.058301 1.837917 0.000000
 0.772778 0.125000 0.000000 0.100000 1.058301 1.837917 0.000000
 0.773889 0.125000 0.000000 0.100000 1.058301 1.837917 0.000000
 0.775000 0.125000 0.000000 0.100000 1.058301 1.837917 0.000000
 0.776111 0.125000 0.000000 0.100000 1.058301 1.837917 0.000000
 0.777222 0.125000 0.000000 0.100000 1.058301 1.837917 0.000000
 0.778333 0.125000 0.000000 0.100000 1.058301 1.837917 0.000000
 0.779444 0.125000 0.000000 0.100000 1.058301 1.837917 0.000000
 0.780556 0.125000 0.000000 0.100000 1.058301 1.837917 0.000000
 0.781667 0.125000 0.000000 0.100000 1.058301 1.837917 0.000000
 0.782778 0.125000 0.000000 0.100000 1.058301 1.837917 0.000000
 0.783889 0.125000 0.000000 0.100000 1.058301 1.837917 0.000000
 0.785000 0.125000 0.000000 0.100000 1.058301 1.837917 0.000000
 0.786111 0.125000 0.000000 0.100000 1.058301 1.837917 0.000000
 0.787222 0.125000 0.000000 0.100000 1.058301 1.837917 0.000000
 0.788333 0.125000 0.000000 0.100000 1.058301 1.837917 0.000000
 0.789444 0.125000 0.000000 0.100000 1.058301 1.837917 0.000000
 0.790556 0.125000 0.000000 0.100000 1.058301 1.837917 0.000000
 0.791667 0.125000 0.000000 0.100000 1.058301 1.837917 0.000000
 0.792778 0.125000 0.000000 0.100000 1.058301 1.837917 0.000000
 0.793889 0.125000 0.000000 0.100000 1.058301 1.837917 0.000000
 0.795000 0.125000 0.000000 0.100000 1.058301 1.837917 0.000000
 0.796111 0.125000 0.000000 0.100000 1.058301 1.837917 0.000000
 0.797222 0.125000 0.000000 0.100000 1.058301 1.837917 0.000000
 0.798333 0.125000 0.000000 0.100000 1.058301 1.837917 0.000000
 0.799444 0.125000 0.000000 0.100000 1.058301 1.837917 0.000000
 0.800556 0.125000 0.000000 0.100000 1.058301 1.837917 0.000000
 0.801667 0.125000 0.000000 0.100000 1.058301 1.837917 0.000000
 0.802778 0.125000 0.000000 0.100000 1.058301 1.837917 0.000000
 0.803889 0.125000 0.000000 0.100000 1.058301 1.837917 0.000000
 0.805000 0.125000 0.000000 0.100000 1.058301 1.837917 0.000000
 0.806111 0.125000 0.000000 0.100000 1.058301 1.837917 0.000000
 0.807222 0.125000 0.000000 0.100000 1.058301 1.837917 0.000000
 0.808333 0.125000 0.000000 0.100000 1.058301 1.837917 0.000000
 0.809444 0.125000 0.000000 0.100000 1.058301 1.837917 0.000000
 0.810556 0.125000 0.000000 0.100000 1.058301 1.837917 0.000000
 0.811667 0.125000 0.000000 0.100000 1.058301 1.837917 0.000000
 0.812778 0.125000 0.000000 0.100000 1.058301 1.837917 0.000000
 0.813889 0.125000 0.000000 0.100000 1.058301 1.837917 0.000000
 0.815000 0.125000 0.000000 0.100000 1.058301 1.837917 0.000000
 0.816111 0.125000 0.000000 0.100000 1.058301 1.837917 0.000000
 0.817222 0.125000 0.000000 0.100000 1.058301 1.837917 0.000000
 0.818333 0.125000 0.000000 0.100000 1.058301 1.837917 0.000000
 0.819444 0.125000 0.000000 0.100000 1.058301 1.837917 0.000000
 0.820556 0.125000 0.000000 0.100000 1.058301 1.837917 0.000000
 0.821667 0.125000 0.000000 0.100000 1.058301 1.837917 0.000000
 0.822778 0.125000 0.000000 0.100000 1.058301 1.837917 0.000000
 0.823889 0.125000 0.000000 0.100000 1.058301 1.837917 0.000000
 0.825000 0.125000 0.000000 0.100000 1.058301 1.837917 0.000000
 0.826111 0.125000 0.000000 0.100000 1.058301 1.837917 0.000000
 0.827222 0.125000 0.000000 0.100000 1.058301 1.837917 0.000000
 0.828333 0.125000 0.000000 0.100000 1.058301 1.837917 0.000000
 0.829444 0.125000 0.000000 0.100000 1.058301 1.837917 0.000000
 0.830556 0.125000 0.000000 0.100000 1.058301 1.837917 0.000000
 0.831667 0.125000 0.000000 0.100000 1.058301 1.837917 0.000000
 0.832778 0.125000 0.000000 0.100000 1.058301 1.837917 0.000000
 0.833889 0.125000 0.000000 0.100000 1.058301 1.837917 0.000000
 0.835000 0.125000 0.000000 0.100000 1.058301 1.837917 0.000000
 0.836111 0.125000 0.000000 0.100000 1.058301 1.837917 0.000000
 0.837222 0.125000 0.000000 0.100000 1.058301 1.837917 0.000000
 0.838333 0.125000 0.000000 0.100000 1.058301 1.837917 0.000000
 0.839444 0.125000 0.000000 0.100000 1.058301 1.837917 0.000000
 0.840556 0.125000 0.000000 0.100000 1.058301 1.837917 0.000000
 0.841667 0.125000 0.000000 0.100000 1.058301 1.837917 0.000000
 0.842778 0.125000 0.000000 0.100000 1.058301 1.837917 0.000000
 0.843889 0.125000 0.000000 0.100000 1.058301 1.837917 0.000000
 0.845000 0.125000 0.000000 0.100000 1.058301 1.837917 0.000000
 0.846111 0.125000 0.000000 0.100000 1.058301 1.837917 0.000000
 0.847222 0.125000 0.000000 0.100000 1.058301 1.837917 0.000000
 0.848333 0.125000 0.000000 0.100000 1.058301 1.837917 0.000000
 0.849444 0.125000 0.000000 0.100000 1.058301 1.837917 0.000000
 0.850556 0.125000 0.000000 0.100000 1.058301 1.837917 0.000000
 0.851667 0.125000 0.000000 0.100000 1.058301 1.837917 0.000000
 0.852778 0.125000 0.000000 0.100000 1.058301 1.837917 0.000000
 0.853889 0.125000 0.000000 0.100000 1.058301 1.837917 0.000000
 0.855000 0.125000 0.000000 0.100000 1.058301 1.837917 0.000000
 0.856111 0.125000 0.000000 0.100000 1.058301 1.837917 0.000000
 0.857222 0.125000 0.000000 0.100000 1.058301 1.837917 0.000000
 0.858333 0.125000 0.000000 0.100000 1.058301 1.837917 0.000000
 0.859444 0.125000 0.000000 0.100000 1.058301 1.837917 0.000000
 0.860556 0.125000 0.000000 0.100000 1.058301 1.837917 0.000000
 0.861667 0.125000 0.000000 0.100000 1.058301 1.837917 0.000000
 0.862778 0.125000 0.000000 0.100000 1.058301 1.837917 0.000000
 0.863889 0.125000 0.000000 0.100000 1.058301 1.837917 0.000000
 0.865000 0.125000 0.000000 0.100000 1.058301 1.837917 0.000000
 0.866111 0.125000 0.000000 0.100000 1.058301 1.837917 0.000000
 0.867222 0.125000 0.000000 0.100000 1.058301 1.837917 0.000000
 0.868333 0.125000 0.000000 0.100000 1.058301 1.837917 0.000000
 0.869444 0.125000 0.000000 0.100000 1.058301 1.837917 0.000000
 0.870556 0.125000 0.000000 0.100000 1.058301 1.837917 0.000000
 0.871667 0.125000 0.000000 0.100000 1.058301 1.837917 0.000000
 0.872778 0.125000 0.000000 0.100000 1.058301 1.837917 0.000000
 0.873889 0.125000 0.000000 0.100000 1.058301 1.837917 0.000000
 0.875000 0.125000 0.000000 0.100000 1.058301 1.837917 0.000000
 0.876111 0.125000 0.000000 0.100000 1.058301 1.837917 0.000000
 0.877222 0.125000 0.000000 0.100000 1.058301 1.837917 0.000000
 0.878333 0.125000 0.000000 0.100000 1.058301 1.837917 0.000000
 0.879444 0.125000 0.000000 0.100000 1.058301 1.837917 0.000000
 0.880556 0.125000 0.000000 0.100000 1.058301 1.837917 0.000000
 0.881667 0.125000 0.000000 0.100000 1.058301 1.837917 0.000000
 0.882778 0.125000 0.000000 0.100000 1.058301 1.837917 0.000000
 0.883889 0.125000 0.000000 0.100000 1.058301 1.837917 0.000000
 0.885000 0.125000 0.000000 0.100000 1.058301 1.837917 0.000000
 0.886111 0.125000 0.000000 0.100000 1.058301 1.837917 0.000000
 0.887222 0.125000 0.000000 0.100000 1.058301 1.837917 0.000000
 0.888333 0.125000 0.000000 0.100000 1.058301 1.837917 0.000000
 0.889444 0.125000 0.000000 0.100000 1.058301 1.837917 0.000000
 0.890556 0.125000 0.000000 0.100000 1.058301 1.837917 0.000000
 0.891667 0.125000 0.000000 0.100000 1.058301 1.837917 0.000000
 0.892778 0.125000 0.000000 0.100000 1.058301 1.837917 0.000000
 0.893889 0.125000 0.000000 0.100000 1.058301 1.837917 0.000000
 0.895000 0.125000 0.000000 0.100000 1.058301 1.837917 0.000000
 0.896111 0.125000 0.000000 0.100000 1.058301 1.837917 0.000000
 0.897222 0.125000 0.000000 0.100000 1.058301 1.837917 0.000000
 0.898333 0.125000 0.000000 0.100000 1.058301 1.837917 0.000000
 0.899444 0.125000 0.000000 0.100000 1.058301 1.837917 0.000000
 0.900556 0.125000 0.000000 0.100000 1.058301 1.837917 0.000000
 0.901667 0.125000 0.000000 0.100000 1.058301 1.837917 0.000000
 0.902778 0.125000 0.000000 0.100000 1.058301 1.837917 0.000000
 0.903889 0.125000 0.000000 0.100000 1.058301 1.837917 0.000000
 0.905000 0.125000 0.000000 0.100000 1.058301 1.837917 0.000000
 0.906111 0.125000 0.000000 0.100000 1.058301 1.837917 0.000000
 0.907222 0.125000 0.000000 0.100000 1.058301 1.837917 0.000000
 0.908333 0.125000 0.000000 0.100000 1.058301 1.837917 0.000000
 0.909444 0.125000 0.000000 0.100000 1.058301 1.837917 0.000000
 0.910556 0.125000 0.000000 0.100000 1.058301 1.837917 0.000000
 0.911667 0.125000 0.000000 0.100000 1.058301 1.837917 0.000000
 0.912778 0.125000 0.000000 0.100000 1.058301 1.837917 0.000000
 0.913889 0.125000 0.000000 0.100000 1.058301 1.837917 0.000000
 0.915000 0.125000 0.000000 0.100000 1.058301 1.837917 0.000000
 0.916111 0.125000 0.000000 0.100000 1.058301 1.837917 0.000000
 0.917222 0.125000 0.000000 0.100000 1.058301 1.837917 0.000000
 0.918333 0.125000 0.000000 0.100000 1.058301 1.837917 0.000000
 0.919444 0.125000 0.000000 0.100000 1.058301 1.837917 0.000000
 0.920556 0.125000 0.000000 0.100000 1.058301 1.837917 0.000000
 0.921667 0.125000 0.000000 0.100000 1.058301 1.837917 0.000000
 0.922778 0.125000 0.000000 0.100000 1.058301 1.837917 0.000000
 0.923889 0.125000 0.000000 0.100000 1.058301 1.837917 0.000000
 0.925000 0.125000 0.000000 0.100000 1.058301 1.837917 0.000000
 0.926111 0.125000 0.000000 0.100000 1.058301 1.837917 0.000000
 0.927222 0.125000 0.000000 0.100000 1.058301 1.837917 0.000000
 0.928333 0.125000 0.000000 0.100000 1.058301 1.837917 0.000000
 0.929444 0.125000 0.000000 0.100000 1.058301 1.837917 0.000000
 0.930556 0.125000 0.000000 0.100000 1.058301 1.837917 0.000000
 0.931667 0.125000 0.000000 0.100000 1.058301 1.837917 0.000000
 0.932778 0.125000 0.000000 0.100000 1.058301 1.837917 0.000000
 0.933889 0.125000 0.000000 0.100000 1.058301 1.837917 0.000000
 0.935000 0.125000 0.000000 0.100000 1.058301 1.837917 0.000000
 0.936111 0.125000 0.000000 0.100000 1.058301 1.837917 0.000000
 0.937222 0.125000 0.000000 0.100000 1.058301 1.837917 0.000000
 0.938333 0.125000 0.000000 0.100000 1.058301 1.837917 0.000000
 0.939444 0.125000 0.000000 0.100000 1.058301 1.837917 0.000000
 0.940556 0.125000 0.000000 0.100000 1.058301 1.837917 0.000000
 0.941667 0.125000 0.000000 0.100000 1.058301 1.837917 0.000000
 0.942778 0.125000 0.000000 0.100000 1.058301 1.837917 0.000000
 0.943889 0.125000 0.000000 0.100000 1.058301 1.837917 0.000000
 0.945000 0.125000 0.000000 0.100000 1.058301 1.837917 0.000000
 0.946111 0.125000 0.000000 0.100000 1.058301 1.837917 0.000000
 0.947222 0.125000 0.000000 0.100000 1.058301 1.837917 0.000000
 0.948333 0.125000 0.000000 0.100000 1.058301 1.837917 0.000000
 0.949444 0.125000 0.000000 0.100000 1.058301 1.837917 0.000000
 0.950556 0.125000 0.000000 0.100000 1.058301 1.837917 0.000000
 0.951667 0.125000 0.000000 0.100000 1.058301 1.837917 0.000000
 0.952778 0.125000 0.000000 0.100000 1.058301 1.837917 0.000000
 0.953889 0.125000 0.000000 0.100000 1.058301 1.837917 0.000000
 0.955000 0.125000 0.000000 0.100000 1.058301 1.837917 0.000000
 0.956111 0.125000 0.000000 0.100000 1.058301 1.837917 0.000000
 0.957222 0.125000 0.000000 0.100000 1.058301 1.837917 0.000000
 0.958333 0.125000 0.000000 0.100000 1.058301 1.837917 0.000000
 0.959444 0.125000 0.000000 0.100000 1.058301 1.837917 0.000000
 0.960556 0.125000 0.000000 0.100000 1.058301 1.837917 0.000000
 0.961667 0.125000 0.000000 0.100000 1.058301 1.837917 0.000000
 0.962778 0.125000 0.000000 0.100000 1.058301 1.837917 0.000000
 0.963889 0.125000 0.000000 0.100000 1.058301 1.837917 0.000000
 0.965000 0.125000 0.000000 0.100000 1.058301 1.837917 0.000000
 0.966111 0.125000 0.000000 0.100000 1.058301 1.837917 0.000000
 0.967222 0.125000 0.000000 0.100000 1.058301 1.837917 0.000000
 0.968333 0.125000 0.000000 0.100000 1.058301 1.837917 0.000000
 0.969444 0.125000 0.000000 0.100000 1.058301 1.837917 0.000000
 0.970556 0.125000 0.000000 0.100000 1.058301 1.837917 0.000000
 0.971667 0.125000 0.000000 0.100000 1.058301 1.837917 0.000000
 0.972778 0.125000 0.000000 0.100000 1.058301 1.837917 0.000000
 0.973889 0.125000 0.000000 0.100000 1.058301 1.837917 0.000000
 0.975000 0.125000 0.000000 0.100000 1.058301 1.837917 0.000000
 0.976111 0.125000 0.000000 0.100000 1.058301 1.837917 0.000000
 0.977222 0.125000 0.000000 0.100000 1.058301 1.837917 0.000000
 0.978333 0.125000 0.000000 0.100000 1.058301 1.837917 0.000000
 0.979444 0.125000 0.000000 0.100000 1.058301 1.837917 0.000000
 0.980556 0.125000 0.000000 0.100000 1.058301 1.837917 0.000000
 0.981667 0.125000 0.000000 0.100000 1.058301 1.837917 0.000000
 0.982778 0.125000 0.000000 0.100000 1.058301 1.837917 0.000000
 0.983889 0.125000 0.000000 0.100000 1.058301 1.837917 0.000000
 0.985000 0.125000 0.000000 0.100000 1.058301 1.837917 0.000000
 0.986111 0.125000 0.000000 0.100000 1.058301 1.837917 0.000000
 0.987222 0.125000 0.000000 0.100000 1.058301 1.837917 0.000000
 0.988333 0.125000 0.000000 0.100000 1.058301 1.837917 0.000000
 0.989444 0.125000 0.000000 0.100000 1.058301 1.837917 0.000000
 0.990556 0.125000 0.000000 0.100000 1.058301 1.837917 0.000000
 0.991667 0.125000 0.000000 0.100000 1.058301 1.837917 0.000000
 0.992778 0.125000 0.000000 0.100000 1.058301 1.837917 0.000000
 0.993889 0.125000 0.000000 0.100000 1.058301 1.837917 0.000000
 0.995000 0.125000 0.000000 0.100000 1.058301 1.837917 0.000000
 0.996111 0.125000 0.000000 0.100000 1.058301 1.837917 0.000000
 0.997222 0.125000 0.000000 0.100000 1.058301 1.837917 0.000000
 0.998333 0.125000 0.000000 0.100000 1.058301 1.837917 0.000000
 0.999444 0.125000 0.000000 0.100000 1.058301 1.837917 0.000000
