Timer: 0.180180
 0.000556 1.271345 0.292935 1.401684 1.242388 0.001568 0.000000
 0.001667 1.271347 0.292934 1.401686 1.242388 0.001568 0.000000
 0.002778 1.271348 0.292933 1.401688 1.242389 0.001568 0.000000
 0.003889 1.271349 0.292932 1.401689 1.242389 0.001568 0.000000
 0.005000 1.271350 0.292931 1.401691 1.242389 0.001568 0.000000
 0.006111 1.271351 0.292929 1.401693 1.242389 0.001568 0.000000
 0.007222 1.271352 0.292928 1.401694 1.242389 0.001568 0.000000
 0.008333 1.271353 0.292927 1.401696 1.242390 0.001568 0.000000
 0.009444 1.271354 0.292927 1.401697 1.242390 0.001568 0.000000
 0.010556 1.271355 0.292926 1.401699 1.242390 0.001568 0.000000
 0.011667 1.271356 0.292925 1.401700 1.242390 0.001568 0.000000
 0.012778 1.271357 0.292924 1.401702 1.242390 0.001568 0.000000
 0.013889 1.271358 0.292923 1.401703 1.242391 0.001568 0.000000
 0.015000 1.271359 0.292922 1.401705 1.242391 0.001568 0.000000
 0.016111 1.271360 0.292921 1.401706 1.242391 0.001568 0.000000
 0.017222 1.271360 0.292920 1.401707 1.242391 0.001568 0.000000
 0.018333 1.271361 0.292920 1.401708 1.242391 0.001568 0.000000
 0.019444 1.271362 0.292919 1.401710 1.242391 0.001568 0.000000
 0.020556 1.271363 0.292918 1.401711 1.242392 0.001568 0.000000
 0.021667 1.271364 0.292917 1.401712 1.242392 0.001568 0.000000
 0.022778 1.271364 0.292917 1.401713 1.242392 0.001568 0.000000
 0.023889 1.271365 0.292916 1.401714 1.242392 0.001568 0.000000
 0.025000 1.271366 0.292915 1.401715 1.242392 0.001568 0.000000
 0.026111 1.271366 0.292914 1.401717 1.242392 0.001568 0.000000
 0.027222 1.271367 0.292914 1.401718 1.242392 0.001568 0.000000
 0.028333 1.271368 0.292913 1.401719 1.242393 0.001568 0.000000
 0.029444 1.271369 0.292912 1.401720 1.242393 0.001568 0.000000
 0.030556 1.271369 0.292912 1.401721 1.242393 0.001568 0.000000
 0.031667 1.271370 0.292911 1.401722 1.242393 0.001568 0.000000
 0.032778 1.271370 0.292911 1.401723 1.242393 0.001568 0.000000
 0.033889 1.271371 0.292910 1.401724 1.242393 0.001568 -0.000000
 0.035000 1.271372 0.292909 1.401724 1.242393 0.001568 -0.000000
 0.036111 1.271372 0.292909 1.401725 1.242393 0.001568 -0.000000
 0.037222 1.271373 0.292908 1.401726 1.242393 0.001568 -0.000000
 0.038333 1.271373 0.292908 1.401727 1.242394 0.001568 -0.000000
 0.039444 1.271374 0.292907 1.401728 1.242394 0.001568 -0.000000
 0.040556 1.271374 0.292907 1.401729 1.242394 0.001568 -0.000000
 0.041667 1.271375 0.292906 1.401730 1.242394 0.001568 -0.000000
 0.042778 1.271376 0.292906 1.401730 1.242394 0.001568 -0.000000
 0.043889 1.271376 0.292905 1.401731 1.242394 0.001568 -0.000000
 0.045000 1.271377 0.292905 1.401732 1.242394 0.001568 -0.000000
 0.046111 1.271377 0.292904 1.401733 1.242394 0.001568 -0.000000
 0.047222 1.271378 0.292904 1.401734 1.242394 0.001568 -0.000000
 0.048333 1.271378 0.292903 1.401734 1.242395 0.001568 -0.000000
 0.049444 1.271378 0.292903 1.401735 1.242395 0.001568 -0.000000
 0.050556 1.271379 0.292902 1.401736 1.242395 0.001568 -0.000000
 0.051667 1.271379 0.292902 1.401736 1.242395 0.001568 -0.000000
 0.052778 1.271380 0.292901 1.401737 1.242395 0.001568 -0.000000
 0.053889 1.271380 0.292901 1.401738 1.242395 0.001568 -0.000000
 0.055000 1.271381 0.292901 1.401738 1.242395 0.001568 -0.000000
 0.056111 1.271381 0.292900 1.401739 1.242395 0.001568 -0.000000
 0.057222 1.271382 0.292900 1.401740 1.242395 0.001568 -0.000000
 0.058333 1.271382 0.292899 1.401740 1.242395 0.001568 -0.000000
 0.059444 1.271382 0.292899 1.401741 1.242395 0.001568 -0.000000
 0.060556 1.271383 0.292899 1.401742 1.242395 0.001568 -0.000000
 0.061667 1.271383 0.292898 1.401742 1.242396 0.001568 -0.000000
 0.062778 1.271384 0.292898 1.401743 1.242396 0.001568 -0.000000
 0.063889 1.271384 0.292897 1.401743 1.242396 0.001568 -0.000000
 0.065000 1.271384 0.292897 1.401744 1.242396 0.001568 -0.000000
 0.066111 1.271385 0.292897 1.401745 1.242396 0.001568 -0.000000
 0.067222 1.271385 0.292896 1.401745 1.242396 0.001568 -0.000000
 0.068333 1.271385 0.292896 1.401746 1.242396 0.001568 -0.000000
 0.069444 1.271386 0.292896 1.401746 1.242396 0.001568 -0.000000
 0.070556 1.271386 0.292895 1.401747 1.242396 0.001568 -0.000000
 0.071667 1.271386 0.292895 1.401747 1.242396 0.001568 -0.000000
 0.072778 1.271387 0.292895 1.401748 1.242396 0.001568 -0.000000
 0.073889 1.271387 0.292894 1.401748 1.242396 0.001568 -0.000000
 0.075000 1.271387 0.292894 1.401749 1.242396 0.001568 -0.000000
 0.076111 1.271388 0.292894 1.401749 1.242396 0.001568 -0.000000
 0.077222 1.271388 0.292893 1.401750 1.242396 0.001568 -0.000000
 0.078333 1.271388 0.292893 1.401750 1.242397 0.001568 -0.000000
 0.079444 1.271389 0.292893 1.401751 1.242397 0.001568 -0.000000
 0.080556 1.271389 0.292893 1.401751 1.242397 0.001568 -0.000000
 0.081667 1.271389 0.292892 1.401752 1.242397 0.001568 -0.000000
 0.082778 1.271389 0.292892 1.401752 1.242397 0.001568 -0.000000
 0.083889 1.271390 0.292892 1.401752 1.242397 0.001568 -0.000000
 0.085000 1.271390 0.292891 1.401753 1.242397 0.001568 -0.000000
 0.086111 1.271390 0.292891 1.401753 1.242397 0.001568 -0.000000
 0.087222 1.271391 0.292891 1.401754 1.242397 0.001568 -0.000000
 0.088333 1.271391 0.292891 1.401754 1.242397 0.001568 -0.000000
 0.089444 1.271391 0.292890 1.401755 1.242397 0.001568 -0.000000
 0.090556 1.271391 0.292890 1.401755 1.242397 0.001568 -0.000000
 0.091667 1.271392 0.292890 1.401755 1.242397 0.001568 -0.000000
 0.092778 1.271392 0.292890 1.401756 1.242397 0.001568 -0.000000
 0.093889 1.271392 0.292889 1.401756 1.242397 0.001568 -0.000000
 0.095000 1.271392 0.292889 1.401757 1.242397 0.001568 -0.000000
 0.096111 1.271393 0.292889 1.401757 1.242397 0.001568 -0.000000
 0.097222 1.271393 0.292889 1.401757 1.242397 0.001568 -0.000000
 0.098333 1.271393 0.292888 1.401758 1.242397 0.001568 -0.000000
 0.099444 1.271393 0.292888 1.401758 1.242398 0.001568 -0.000000
 0.100556 1.271394 0.292888 1.401758 1.242398 0.001568 -0.000000
 0.101667 1.271394 0.292888 1.401759 1.242398 0.001568 -0.000000
 0.102778 1.271394 0.292888 1.401759 1.242398 0.001568 -0.000000
 0.103889 1.271394 0.292887 1.401759 1.242398 0.001568 -0.000000
 0.105000 1.271394 0.292887 1.401760 1.242398 0.001568 -0.000000
 0.106111 1.271395 0.292887 1.401760 1.242398 0.001568 -0.000000
 0.107222 1.271395 0.292887 1.401760 1.242398 0.001568 -0.000000
 0.108333 1.271395 0.292886 1.401761 1.242398 0.001568 -0.000000
 0.109444 1.271395 0.292886 1.401761 1.242398 0.001568 -0.000000
 0.110556 1.271396 0.292886 1.401761 1.242398 0.001568 -0.000000
 0.111667 1.271396 0.292886 1.401762 1.242398 0.001568 -0.000000
 0.112778 1.271396 0.292886 1.401762 1.242398 0.001568 -0.000000
 0.113889 1.271396 0.292885 1.401762 1.242398 0.001568 -0.000000
 0.115000 1.271396 0.292885 1.401763 1.242398 0.001568 -0.000000
 0.116111 1.271396 0.292885 1.401763 1.242398 0.001568 -0.000000
 0.117222 1.271397 0.292885 1.401763 1.242398 0.001568 -0.000000
 0.118333 1.271397 0.292885 1.401763 1.242398 0.001568 -0.000000
 0.119444 1.271397 0.292885 1.401764 1.242398 0.001568 -0.000000
 0.120556 1.271397 0.292884 1.401764 1.242398 0.001568 -0.000000
 0.121667 1.271397 0.292884 1.401764 1.242398 0.001568 -0.000000
 0.122778 1.271398 0.292884 1.401765 1.242398 0.001568 -0.000000
 0.123889 1.271398 0.292884 1.401765 1.242398 0.001568 -0.000000
 0.125000 1.271398 0.292884 1.401765 1.242398 0.001569 -0.000000
 0.126111 1.271398 0.292884 1.401765 1.242399 0.001569 -0.000000
 0.127222 1.271398 0.292883 1.401766 1.242399 0.001569 -0.000000
 0.128333 1.271397 0.292883 1.401766 1.242399 0.001570 -0.000000
 0.129444 1.271396 0.292883 1.401766 1.242400 0.001571 -0.000000
 0.130556 1.271394 0.292883 1.401766 1.242401 0.001573 -0.000000
 0.131667 1.271391 0.292883 1.401767 1.242403 0.001577 -0.000000
 0.132778 1.271385 0.292883 1.401767 1.242406 0.001584 -0.000001
 0.133889 1.271376 0.292882 1.401767 1.242410 0.001594 -0.000001
 0.135000 1.271362 0.292882 1.401767 1.242417 0.001610 -0.000001
 0.136111 1.271341 0.292882 1.401768 1.242428 0.001633 -0.000002
 0.137222 1.271310 0.292882 1.401768 1.242442 0.001667 -0.000003
 0.138333 1.271269 0.292882 1.401768 1.242463 0.001713 -0.000004
 0.139444 1.271214 0.292882 1.401768 1.242490 0.001774 -0.000005
 0.140556 1.271142 0.292882 1.401768 1.242525 0.001853 -0.000006
 0.141667 1.271053 0.292881 1.401769 1.242569 0.001951 -0.000008
 0.142778 1.270945 0.292881 1.401769 1.242622 0.002070 -0.000009
 0.143889 1.270819 0.292881 1.401769 1.242683 0.002209 -0.000011
 0.145000 1.270676 0.292881 1.401769 1.242753 0.002367 -0.000012
 0.146111 1.270519 0.292881 1.401770 1.242830 0.002540 -0.000013
 0.147222 1.270353 0.292881 1.401770 1.242911 0.002723 -0.000014
 0.148333 1.270184 0.292881 1.401770 1.242994 0.002909 -0.000014
 0.149444 1.270018 0.292880 1.401770 1.243075 0.003092 -0.000014
 0.150556 1.269862 0.292880 1.401770 1.243152 0.003265 -0.000013
 0.151667 1.269722 0.292880 1.401771 1.243221 0.003419 -0.000012
 0.152778 1.269603 0.292880 1.401771 1.243279 0.003550 -0.000010
 0.153889 1.269511 0.292880 1.401771 1.243324 0.003652 -0.000008
 0.155000 1.269448 0.292880 1.401771 1.243355 0.003722 -0.000005
 0.156111 1.269414 0.292880 1.401771 1.243371 0.003759 -0.000003
 0.157222 1.269410 0.292880 1.401772 1.243374 0.003763 -0.000000
 0.158333 1.269433 0.292880 1.401772 1.243362 0.003738 0.000002
 0.159444 1.269480 0.292879 1.401772 1.243339 0.003687 0.000004
 0.160556 1.269547 0.292879 1.401772 1.243307 0.003614 0.000006
 0.161667 1.269628 0.292879 1.401772 1.243267 0.003524 0.000007
 0.162778 1.269719 0.292879 1.401772 1.243223 0.003423 0.000008
 0.163889 1.269817 0.292879 1.401773 1.243175 0.003316 0.000008
 0.165000 1.269917 0.292879 1.401773 1.243126 0.003206 0.000008
 0.166111 1.270015 0.292879 1.401773 1.243078 0.003097 0.000008
 0.167222 1.270111 0.292879 1.401773 1.243031 0.002992 0.000008
 0.168333 1.270201 0.292879 1.401773 1.242987 0.002893 0.000008
 0.169444 1.270284 0.292878 1.401773 1.242946 0.002801 0.000007
 0.170556 1.270362 0.292878 1.401774 1.242909 0.002716 0.000006
 0.171667 1.270432 0.292878 1.401774 1.242875 0.002639 0.000006
 0.172778 1.270495 0.292878 1.401774 1.242844 0.002569 0.000005
 0.173889 1.270552 0.292878 1.401774 1.242816 0.002507 0.000005
 0.175000 1.270603 0.292878 1.401774 1.242791 0.002450 0.000004
 0.176111 1.270649 0.292878 1.401774 1.242768 0.002399 0.000004
 0.177222 1.270691 0.292878 1.401775 1.242748 0.002354 0.000003
 0.178333 1.270728 0.292878 1.401775 1.242730 0.002313 0.000003
 0.179444 1.270762 0.292878 1.401775 1.242713 0.002275 0.000003
 0.180556 1.270793 0.292877 1.401775 1.242698 0.002241 0.000003
 0.181667 1.270822 0.292877 1.401775 1.242684 0.002210 0.000002
 0.182778 1.270848 0.292877 1.401775 1.242672 0.002182 0.000002
 0.183889 1.270872 0.292877 1.401775 1.242660 0.002155 0.000002
 0.185000 1.270894 0.292877 1.401776 1.242649 0.002131 0.000002
 0.186111 1.270915 0.292877 1.401776 1.242639 0.002108 0.000002
 0.187222 1.270934 0.292877 1.401776 1.242630 0.002087 0.000002
 0.188333 1.270952 0.292877 1.401776 1.242621 0.002067 0.000002
 0.189444 1.270969 0.292877 1.401776 1.242613 0.002048 0.000001
 0.190556 1.270985 0.292877 1.401776 1.242605 0.002031 0.000001
 0.191667 1.271000 0.292877 1.401776 1.242598 0.002014 0.000001
 0.192778 1.271015 0.292876 1.401776 1.242591 0.001999 0.000001
 0.193889 1.271028 0.292876 1.401777 1.242584 0.001984 0.000001
 0.195000 1.271041 0.292876 1.401777 1.242578 0.001970 0.000001
 0.196111 1.271053 0.292876 1.401777 1.242572 0.001957 0.000001
 0.197222 1.271065 0.292876 1.401777 1.242567 0.001944 0.000001
 0.198333 1.271076 0.292876 1.401777 1.242561 0.001932 0.000001
 0.199444 1.271086 0.292876 1.401777 1.242556 0.001920 0.000001
 0.200556 1.271096 0.292876 1.401777 1.242551 0.001909 0.000001
 0.201667 1.271106 0.292876 1.401777 1.242547 0.001899 0.000001
 0.202778 1.271115 0.292876 1.401778 1.242542 0.001889 0.000001
 0.203889 1.271124 0.292876 1.401778 1.242538 0.001879 0.000001
 0.205000 1.271132 0.292876 1.401778 1.242534 0.001870 0.000001
 0.206111 1.271141 0.292876 1.401778 1.242530 0.001861 0.000001
 0.207222 1.271148 0.292875 1.401778 1.242526 0.001852 0.000001
 0.208333 1.271156 0.292875 1.401778 1.242523 0.001844 0.000001
 0.209444 1.271163 0.292875 1.401778 1.242519 0.001836 0.000001
 0.210556 1.271170 0.292875 1.401778 1.242516 0.001829 0.000001
 0.211667 1.271177 0.292875 1.401778 1.242513 0.001822 0.000001
 0.212778 1.271183 0.292875 1.401779 1.242509 0.001815 0.000001
 0.213889 1.271189 0.292875 1.401779 1.242506 0.001808 0.000001
 0.215000 1.271195 0.292875 1.401779 1.242504 0.001801 0.000000
 0.216111 1.271201 0.292875 1.401779 1.242501 0.001795 0.000000
 0.217222 1.271206 0.292875 1.401779 1.242498 0.001789 0.000000
 0.218333 1.271212 0.292875 1.401779 1.242496 0.001783 0.000000
 0.219444 1.271217 0.292875 1.401779 1.242493 0.001778 0.000000
 0.220556 1.271222 0.292875 1.401779 1.242491 0.001772 0.000000
 0.221667 1.271227 0.292875 1.401779 1.242488 0.001767 0.000000
 0.222778 1.271232 0.292875 1.401780 1.242486 0.001762 0.000000
 0.223889 1.271236 0.292874 1.401780 1.242484 0.001757 0.000000
 0.225000 1.271240 0.292874 1.401780 1.242482 0.001752 0.000000
 0.226111 1.271245 0.292874 1.401780 1.242480 0.001748 0.000000
 0.227222 1.271249 0.292874 1.401780 1.242478 0.001743 0.000000
 0.228333 1.271253 0.292874 1.401780 1.242476 0.001739 0.000000
 0.229444 1.271257 0.292874 1.401780 1.242474 0.001735 0.000000
 0.230556 1.271260 0.292874 1.401780 1.242472 0.001731 0.000000
 0.231667 1.271264 0.292874 1.401780 1.242471 0.001727 0.000000
 0.232778 1.271268 0.292874 1.401780 1.242469 0.001723 0.000000
 0.233889 1.271271 0.292874 1.401780 1.242467 0.001719 0.000000
 0.235000 1.271274 0.292874 1.401781 1.242466 0.001715 0.000000
 0.236111 1.271278 0.292874 1.401781 1.242464 0.001712 0.000000
 0.237222 1.271281 0.292874 1.401781 1.242463 0.001709 0.000000
 0.238333 1.271284 0.292874 1.401781 1.242461 0.001705 0.000000
 0.239444 1.271287 0.292874 1.401781 1.242460 0.001702 0.000000
 0.240556 1.271290 0.292874 1.401781 1.242458 0.001699 0.000000
 0.241667 1.271292 0.292874 1.401781 1.242457 0.001696 0.000000
 0.242778 1.271295 0.292874 1.401781 1.242456 0.001693 0.000000
 0.243889 1.271298 0.292873 1.401781 1.242454 0.001690 0.000000
 0.245000 1.271300 0.292873 1.401781 1.242453 0.001687 0.000000
 0.246111 1.271303 0.292873 1.401781 1.242452 0.001685 0.000000
 0.247222 1.271305 0.292873 1.401781 1.242451 0.001682 0.000000
 0.248333 1.271308 0.292873 1.401781 1.242450 0.001679 0.000000
 0.249444 1.271310 0.292873 1.401782 1.242449 0.001677 0.000000
 0.250556 1.271312 0.292873 1.401782 1.242448 0.001674 0.000000
 0.251667 1.271315 0.292873 1.401782 1.242447 0.001672 0.000000
 0.252778 1.271317 0.292873 1.401782 1.242446 0.001670 0.000000
 0.253889 1.271319 0.292873 1.401782 1.242445 0.001668 0.000000
 0.255000 1.271321 0.292873 1.401782 1.242444 0.001665 0.000000
 0.256111 1.271323 0.292873 1.401782 1.242443 0.001663 0.000000
 0.257222 1.271325 0.292873 1.401782 1.242442 0.001661 0.000000
 0.258333 1.271327 0.292873 1.401782 1.242441 0.001659 0.000000
 0.259444 1.271328 0.292873 1.401782 1.242440 0.001657 0.000000
 0.260556 1.271330 0.292873 1.401782 1.242439 0.001655 0.000000
 0.261667 1.271332 0.292873 1.401782 1.242438 0.001653 0.000000
 0.262778 1.271334 0.292873 1.401782 1.242437 0.001651 0.000000
 0.263889 1.271335 0.292873 1.401782 1.242437 0.001650 0.000000
 0.265000 1.271337 0.292873 1.401783 1.242436 0.001648 0.000000
 0.266111 1.271339 0.292873 1.401783 1.242435 0.001646 0.000000
 0.267222 1.271340 0.292873 1.401783 1.242434 0.001645 0.000000
 0.268333 1.271342 0.292872 1.401783 1.242434 0.001643 0.000000
 0.269444 1.271343 0.292872 1.401783 1.242433 0.001641 0.000000
 0.270556 1.271345 0.292872 1.401783 1.242432 0.001640 0.000000
 0.271667 1.271346 0.292872 1.401783 1.242432 0.001638 0.000000
 0.272778 1.271347 0.292872 1.401783 1.242431 0.001637 0.000000
 0.273889 1.271349 0.292872 1.401783 1.242430 0.001635 0.000000
 0.275000 1.271350 0.292872 1.401783 1.242430 0.001634 0.000000
 0.276111 1.271351 0.292872 1.401783 1.242429 0.001633 0.000000
 0.277222 1.271353 0.292872 1.401783 1.242429 0.001631 0.000000
 0.278333 1.271354 0.292872 1.401783 1.242428 0.001630 0.000000
 0.279444 1.271355 0.292872 1.401783 1.242428 0.001629 0.000000
 0.280556 1.271356 0.292872 1.401783 1.242427 0.001628 0.000000
 0.281667 1.271357 0.292872 1.401783 1.242426 0.001626 0.000000
 0.282778 1.271358 0.292872 1.401784 1.242426 0.001625 0.000000
 0.283889 1.271359 0.292872 1.401784 1.242425 0.001624 0.000000
 0.285000 1.271361 0.292872 1.401784 1.242425 0.001623 0.000000
 0.286111 1.271362 0.292872 1.401784 1.242424 0.001622 0.000000
 0.287222 1.271363 0.292872 1.401784 1.242424 0.001621 0.000000
 0.288333 1.271364 0.292872 1.401784 1.242423 0.001620 0.000000
 0.289444 1.271365 0.292872 1.401784 1.242423 0.001619 0.000000
 0.290556 1.271365 0.292872 1.401784 1.242423 0.001618 0.000000
 0.291667 1.271366 0.292872 1.401784 1.242422 0.001617 0.000000
 0.292778 1.271367 0.292872 1.401784 1.242422 0.001616 0.000000
 0.293889 1.271368 0.292872 1.401784 1.242421 0.001615 0.000000
 0.295000 1.271369 0.292872 1.401784 1.242421 0.001614 0.000000
 0.296111 1.271370 0.292872 1.401784 1.242421 0.001613 0.000000
 0.297222 1.271371 0.292872 1.401784 1.242420 0.001612 0.000000
 0.298333 1.271372 0.292872 1.401784 1.242420 0.001611 0.000000
 0.299444 1.271372 0.292871 1.401784 1.242419 0.001610 0.000000
 0.300556 1.271373 0.292871 1.401784 1.242419 0.001609 0.000000
 0.301667 1.271374 0.292871 1.401784 1.242419 0.001609 0.000000
 0.302778 1.271375 0.292871 1.401784 1.242418 0.001608 0.000000
 0.303889 1.271375 0.292871 1.401784 1.242418 0.001607 0.000000
 0.305000 1.271376 0.292871 1.401784 1.242418 0.001606 0.000000
 0.306111 1.271377 0.292871 1.401785 1.242417 0.001605 0.000000
 0.307222 1.271377 0.292871 1.401785 1.242417 0.001605 0.000000
 0.308333 1.271378 0.292871 1.401784 1.242417 0.001604 0.000000
 0.309444 1.271379 0.292871 1.401784 1.242416 0.001603 0.000000
 0.310556 1.271379 0.292871 1.401784 1.242416 0.001603 0.000000
 0.311667 1.271380 0.292871 1.401784 1.242416 0.001602 0.000000
 0.312778 1.271380 0.292870 1.401783 1.242415 0.001601 0.000000
 0.313889 1.271380 0.292870 1.401783 1.242415 0.001601 0.000000
 0.315000 1.271380 0.292869 1.401782 1.242415 0.001600 0.000000
 0.316111 1.271379 0.292868 1.401780 1.242414 0.001599 0.000000
 0.317222 1.271378 0.292866 1.401777 1.242413 0.001599 0.000000
 0.318333 1.271376 0.292863 1.401772 1.242413 0.001598 0.000000
 0.319444 1.271372 0.292859 1.401766 1.242411 0.001598 0.000000
 0.320556 1.271365 0.292852 1.401755 1.242410 0.001597 0.000000
 0.321667 1.271356 0.292842 1.401740 1.242408 0.001597 0.000000
 0.322778 1.271341 0.292827 1.401716 1.242404 0.001596 0.000000
 0.323889 1.271319 0.292805 1.401681 1.242400 0.001595 0.000000
 0.325000 1.271285 0.292771 1.401628 1.242393 0.001595 0.000000
 0.326111 1.271234 0.292721 1.401549 1.242383 0.001594 0.000000
 0.327222 1.271159 0.292647 1.401433 1.242368 0.001594 0.000000
 0.328333 1.271048 0.292538 1.401260 1.242346 0.001593 0.000000
 0.329444 1.270884 0.292378 1.401007 1.242313 0.001593 0.000000
 0.330556 1.270643 0.292142 1.400634 1.242266 0.001593 0.000000
 0.331667 1.270291 0.291796 1.400089 1.242197 0.001592 0.000000
 0.332778 1.269776 0.291292 1.399295 1.242096 0.001592 0.000000
 0.333889 1.269028 0.290559 1.398139 1.241949 0.001591 0.000000
 0.335000 1.267943 0.289497 1.396466 1.241736 0.001590 0.000000
 0.336111 1.266379 0.287963 1.394053 1.241429 0.001589 0.000000
 0.337222 1.264134 0.285759 1.390593 1.240988 0.001588 0.000001
 0.338333 1.260935 0.282611 1.385665 1.240357 0.001585 0.000001
 0.339444 1.256417 0.278152 1.378711 1.239464 0.001580 0.000003
 0.340556 1.250110 0.271902 1.369018 1.238211 0.001570 0.000005
 0.341667 1.241448 0.263270 1.355731 1.236479 0.001552 0.000010
 0.342778 1.229808 0.251582 1.337924 1.234130 0.001518 0.000017
 0.343889 1.214618 0.236176 1.314768 1.231030 0.001459 0.000030
 0.345000 1.195542 0.216583 1.285825 1.227079 0.001361 0.000046
 0.346111 1.172729 0.192793 1.251424 1.222271 0.001215 0.000065
 0.347222 1.147036 0.165533 1.212971 1.216748 0.001019 0.000080
 0.348333 1.120057 0.136378 1.172946 1.210829 0.000787 0.000085
 0.349444 1.093824 0.107509 1.134400 1.204962 0.000552 0.000077
 0.350556 1.070254 0.081134 1.100103 1.199602 0.000349 0.000060
 0.351667 1.050614 0.058838 1.071784 1.195077 0.000200 0.000040
 0.352778 1.035303 0.041254 1.049881 1.191517 0.000105 0.000023
 0.353889 1.024004 0.028161 1.033820 1.188873 0.000051 0.000012
 0.355000 1.016014 0.018840 1.022516 1.186996 0.000024 0.000006
 0.356111 1.010537 0.012421 1.014794 1.185705 0.000011 0.000003
 0.357222 1.006866 0.008104 1.009630 1.184839 0.000005 0.000001
 0.358333 1.004443 0.005248 1.006227 1.184267 0.000002 0.000001
 0.359444 1.002860 0.003380 1.004007 1.183892 0.000001 0.000000
 0.360556 1.001834 0.002169 1.002569 1.183650 0.000000 0.000000
 0.361667 1.001173 0.001387 1.001642 1.183493 0.000000 0.000000
 0.362778 1.000748 0.000885 1.001047 1.183393 0.000000 0.000000
 0.363889 1.000476 0.000563 1.000666 1.183329 0.000000 0.000000
 0.365000 1.000302 0.000357 1.000423 1.183287 0.000000 0.000000
 0.366111 1.000191 0.000226 1.000268 1.183261 0.000000 0.000000
 0.367222 1.000121 0.000143 1.000169 1.183245 0.000000 0.000000
 0.368333 1.000076 0.000090 1.000107 1.183234 0.000000 0.000000
 0.369444 1.000048 0.000057 1.000067 1.183227 0.000000 0.000000
 0.370556 1.000030 0.000036 1.000042 1.183223 0.000000 0.000000
 0.371667 1.000019 0.000022 1.000026 1.183220 0.000000 0.000000
 0.372778 1.000012 0.000014 1.000016 1.183219 0.000000 0.000000
 0.373889 1.000007 0.000009 1.000010 1.183218 0.000000 0.000000
 0.375000 1.000005 0.000005 1.000006 1.183217 0.000000 0.000000
 0.376111 1.000003 0.000003 1.000004 1.183217 0.000000 0.000000
 0.377222 1.000002 0.000002 1.000002 1.183216 0.000000 0.000000
 0.378333 1.000001 0.000001 1.000001 1.183216 0.000000 0.000000
 0.379444 1.000001 0.000001 1.000001 1.183216 0.000000 0.000000
 0.380556 1.000000 0.000000 1.000001 1.183216 0.000000 0.000000
 0.381667 1.000000 0.000000 1.000000 1.183216 0.000000 0.000000
 0.382778 1.000000 0.000000 1.000000 1.183216 0.000000 0.000000
 0.383889 1.000000 0.000000 1.000000 1.183216 0.000000 0.000000
 0.385000 1.000000 0.000000 1.000000 1.183216 0.000000 0.000000
 0.386111 1.000000 0.000000 1.000000 1.183216 0.000000 0.000000
 0.387222 1.000000 0.000000 1.000000 1.183216 -0.000000 0.000000
 0.388333 1.000000 0.000000 1.000000 1.183216 0.000000 0.000000
 0.389444 1.000000 0.000000 1.000000 1.183216 -0.000000 0.000000
 0.390556 1.000000 0.000000 1.000000 1.183216 -0.000000 0.000000
 0.391667 1.000000 0.000000 1.000000 1.183216 0.000000 0.000000
 0.392778 1.000000 0.000000 1.000000 1.183216 0.000000 -0.000000
 0.393889 1.000000 0.000000 1.000000 1.183216 0.000000 0.000000
 0.395000 1.000000 0.000000 1.000000 1.183216 0.000000 0.000000
 0.396111 1.000000 0.000000 1.000000 1.183216 -0.000000 0.000000
 0.397222 1.000000 0.000000 1.000000 1.183216 0.000000 0.000000
 0.398333 1.000000 0.000000 1.000000 1.183216 -0.000000 0.000000
 0.399444 1.000000 0.000000 1.000000 1.183216 0.000000 0.000000
 0.400556 1.000000 0.000000 1.000000 1.183216 -0.000000 0.000000
 0.401667 1.000000 0.000000 1.000000 1.183216 0.000000 0.000000
 0.402778 1.000000 0.000000 1.000000 1.183216 0.000000 0.000000
 0.403889 1.000000 0.000000 1.000000 1.183216 0.000000 0.000000
 0.405000 1.000000 0.000000 1.000000 1.183216 -0.000000 0.000000
 0.406111 1.000000 0.000000 1.000000 1.183216 -0.000000 0.000000
 0.407222 1.000000 0.000000 1.000000 1.183216 0.000000 -0.000000
 0.408333 1.000000 0.000000 1.000000 1.183216 0.000000 0.000000
 0.409444 1.000000 0.000000 1.000000 1.183216 0.000000 -0.000000
 0.410556 1.000000 0.000000 1.000000 1.183216 0.000000 0.000000
 0.411667 1.000000 0.000000 1.000000 1.183216 -0.000000 -0.000000
 0.412778 1.000000 0.000000 1.000000 1.183216 0.000000 0.000000
 0.413889 1.000000 0.000000 1.000000 1.183216 0.000000 0.000000
 0.415000 1.000000 0.000000 1.000000 1.183216 -0.000000 -0.000000
 0.416111 1.000000 0.000000 1.000000 1.183216 -0.000000 0.000000
 0.417222 1.000000 0.000000 1.000000 1.183216 0.000000 -0.000000
 0.418333 1.000000 0.000000 1.000000 1.183216 0.000000 0.000000
 0.419444 1.000000 0.000000 1.000000 1.183216 0.000000 0.000000
 0.420556 1.000000 0.000000 1.000000 1.183216 0.000000 0.000000
 0.421667 1.000000 0.000000 1.000000 1.183216 0.000000 0.000000
 0.422778 1.000000 -0.000000 1.000000 1.183216 0.000000 0.000000
 0.423889 1.000000 0.000000 1.000000 1.183216 0.000000 0.000000
 0.425000 1.000000 -0.000000 1.000000 1.183216 0.000000 0.000000
 0.426111 1.000000 0.000000 1.000000 1.183216 0.000000 0.000000
 0.427222 1.000000 -0.000000 1.000000 1.183216 0.000000 0.000000
 0.428333 1.000000 0.000000 1.000000 1.183216 0.000000 0.000000
 0.429444 1.000000 -0.000000 1.000000 1.183216 0.000000 0.000000
 0.430556 1.000000 0.000000 1.000000 1.183216 0.000000 0.000000
 0.431667 1.000000 -0.000000 1.000000 1.183216 0.000000 0.000000
 0.432778 1.000000 0.000000 1.000000 1.183216 0.000000 0.000000
 0.433889 1.000000 -0.000000 1.000000 1.183216 0.000000 0.000000
 0.435000 1.000000 0.000000 1.000000 1.183216 0.000000 0.000000
 0.436111 1.000000 -0.000000 1.000000 1.183216 0.000000 0.000000
 0.437222 1.000000 0.000000 1.000000 1.183216 0.000000 0.000000
 0.438333 1.000000 -0.000000 1.000000 1.183216 0.000000 0.000000
 0.439444 1.000000 0.000000 1.000000 1.183216 0.000000 0.000000
 0.440556 1.000000 -0.000000 1.000000 1.183216 0.000000 0.000000
 0.441667 1.000000 0.000000 1.000000 1.183216 0.000000 0.000000
 0.442778 1.000000 -0.000000 1.000000 1.183216 0.000000 0.000000
 0.443889 1.000000 0.000000 1.000000 1.183216 0.000000 0.000000
 0.445000 1.000000 -0.000000 1.000000 1.183216 0.000000 0.000000
 0.446111 1.000000 0.000000 1.000000 1.183216 0.000000 0.000000
 0.447222 1.000000 -0.000000 1.000000 1.183216 0.000000 0.000000
 0.448333 1.000000 0.000000 1.000000 1.183216 0.000000 0.000000
 0.449444 1.000000 -0.000000 1.000000 1.183216 0.000000 0.000000
 0.450556 1.000000 0.000000 1.000000 1.183216 0.000000 0.000000
 0.451667 1.000000 -0.000000 1.000000 1.183216 0.000000 0.000000
 0.452778 1.000000 0.000000 1.000000 1.183216 0.000000 0.000000
 0.453889 1.000000 -0.000000 1.000000 1.183216 0.000000 0.000000
 0.455000 1.000000 0.000000 1.000000 1.183216 0.000000 0.000000
 0.456111 1.000000 -0.000000 1.000000 1.183216 0.000000 0.000000
 0.457222 1.000000 0.000000 1.000000 1.183216 0.000000 0.000000
 0.458333 1.000000 -0.000000 1.000000 1.183216 0.000000 0.000000
 0.459444 1.000000 0.000000 1.000000 1.183216 0.000000 0.000000
 0.460556 1.000000 -0.000000 1.000000 1.183216 0.000000 0.000000
 0.461667 1.000000 0.000000 1.000000 1.183216 0.000000 0.000000
 0.462778 1.000000 -0.000000 1.000000 1.183216 0.000000 0.000000
 0.463889 1.000000 0.000000 1.000000 1.183216 0.000000 0.000000
 0.465000 1.000000 -0.000000 1.000000 1.183216 0.000000 0.000000
 0.466111 1.000000 0.000000 1.000000 1.183216 0.000000 0.000000
 0.467222 1.000000 -0.000000 1.000000 1.183216 0.000000 0.000000
 0.468333 1.000000 0.000000 1.000000 1.183216 0.000000 0.000000
 0.469444 1.000000 -0.000000 1.000000 1.183216 0.000000 0.000000
 0.470556 1.000000 0.000000 1.000000 1.183216 0.000000 0.000000
 0.471667 1.000000 -0.000000 1.000000 1.183216 0.000000 0.000000
 0.472778 1.000000 0.000000 1.000000 1.183216 0.000000 0.000000
 0.473889 1.000000 -0.000000 1.000000 1.183216 0.000000 0.000000
 0.475000 1.000000 0.000000 1.000000 1.183216 0.000000 0.000000
 0.476111 1.000000 -0.000000 1.000000 1.183216 0.000000 0.000000
 0.477222 1.000000 0.000000 1.000000 1.183216 0.000000 0.000000
 0.478333 1.000000 -0.000000 1.000000 1.183216 0.000000 0.000000
 0.479444 1.000000 0.000000 1.000000 1.183216 0.000000 0.000000
 0.480556 1.000000 -0.000000 1.000000 1.183216 0.000000 0.000000
 0.481667 1.000000 0.000000 1.000000 1.183216 0.000000 0.000000
 0.482778 1.000000 -0.000000 1.000000 1.183216 0.000000 0.000000
 0.483889 1.000000 0.000000 1.000000 1.183216 0.000000 0.000000
 0.485000 1.000000 -0.000000 1.000000 1.183216 0.000000 0.000000
 0.486111 1.000000 0.000000 1.000000 1.183216 0.000000 0.000000
 0.487222 1.000000 -0.000000 1.000000 1.183216 0.000000 0.000000
 0.488333 1.000000 0.000000 1.000000 1.183216 0.000000 0.000000
 0.489444 1.000000 -0.000000 1.000000 1.183216 0.000000 0.000000
 0.490556 1.000000 0.000000 1.000000 1.183216 0.000000 0.000000
 0.491667 1.000000 -0.000000 1.000000 1.183216 0.000000 0.000000
 0.492778 1.000000 0.000000 1.000000 1.183216 0.000000 0.000000
 0.493889 1.000000 -0.000000 1.000000 1.183216 0.000000 0.000000
 0.495000 1.000000 0.000000 1.000000 1.183216 0.000000 0.000000
 0.496111 1.000000 -0.000000 1.000000 1.183216 0.000000 0.000000
 0.497222 1.000000 0.000000 1.000000 1.183216 0.000000 0.000000
 0.498333 1.000000 -0.000000 1.000000 1.183216 0.000000 0.000000
 0.499444 1.000000 0.000000 1.000000 1.183216 0.000000 0.000000
 0.500556 1.000000 -0.000000 1.000000 1.183216 0.000000 0.000000
 0.501667 1.000000 0.000000 1.000000 1.183216 0.000000 0.000000
 0.502778 1.000000 -0.000000 1.000000 1.183216 0.000000 0.000000
 0.503889 1.000000 0.000000 1.000000 1.183216 0.000000 0.000000
 0.505000 1.000000 -0.000000 1.000000 1.183216 0.000000 0.000000
 0.506111 1.000000 0.000000 1.000000 1.183216 0.000000 0.000000
 0.507222 1.000000 -0.000000 1.000000 1.183216 0.000000 0.000000
 0.508333 1.000000 0.000000 1.000000 1.183216 0.000000 0.000000
 0.509444 1.000000 -0.000000 1.000000 1.183216 0.000000 0.000000
 0.510556 1.000000 0.000000 1.000000 1.183216 0.000000 0.000000
 0.511667 1.000000 -0.000000 1.000000 1.183216 0.000000 0.000000
 0.512778 1.000000 0.000000 1.000000 1.183216 0.000000 0.000000
 0.513889 1.000000 -0.000000 1.000000 1.183216 0.000000 0.000000
 0.515000 1.000000 0.000000 1.000000 1.183216 0.000000 0.000000
 0.516111 1.000000 -0.000000 1.000000 1.183216 0.000000 0.000000
 0.517222 1.000000 0.000000 1.000000 1.183216 0.000000 0.000000
 0.518333 1.000000 -0.000000 1.000000 1.183216 0.000000 0.000000
 0.519444 1.000000 0.000000 1.000000 1.183216 0.000000 0.000000
 0.520556 1.000000 -0.000000 1.000000 1.183216 0.000000 0.000000
 0.521667 1.000000 0.000000 1.000000 1.183216 0.000000 0.000000
 0.522778 1.000000 -0.000000 1.000000 1.183216 0.000000 0.000000
 0.523889 1.000000 0.000000 1.000000 1.183216 0.000000 0.000000
 0.525000 1.000000 -0.000000 1.000000 1.183216 0.000000 0.000000
 0.526111 1.000000 0.000000 1.000000 1.183216 0.000000 0.000000
 0.527222 1.000000 -0.000000 1.000000 1.183216 0.000000 0.000000
 0.528333 1.000000 0.000000 1.000000 1.183216 0.000000 0.000000
 0.529444 1.000000 -0.000000 1.000000 1.183216 0.000000 0.000000
 0.530556 1.000000 0.000000 1.000000 1.183216 0.000000 0.000000
 0.531667 1.000000 -0.000000 1.000000 1.183216 0.000000 0.000000
 0.532778 1.000000 0.000000 1.000000 1.183216 0.000000 0.000000
 0.533889 1.000000 -0.000000 1.000000 1.183216 0.000000 0.000000
 0.535000 1.000000 0.000000 1.000000 1.183216 0.000000 0.000000
 0.536111 1.000000 -0.000000 1.000000 1.183216 0.000000 0.000000
 0.537222 1.000000 0.000000 1.000000 1.183216 0.000000 0.000000
 0.538333 1.000000 -0.000000 1.000000 1.183216 0.000000 0.000000
 0.539444 1.000000 0.000000 1.000000 1.183216 0.000000 0.000000
 0.540556 1.000000 -0.000000 1.000000 1.183216 0.000000 0.000000
 0.541667 1.000000 0.000000 1.000000 1.183216 0.000000 0.000000
 0.542778 1.000000 -0.000000 1.000000 1.183216 0.000000 0.000000
 0.543889 1.000000 0.000000 1.000000 1.183216 0.000000 0.000000
 0.545000 1.000000 -0.000000 1.000000 1.183216 0.000000 0.000000
 0.546111 1.000000 0.000000 1.000000 1.183216 0.000000 0.000000
 0.547222 1.000000 -0.000000 1.000000 1.183216 0.000000 0.000000
 0.548333 1.000000 0.000000 1.000000 1.183216 0.000000 0.000000
 0.549444 1.000000 -0.000000 1.000000 1.183216 0.000000 0.000000
 0.550556 1.000000 0.000000 1.000000 1.183216 0.000000 0.000000
 0.551667 1.000000 -0.000000 1.000000 1.183216 0.000000 0.000000
 0.552778 1.000000 0.000000 1.000000 1.183216 0.000000 0.000000
 0.553889 1.000000 -0.000000 1.000000 1.183216 0.000000 0.000000
 0.555000 1.000000 0.000000 1.000000 1.183216 0.000000 0.000000
 0.556111 1.000000 -0.000000 1.000000 1.183216 0.000000 0.000000
 0.557222 1.000000 0.000000 1.000000 1.183216 0.000000 0.000000
 0.558333 1.000000 -0.000000 1.000000 1.183216 0.000000 0.000000
 0.559444 1.000000 0.000000 1.000000 1.183216 0.000000 0.000000
 0.560556 1.000000 -0.000000 1.000000 1.183216 0.000000 0.000000
 0.561667 1.000000 0.000000 1.000000 1.183216 0.000000 0.000000
 0.562778 1.000000 -0.000000 1.000000 1.183216 0.000000 0.000000
 0.563889 1.000000 0.000000 1.000000 1.183216 0.000000 0.000000
 0.565000 1.000000 -0.000000 1.000000 1.183216 0.000000 0.000000
 0.566111 1.000000 0.000000 1.000000 1.183216 0.000000 0.000000
 0.567222 1.000000 -0.000000 1.000000 1.183216 0.000000 0.000000
 0.568333 1.000000 0.000000 1.000000 1.183216 0.000000 0.000000
 0.569444 1.000000 -0.000000 1.000000 1.183216 0.000000 0.000000
 0.570556 1.000000 0.000000 1.000000 1.183216 0.000000 0.000000
 0.571667 1.000000 -0.000000 1.000000 1.183216 0.000000 0.000000
 0.572778 1.000000 0.000000 1.000000 1.183216 0.000000 0.000000
 0.573889 1.000000 -0.000000 1.000000 1.183216 0.000000 0.000000
 0.575000 1.000000 0.000000 1.000000 1.183216 0.000000 0.000000
 0.576111 1.000000 -0.000000 1.000000 1.183216 0.000000 0.000000
 0.577222 1.000000 0.000000 1.000000 1.183216 0.000000 0.000000
 0.578333 1.000000 -0.000000 1.000000 1.183216 0.000000 0.000000
 0.579444 1.000000 0.000000 1.000000 1.183216 0.000000 0.000000
 0.580556 1.000000 -0.000000 1.000000 1.183216 0.000000 0.000000
 0.581667 1.000000 0.000000 1.000000 1.183216 0.000000 0.000000
 0.582778 1.000000 -0.000000 1.000000 1.183216 0.000000 0.000000
 0.583889 1.000000 0.000000 1.000000 1.183216 0.000000 0.000000
 0.585000 1.000000 -0.000000 1.000000 1.183216 0.000000 0.000000
 0.586111 1.000000 0.000000 1.000000 1.183216 0.000000 0.000000
 0.587222 1.000000 -0.000000 1.000000 1.183216 0.000000 0.000000
 0.588333 1.000000 0.000000 1.000000 1.183216 0.000000 0.000000
 0.589444 1.000000 -0.000000 1.000000 1.183216 0.000000 0.000000
 0.590556 1.000000 0.000000 1.000000 1.183216 0.000000 0.000000
 0.591667 1.000000 -0.000000 1.000000 1.183216 0.000000 0.000000
 0.592778 1.000000 0.000000 1.000000 1.183216 0.000000 0.000000
 0.593889 1.000000 -0.000000 1.000000 1.183216 0.000000 0.000000
 0.595000 1.000000 0.000000 1.000000 1.183216 0.000000 0.000000
 0.596111 1.000000 -0.000000 1.000000 1.183216 0.000000 0.000000
 0.597222 1.000000 0.000000 1.000000 1.183216 0.000000 0.000000
 0.598333 1.000000 -0.000000 1.000000 1.183216 0.000000 0.000000
 0.599444 1.000000 0.000000 1.000000 1.183216 0.000000 0.000000
 0.600556 1.000000 -0.000000 1.000000 1.183216 0.000000 0.000000
 0.601667 1.000000 0.000000 1.000000 1.183216 0.000000 0.000000
 0.602778 1.000000 -0.000000 1.000000 1.183216 0.000000 0.000000
 0.603889 1.000000 0.000000 1.000000 1.183216 0.000000 0.000000
 0.605000 1.000000 -0.000000 1.000000 1.183216 0.000000 0.000000
 0.606111 1.000000 0.000000 1.000000 1.183216 0.000000 0.000000
 0.607222 1.000000 -0.000000 1.000000 1.183216 0.000000 0.000000
 0.608333 1.000000 0.000000 1.000000 1.183216 0.000000 0.000000
 0.609444 1.000000 -0.000000 1.000000 1.183216 0.000000 0.000000
 0.610556 1.000000 0.000000 1.000000 1.183216 0.000000 0.000000
 0.611667 1.000000 -0.000000 1.000000 1.183216 0.000000 0.000000
 0.612778 1.000000 0.000000 1.000000 1.183216 0.000000 0.000000
 0.613889 1.000000 -0.000000 1.000000 1.183216 0.000000 0.000000
 0.615000 1.000000 0.000000 1.000000 1.183216 0.000000 0.000000
 0.616111 1.000000 -0.000000 1.000000 1.183216 0.000000 0.000000
 0.617222 1.000000 0.000000 1.000000 1.183216 0.000000 0.000000
 0.618333 1.000000 -0.000000 1.000000 1.183216 0.000000 0.000000
 0.619444 1.000000 0.000000 1.000000 1.183216 0.000000 0.000000
 0.620556 1.000000 -0.000000 1.000000 1.183216 0.000000 0.000000
 0.621667 1.000000 0.000000 1.000000 1.183216 0.000000 0.000000
 0.622778 1.000000 -0.000000 1.000000 1.183216 0.000000 0.000000
 0.623889 1.000000 0.000000 1.000000 1.183216 0.000000 0.000000
 0.625000 1.000000 -0.000000 1.000000 1.183216 0.000000 0.000000
 0.626111 1.000000 0.000000 1.000000 1.183216 0.000000 0.000000
 0.627222 1.000000 -0.000000 1.000000 1.183216 0.000000 0.000000
 0.628333 1.000000 0.000000 1.000000 1.183216 0.000000 0.000000
 0.629444 1.000000 -0.000000 1.000000 1.183216 0.000000 0.000000
 0.630556 1.000000 0.000000 1.000000 1.183216 0.000000 0.000000
 0.631667 1.000000 -0.000000 1.000000 1.183216 0.000000 0.000000
 0.632778 1.000000 0.000000 1.000000 1.183216 0.000000 0.000000
 0.633889 1.000000 -0.000000 1.000000 1.183216 0.000000 0.000000
 0.635000 1.000000 0.000000 1.000000 1.183216 0.000000 0.000000
 0.636111 1.000000 -0.000000 1.000000 1.183216 0.000000 0.000000
 0.637222 1.000000 0.000000 1.000000 1.183216 0.000000 0.000000
 0.638333 1.000000 -0.000000 1.000000 1.183216 0.000000 0.000000
 0.639444 1.000000 0.000000 1.000000 1.183216 0.000000 0.000000
 0.640556 1.000000 -0.000000 1.000000 1.183216 0.000000 0.000000
 0.641667 1.000000 0.000000 1.000000 1.183216 0.000000 0.000000
 0.642778 1.000000 -0.000000 1.000000 1.183216 0.000000 0.000000
 0.643889 1.000000 0.000000 1.000000 1.183216 0.000000 0.000000
 0.645000 1.000000 -0.000000 1.000000 1.183216 0.000000 0.000000
 0.646111 1.000000 0.000000 1.000000 1.183216 0.000000 0.000000
 0.647222 1.000000 -0.000000 1.000000 1.183216 0.000000 0.000000
 0.648333 1.000000 0.000000 1.000000 1.183216 0.000000 0.000000
 0.649444 1.000000 -0.000000 1.000000 1.183216 0.000000 0.000000
 0.650556 1.000000 0.000000 1.000000 1.183216 0.000000 0.000000
 0.651667 1.000000 -0.000000 1.000000 1.183216 0.000000 0.000000
 0.652778 1.000000 0.000000 1.000000 1.183216 0.000000 0.000000
 0.653889 1.000000 -0.000000 1.000000 1.183216 0.000000 0.000000
 0.655000 1.000000 0.000000 1.000000 1.183216 0.000000 0.000000
 0.656111 1.000000 -0.000000 1.000000 1.183216 0.000000 0.000000
 0.657222 1.000000 0.000000 1.000000 1.183216 0.000000 0.000000
 0.658333 1.000000 -0.000000 1.000000 1.183216 0.000000 0.000000
 0.659444 1.000000 0.000000 1.000000 1.183216 0.000000 0.000000
 0.660556 1.000000 -0.000000 1.000000 1.183216 0.000000 0.000000
 0.661667 1.000000 0.000000 1.000000 1.183216 0.000000 0.000000
 0.662778 1.000000 -0.000000 1.000000 1.183216 0.000000 0.000000
 0.663889 1.000000 0.000000 1.000000 1.183216 0.000000 0.000000
 0.665000 1.000000 -0.000000 1.000000 1.183216 0.000000 0.000000
 0.666111 1.000000 0.000000 1.000000 1.183216 0.000000 0.000000
 0.667222 1.000000 -0.000000 1.000000 1.183216 0.000000 0.000000
 0.668333 1.000000 0.000000 1.000000 1.183216 0.000000 0.000000
 0.669444 1.000000 -0.000000 1.000000 1.183216 0.000000 0.000000
 0.670556 1.000000 0.000000 1.000000 1.183216 0.000000 0.000000
 0.671667 1.000000 -0.000000 1.000000 1.183216 0.000000 0.000000
 0.672778 1.000000 0.000000 1.000000 1.183216 0.000000 0.000000
 0.673889 1.000000 -0.000000 1.000000 1.183216 0.000000 0.000000
 0.675000 1.000000 0.000000 1.000000 1.183216 0.000000 0.000000
 0.676111 1.000000 -0.000000 1.000000 1.183216 0.000000 0.000000
 0.677222 1.000000 0.000000 1.000000 1.183216 0.000000 0.000000
 0.678333 1.000000 -0.000000 1.000000 1.183216 0.000000 0.000000
 0.679444 1.000000 0.000000 1.000000 1.183216 0.000000 0.000000
 0.680556 1.000000 -0.000000 1.000000 1.183216 0.000000 0.000000
 0.681667 1.000000 0.000000 1.000000 1.183216 0.000000 0.000000
 0.682778 1.000000 -0.000000 1.000000 1.183216 0.000000 0.000000
 0.683889 1.000000 0.000000 1.000000 1.183216 0.000000 0.000000
 0.685000 1.000000 -0.000000 1.000000 1.183216 0.000000 0.000000
 0.686111 1.000000 0.000000 1.000000 1.183216 0.000000 0.000000
 0.687222 1.000000 -0.000000 1.000000 1.183216 0.000000 0.000000
 0.688333 1.000000 0.000000 1.000000 1.183216 0.000000 0.000000
 0.689444 1.000000 -0.000000 1.000000 1.183216 0.000000 0.000000
 0.690556 1.000000 0.000000 1.000000 1.183216 0.000000 0.000000
 0.691667 1.000000 -0.000000 1.000000 1.183216 0.000000 0.000000
 0.692778 1.000000 0.000000 1.000000 1.183216 0.000000 0.000000
 0.693889 1.000000 -0.000000 1.000000 1.183216 0.000000 0.000000
 0.695000 1.000000 0.000000 1.000000 1.183216 0.000000 0.000000
 0.696111 1.000000 -0.000000 1.000000 1.183216 0.000000 0.000000
 0.697222 1.000000 0.000000 1.000000 1.183216 0.000000 0.000000
 0.698333 1.000000 -0.000000 1.000000 1.183216 0.000000 0.000000
 0.699444 1.000000 0.000000 1.000000 1.183216 0.000000 0.000000
 0.700556 1.000000 -0.000000 1.000000 1.183216 0.000000 0.000000
 0.701667 1.000000 0.000000 1.000000 1.183216 0.000000 0.000000
 0.702778 1.000000 -0.000000 1.000000 1.183216 0.000000 0.000000
 0.703889 1.000000 0.000000 1.000000 1.183216 0.000000 0.000000
 0.705000 1.000000 -0.000000 1.000000 1.183216 0.000000 0.000000
 0.706111 1.000000 0.000000 1.000000 1.183216 0.000000 0.000000
 0.707222 1.000000 -0.000000 1.000000 1.183216 0.000000 0.000000
 0.708333 1.000000 0.000000 1.000000 1.183216 0.000000 0.000000
 0.709444 1.000000 -0.000000 1.000000 1.183216 0.000000 0.000000
 0.710556 1.000000 0.000000 1.000000 1.183216 0.000000 0.000000
 0.711667 1.000000 -0.000000 1.000000 1.183216 0.000000 0.000000
 0.712778 1.000000 0.000000 1.000000 1.183216 0.000000 0.000000
 0.713889 1.000000 -0.000000 1.000000 1.183216 0.000000 0.000000
 0.715000 1.000000 0.000000 1.000000 1.183216 0.000000 0.000000
 0.716111 1.000000 -0.000000 1.000000 1.183216 0.000000 0.000000
 0.717222 1.000000 0.000000 1.000000 1.183216 0.000000 0.000000
 0.718333 1.000000 -0.000000 1.000000 1.183216 0.000000 0.000000
 0.719444 1.000000 0.000000 1.000000 1.183216 0.000000 0.000000
 0.720556 1.000000 -0.000000 1.000000 1.183216 0.000000 0.000000
 0.721667 1.000000 0.000000 1.000000 1.183216 0.000000 0.000000
 0.722778 1.000000 -0.000000 1.000000 1.183216 0.000000 0.000000
 0.723889 1.000000 0.000000 1.000000 1.183216 0.000000 0.000000
 0.725000 1.000000 -0.000000 1.000000 1.183216 0.000000 0.000000
 0.726111 1.000000 0.000000 1.000000 1.183216 0.000000 0.000000
 0.727222 1.000000 -0.000000 1.000000 1.183216 0.000000 0.000000
 0.728333 1.000000 0.000000 1.000000 1.183216 0.000000 0.000000
 0.729444 1.000000 -0.000000 1.000000 1.183216 0.000000 0.000000
 0.730556 1.000000 0.000000 1.000000 1.183216 0.000000 0.000000
 0.731667 1.000000 -0.000000 1.000000 1.183216 0.000000 0.000000
 0.732778 1.000000 0.000000 1.000000 1.183216 0.000000 0.000000
 0.733889 1.000000 -0.000000 1.000000 1.183216 0.000000 0.000000
 0.735000 1.000000 0.000000 1.000000 1.183216 0.000000 0.000000
 0.736111 1.000000 -0.000000 1.000000 1.183216 0.000000 0.000000
 0.737222 1.000000 0.000000 1.000000 1.183216 0.000000 0.000000
 0.738333 1.000000 -0.000000 1.000000 1.183216 0.000000 0.000000
 0.739444 1.000000 0.000000 1.000000 1.183216 0.000000 0.000000
 0.740556 1.000000 -0.000000 1.000000 1.183216 0.000000 0.000000
 0.741667 1.000000 0.000000 1.000000 1.183216 0.000000 0.000000
 0.742778 1.000000 -0.000000 1.000000 1.183216 0.000000 0.000000
 0.743889 1.000000 0.000000 1.000000 1.183216 0.000000 0.000000
 0.745000 1.000000 -0.000000 1.000000 1.183216 0.000000 0.000000
 0.746111 1.000000 0.000000 1.000000 1.183216 0.000000 0.000000
 0.747222 1.000000 -0.000000 1.000000 1.183216 0.000000 0.000000
 0.748333 1.000000 0.000000 1.000000 1.183216 0.000000 0.000000
 0.749444 1.000000 -0.000000 1.000000 1.183216 0.000000 0.000000
 0.750556 1.000000 0.000000 1.000000 1.183216 0.000000 0.000000
 0.751667 1.000000 -0.000000 1.000000 1.183216 0.000000 0.000000
 0.752778 1.000000 0.000000 1.000000 1.183216 0.000000 0.000000
 0.753889 1.000000 -0.000000 1.000000 1.183216 0.000000 0.000000
 0.755000 1.000000 0.000000 1.000000 1.183216 0.000000 0.000000
 0.756111 1.000000 -0.000000 1.000000 1.183216 0.000000 0.000000
 0.757222 1.000000 0.000000 1.000000 1.183216 0.000000 0.000000
 0.758333 1.000000 -0.000000 1.000000 1.183216 0.000000 0.000000
 0.759444 1.000000 0.000000 1.000000 1.183216 0.000000 0.000000
 0.760556 1.000000 -0.000000 1.000000 1.183216 0.000000 0.000000
 0.761667 1.000000 0.000000 1.000000 1.183216 0.000000 0.000000
 0.762778 1.000000 -0.000000 1.000000 1.183216 0.000000 0.000000
 0.763889 1.000000 0.000000 1.000000 1.183216 0.000000 0.000000
 0.765000 1.000000 -0.000000 1.000000 1.183216 0.000000 0.000000
 0.766111 1.000000 0.000000 1.000000 1.183216 0.000000 0.000000
 0.767222 1.000000 -0.000000 1.000000 1.183216 0.000000 0.000000
 0.768333 1.000000 0.000000 1.000000 1.183216 0.000000 0.000000
 0.769444 1.000000 -0.000000 1.000000 1.183216 0.000000 0.000000
 0.770556 1.000000 0.000000 1.000000 1.183216 0.000000 0.000000
 0.771667 1.000000 -0.000000 1.000000 1.183216 0.000000 0.000000
 0.772778 1.000000 0.000000 1.000000 1.183216 0.000000 0.000000
 0.773889 1.000000 -0.000000 1.000000 1.183216 0.000000 0.000000
 0.775000 1.000000 0.000000 1.000000 1.183216 0.000000 0.000000
 0.776111 1.000000 -0.000000 1.000000 1.183216 0.000000 0.000000
 0.777222 1.000000 0.000000 1.000000 1.183216 0.000000 0.000000
 0.778333 1.000000 -0.000000 1.000000 1.183216 0.000000 0.000000
 0.779444 1.000000 0.000000 1.000000 1.183216 0.000000 0.000000
 0.780556 1.000000 -0.000000 1.000000 1.183216 0.000000 0.000000
 0.781667 1.000000 0.000000 1.000000 1.183216 0.000000 0.000000
 0.782778 1.000000 -0.000000 1.000000 1.183216 0.000000 0.000000
 0.783889 1.000000 0.000000 1.000000 1.183216 0.000000 0.000000
 0.785000 1.000000 -0.000000 1.000000 1.183216 0.000000 0.000000
 0.786111 1.000000 0.000000 1.000000 1.183216 0.000000 0.000000
 0.787222 1.000000 -0.000000 1.000000 1.183216 0.000000 0.000000
 0.788333 1.000000 0.000000 1.000000 1.183216 0.000000 0.000000
 0.789444 1.000000 -0.000000 1.000000 1.183216 0.000000 0.000000
 0.790556 1.000000 0.000000 1.000000 1.183216 0.000000 0.000000
 0.791667 1.000000 -0.000000 1.000000 1.183216 0.000000 0.000000
 0.792778 1.000000 0.000000 1.000000 1.183216 0.000000 0.000000
 0.793889 1.000000 0.000000 1.000000 1.183216 0.000000 0.000000
 0.795000 1.000000 0.000000 1.000000 1.183216 0.000000 0.000000
 0.796111 1.000000 0.000000 1.000000 1.183216 0.000000 0.000000
 0.797222 1.000000 0.000000 1.000000 1.183216 0.000000 0.000000
 0.798333 1.000000 0.000000 1.000000 1.183216 0.000000 0.000000
 0.799444 1.000000 0.000000 1.000000 1.183216 0.000000 0.000000
 0.800556 1.000000 0.000000 1.000000 1.183216 0.000000 0.000000
 0.801667 1.000000 0.000000 1.000000 1.183216 0.000000 0.000000
 0.802778 1.000000 0.000000 1.000000 1.183216 0.000000 0.000000
 0.803889 1.000000 0.000000 1.000000 1.183216 0.000000 0.000000
 0.805000 1.000000 0.000000 1.000000 1.183216 0.000000 0.000000
 0.806111 1.000000 0.000000 1.000000 1.183216 0.000000 0.000000
 0.807222 1.000000 0.000000 1.000000 1.183216 0.000000 0.000000
 0.808333 1.000000 0.000000 1.000000 1.183216 0.000000 0.000000
 0.809444 1.000000 0.000000 1.000000 1.183216 0.000000 0.000000
 0.810556 1.000000 0.000000 1.000000 1.183216 0.000000 0.000000
 0.811667 1.000000 0.000000 1.000000 1.183216 0.000000 0.000000
 0.812778 1.000000 0.000000 1.000000 1.183216 0.000000 0.000000
 0.813889 1.000000 0.000000 1.000000 1.183216 0.000000 0.000000
 0.815000 1.000000 0.000000 1.000000 1.183216 0.000000 0.000000
 0.816111 1.000000 0.000000 1.000000 1.183216 0.000000 0.000000
 0.817222 1.000000 0.000000 1.000000 1.183216 0.000000 0.000000
 0.818333 1.000000 0.000000 1.000000 1.183216 0.000000 0.000000
 0.819444 1.000000 0.000000 1.000000 1.183216 0.000000 0.000000
 0.820556 1.000000 0.000000 1.000000 1.183216 0.000000 0.000000
 0.821667 1.000000 0.000000 1.000000 1.183216 0.000000 0.000000
 0.822778 1.000000 0.000000 1.000000 1.183216 0.000000 0.000000
 0.823889 1.000000 0.000000 1.000000 1.183216 0.000000 0.000000
 0.825000 1.000000 0.000000 1.000000 1.183216 0.000000 0.000000
 0.826111 1.000000 0.000000 1.000000 1.183216 0.000000 0.000000
 0.827222 1.000000 0.000000 1.000000 1.183216 0.000000 0.000000
 0.828333 1.000000 0.000000 1.000000 1.183216 0.000000 0.000000
 0.829444 1.000000 0.000000 1.000000 1.183216 0.000000 0.000000
 0.830556 1.000000 0.000000 1.000000 1.183216 0.000000 0.000000
 0.831667 1.000000 0.000000 1.000000 1.183216 0.000000 0.000000
 0.832778 1.000000 0.000000 1.000000 1.183216 0.000000 0.000000
 0.833889 1.000000 0.000000 1.000000 1.183216 0.000000 0.000000
 0.835000 1.000000 0.000000 1.000000 1.183216 0.000000 0.000000
 0.836111 1.000000 0.000000 1.000000 1.183216 0.000000 0.000000
 0.837222 1.000000 0.000000 1.000000 1.183216 0.000000 0.000000
 0.838333 1.000000 0.000000 1.000000 1.183216 0.000000 0.000000
 0.839444 1.000000 0.000000 1.000000 1.183216 0.000000 0.000000
 0.840556 1.000000 0.000000 1.000000 1.183216 0.000000 0.000000
 0.841667 1.000000 0.000000 1.000000 1.183216 0.000000 0.000000
 0.842778 1.000000 0.000000 1.000000 1.183216 0.000000 0.000000
 0.843889 1.000000 0.000000 1.000000 1.183216 0.000000 0.000000
 0.845000 1.000000 0.000000 1.000000 1.183216 0.000000 0.000000
 0.846111 1.000000 0.000000 1.000000 1.183216 0.000000 0.000000
 0.847222 1.000000 0.000000 1.000000 1.183216 0.000000 0.000000
 0.848333 1.000000 0.000000 1.000000 1.183216 0.000000 0.000000
 0.849444 1.000000 0.000000 1.000000 1.183216 0.000000 0.000000
 0.850556 1.000000 0.000000 1.000000 1.183216 0.000000 0.000000
 0.851667 1.000000 0.000000 1.000000 1.183216 0.000000 0.000000
 0.852778 1.000000 0.000000 1.000000 1.183216 0.000000 0.000000
 0.853889 1.000000 0.000000 1.000000 1.183216 0.000000 0.000000
 0.855000 1.000000 0.000000 1.000000 1.183216 0.000000 0.000000
 0.856111 1.000000 0.000000 1.000000 1.183216 0.000000 0.000000
 0.857222 1.000000 0.000000 1.000000 1.183216 0.000000 0.000000
 0.858333 1.000000 0.000000 1.000000 1.183216 0.000000 0.000000
 0.859444 1.000000 0.000000 1.000000 1.183216 0.000000 0.000000
 0.860556 1.000000 0.000000 1.000000 1.183216 0.000000 0.000000
 0.861667 1.000000 0.000000 1.000000 1.183216 0.000000 0.000000
 0.862778 1.000000 0.000000 1.000000 1.183216 0.000000 0.000000
 0.863889 1.000000 0.000000 1.000000 1.183216 0.000000 0.000000
 0.865000 1.000000 0.000000 1.000000 1.183216 0.000000 0.000000
 0.866111 1.000000 0.000000 1.000000 1.183216 0.000000 0.000000
 0.867222 1.000000 0.000000 1.000000 1.183216 0.000000 0.000000
 0.868333 1.000000 0.000000 1.000000 1.183216 0.000000 0.000000
 0.869444 1.000000 0.000000 1.000000 1.183216 0.000000 0.000000
 0.870556 1.000000 0.000000 1.000000 1.183216 0.000000 0.000000
 0.871667 1.000000 0.000000 1.000000 1.183216 0.000000 0.000000
 0.872778 1.000000 0.000000 1.000000 1.183216 0.000000 0.000000
 0.873889 1.000000 0.000000 1.000000 1.183216 0.000000 0.000000
 0.875000 1.000000 0.000000 1.000000 1.183216 0.000000 0.000000
 0.876111 1.000000 0.000000 1.000000 1.183216 0.000000 0.000000
 0.877222 1.000000 0.000000 1.000000 1.183216 0.000000 0.000000
 0.878333 1.000000 0.000000 1.000000 1.183216 0.000000 0.000000
 0.879444 1.000000 0.000000 1.000000 1.183216 0.000000 0.000000
 0.880556 1.000000 0.000000 1.000000 1.183216 0.000000 0.000000
 0.881667 1.000000 0.000000 1.000000 1.183216 0.000000 0.000000
 0.882778 1.000000 0.000000 1.000000 1.183216 0.000000 0.000000
 0.883889 1.000000 0.000000 1.000000 1.183216 0.000000 0.000000
 0.885000 1.000000 0.000000 1.000000 1.183216 0.000000 0.000000
 0.886111 1.000000 0.000000 1.000000 1.183216 0.000000 0.000000
 0.887222 1.000000 0.000000 1.000000 1.183216 0.000000 0.000000
 0.888333 1.000000 0.000000 1.000000 1.183216 0.000000 0.000000
 0.889444 1.000000 0.000000 1.000000 1.183216 0.000000 0.000000
 0.890556 1.000000 0.000000 1.000000 1.183216 0.000000 0.000000
 0.891667 1.000000 0.000000 1.000000 1.183216 0.000000 0.000000
 0.892778 1.000000 0.000000 1.000000 1.183216 0.000000 0.000000
 0.893889 1.000000 0.000000 1.000000 1.183216 0.000000 0.000000
 0.895000 1.000000 0.000000 1.000000 1.183216 0.000000 0.000000
 0.896111 1.000000 0.000000 1.000000 1.183216 0.000000 0.000000
 0.897222 1.000000 0.000000 1.000000 1.183216 0.000000 0.000000
 0.898333 1.000000 0.000000 1.000000 1.183216 0.000000 0.000000
 0.899444 1.000000 0.000000 1.000000 1.183216 0.000000 0.000000
 0.900556 1.000000 0.000000 1.000000 1.183216 0.000000 0.000000
 0.901667 1.000000 0.000000 1.000000 1.183216 0.000000 0.000000
 0.902778 1.000000 0.000000 1.000000 1.183216 0.000000 0.000000
 0.903889 1.000000 0.000000 1.000000 1.183216 0.000000 0.000000
 0.905000 1.000000 0.000000 1.000000 1.183216 0.000000 0.000000
 0.906111 1.000000 0.000000 1.000000 1.183216 0.000000 0.000000
 0.907222 1.000000 0.000000 1.000000 1.183216 0.000000 0.000000
 0.908333 1.000000 0.000000 1.000000 1.183216 0.000000 0.000000
 0.909444 1.000000 0.000000 1.000000 1.183216 0.000000 0.000000
 0.910556 1.000000 0.000000 1.000000 1.183216 0.000000 0.000000
 0.911667 1.000000 0.000000 1.000000 1.183216 0.000000 0.000000
 0.912778 1.000000 0.000000 1.000000 1.183216 0.000000 0.000000
 0.913889 1.000000 0.000000 1.000000 1.183216 0.000000 0.000000
 0.915000 1.000000 0.000000 1.000000 1.183216 0.000000 0.000000
 0.916111 1.000000 0.000000 1.000000 1.183216 0.000000 0.000000
 0.917222 1.000000 0.000000 1.000000 1.183216 0.000000 0.000000
 0.918333 1.000000 0.000000 1.000000 1.183216 0.000000 0.000000
 0.919444 1.000000 0.000000 1.000000 1.183216 0.000000 0.000000
 0.920556 1.000000 0.000000 1.000000 1.183216 0.000000 0.000000
 0.921667 1.000000 0.000000 1.000000 1.183216 0.000000 0.000000
 0.922778 1.000000 0.000000 1.000000 1.183216 0.000000 0.000000
 0.923889 1.000000 0.000000 1.000000 1.183216 0.000000 0.000000
 0.925000 1.000000 0.000000 1.000000 1.183216 0.000000 0.000000
 0.926111 1.000000 0.000000 1.000000 1.183216 0.000000 0.000000
 0.927222 1.000000 0.000000 1.000000 1.183216 0.000000 0.000000
 0.928333 1.000000 0.000000 1.000000 1.183216 0.000000 0.000000
 0.929444 1.000000 0.000000 1.000000 1.183216 0.000000 0.000000
 0.930556 1.000000 0.000000 1.000000 1.183216 0.000000 0.000000
 0.931667 1.000000 0.000000 1.000000 1.183216 0.000000 0.000000
 0.932778 1.000000 0.000000 1.000000 1.183216 0.000000 0.000000
 0.933889 1.000000 0.000000 1.000000 1.183216 0.000000 0.000000
 0.935000 1.000000 0.000000 1.000000 1.183216 0.000000 0.000000
 0.936111 1.000000 0.000000 1.000000 1.183216 0.000000 0.000000
 0.937222 1.000000 0.000000 1.000000 1.183216 0.000000 0.000000
 0.938333 1.000000 0.000000 1.000000 1.183216 0.000000 0.000000
 0.939444 1.000000 0.000000 1.000000 1.183216 0.000000 0.000000
 0.940556 1.000000 0.000000 1.000000 1.183216 0.000000 0.000000
 0.941667 1.000000 0.000000 1.000000 1.183216 0.000000 0.000000
 0.942778 1.000000 0.000000 1.000000 1.183216 0.000000 0.000000
 0.943889 1.000000 0.000000 1.000000 1.183216 0.000000 0.000000
 0.945000 1.000000 0.000000 1.000000 1.183216 0.000000 0.000000
 0.946111 1.000000 0.000000 1.000000 1.183216 0.000000 0.000000
 0.947222 1.000000 0.000000 1.000000 1.183216 0.000000 0.000000
 0.948333 1.000000 0.000000 1.000000 1.183216 0.000000 0.000000
 0.949444 1.000000 0.000000 1.000000 1.183216 0.000000 0.000000
 0.950556 1.000000 0.000000 1.000000 1.183216 0.000000 0.000000
 0.951667 1.000000 0.000000 1.000000 1.183216 0.000000 0.000000
 0.952778 1.000000 0.000000 1.000000 1.183216 0.000000 0.000000
 0.953889 1.000000 0.000000 1.000000 1.183216 0.000000 0.000000
 0.955000 1.000000 0.000000 1.000000 1.183216 0.000000 0.000000
 0.956111 1.000000 0.000000 1.000000 1.183216 0.000000 0.000000
 0.957222 1.000000 0.000000 1.000000 1.183216 0.000000 0.000000
 0.958333 1.000000 0.000000 1.000000 1.183216 0.000000 0.000000
 0.959444 1.000000 0.000000 1.000000 1.183216 0.000000 0.000000
 0.960556 1.000000 0.000000 1.000000 1.183216 0.000000 0.000000
 0.961667 1.000000 0.000000 1.000000 1.183216 0.000000 0.000000
 0.962778 1.000000 0.000000 1.000000 1.183216 0.000000 0.000000
 0.963889 1.000000 0.000000 1.000000 1.183216 0.000000 0.000000
 0.965000 1.000000 0.000000 1.000000 1.183216 0.000000 0.000000
 0.966111 1.000000 0.000000 1.000000 1.183216 0.000000 0.000000
 0.967222 1.000000 0.000000 1.000000 1.183216 0.000000 0.000000
 0.968333 1.000000 0.000000 1.000000 1.183216 0.000000 0.000000
 0.969444 1.000000 0.000000 1.000000 1.183216 0.000000 0.000000
 0.970556 1.000000 0.000000 1.000000 1.183216 0.000000 0.000000
 0.971667 1.000000 0.000000 1.000000 1.183216 0.000000 0.000000
 0.972778 1.000000 0.000000 1.000000 1.183216 0.000000 0.000000
 0.973889 1.000000 0.000000 1.000000 1.183216 0.000000 0.000000
 0.975000 1.000000 0.000000 1.000000 1.183216 0.000000 0.000000
 0.976111 1.000000 0.000000 1.000000 1.183216 0.000000 0.000000
 0.977222 1.000000 0.000000 1.000000 1.183216 0.000000 0.000000
 0.978333 1.000000 0.000000 1.000000 1.183216 0.000000 0.000000
 0.979444 1.000000 0.000000 1.000000 1.183216 0.000000 0.000000
 0.980556 1.000000 0.000000 1.000000 1.183216 0.000000 0.000000
 0.981667 1.000000 0.000000 1.000000 1.183216 0.000000 0.000000
 0.982778 1.000000 0.000000 1.000000 1.183216 0.000000 0.000000
 0.983889 1.000000 0.000000 1.000000 1.183216 0.000000 0.000000
 0.985000 1.000000 0.000000 1.000000 1.183216 0.000000 0.000000
 0.986111 1.000000 0.000000 1.000000 1.183216 0.000000 0.000000
 0.987222 1.000000 0.000000 1.000000 1.183216 0.000000 0.000000
 0.988333 1.000000 0.000000 1.000000 1.183216 0.000000 0.000000
 0.989444 1.000000 0.000000 1.000000 1.183216 0.000000 0.000000
 0.990556 1.000000 0.000000 1.000000 1.183216 0.000000 0.000000
 0.991667 1.000000 0.000000 1.000000 1.183216 0.000000 0.000000
 0.992778 1.000000 0.000000 1.000000 1.183216 0.000000 0.000000
 0.993889 1.000000 0.000000 1.000000 1.183216 0.000000 0.000000
 0.995000 1.000000 0.000000 1.000000 1.183216 0.000000 0.000000
 0.996111 1.000000 0.000000 1.000000 1.183216 0.000000 0.000000
 0.997222 1.000000 0.000000 1.000000 1.183216 0.000000 0.000000
 0.998333 1.000000 0.000000 1.000000 1.183216 0.000000 0.000000
 0.999444 1.000000 0.000000 1.000000 1.183216 0.000000 0.000000
