Timer: 0.254841
 0.000556 1.000000 0.750000 1.000000 1.183216 1.000000 0.000000
 0.001667 1.000000 0.750000 1.000000 1.183216 1.000000 0.000000
 0.002778 1.000000 0.750000 1.000000 1.183216 1.000000 0.000000
 0.003889 1.000000 0.750000 1.000000 1.183216 1.000000 0.000000
 0.005000 1.000000 0.750000 1.000000 1.183216 1.000000 0.000000
 0.006111 1.000000 0.750000 1.000000 1.183216 1.000000 0.000000
 0.007222 1.000000 0.750000 1.000000 1.183216 1.000000 0.000000
 0.008333 1.000000 0.750000 1.000000 1.183216 1.000000 0.000000
 0.009444 1.000000 0.750000 1.000000 1.183216 1.000000 0.000000
 0.010556 1.000000 0.750000 1.000000 1.183216 1.000000 0.000000
 0.011667 1.000000 0.750000 1.000000 1.183216 1.000000 0.000000
 0.012778 1.000000 0.750000 1.000000 1.183216 1.000000 0.000000
 0.013889 1.000000 0.750000 1.000000 1.183216 1.000000 0.000000
 0.015000 1.000000 0.750000 1.000000 1.183216 1.000000 0.000000
 0.016111 1.000000 0.750000 1.000000 1.183216 1.000000 0.000000
 0.017222 1.000000 0.750000 1.000000 1.183216 1.000000 0.000000
 0.018333 1.000000 0.750000 1.000000 1.183216 1.000000 0.000000
 0.019444 1.000000 0.750000 1.000000 1.183216 1.000000 0.000000
 0.020556 1.000000 0.750000 1.000000 1.183216 1.000000 0.000000
 0.021667 1.000000 0.750000 1.000000 1.183216 1.000000 0.000000
 0.022778 1.000000 0.750000 1.000000 1.183216 1.000000 0.000000
 0.023889 1.000000 0.750000 1.000000 1.183216 1.000000 0.000000
 0.025000 1.000000 0.750000 1.000000 1.183216 1.000000 0.000000
 0.026111 1.000000 0.750000 1.000000 1.183216 1.000000 0.000000
 0.027222 1.000000 0.750000 1.000000 1.183216 1.000000 0.000000
 0.028333 1.000000 0.750000 1.000000 1.183216 1.000000 0.000000
 0.029444 1.000000 0.750000 1.000000 1.183216 1.000000 0.000000
 0.030556 1.000000 0.750000 1.000000 1.183216 1.000000 0.000000
 0.031667 1.000000 0.750000 1.000000 1.183216 1.000000 0.000000
 0.032778 1.000000 0.750000 1.000000 1.183216 1.000000 0.000000
 0.033889 1.000000 0.750000 1.000000 1.183216 1.000000 0.000000
 0.035000 1.000000 0.750000 1.000000 1.183216 1.000000 0.000000
 0.036111 1.000000 0.750000 1.000000 1.183216 1.000000 0.000000
 0.037222 1.000000 0.750000 1.000000 1.183216 1.000000 0.000000
 0.038333 1.000000 0.750000 1.000000 1.183216 1.000000 0.000000
 0.039444 1.000000 0.750000 1.000000 1.183216 1.000000 0.000000
 0.040556 1.000000 0.750000 1.000000 1.183216 1.000000 0.000000
 0.041667 1.000000 0.750000 1.000000 1.183216 1.000000 0.000000
 0.042778 1.000000 0.750000 1.000000 1.183216 1.000000 0.000000
 0.043889 1.000000 0.750000 1.000000 1.183216 1.000000 0.000000
 0.045000 1.000000 0.750000 1.000000 1.183216 1.000000 0.000000
 0.046111 1.000000 0.750000 1.000000 1.183216 1.000000 0.000000
 0.047222 1.000000 0.750000 1.000000 1.183216 1.000000 0.000000
 0.048333 1.000000 0.750000 1.000000 1.183216 1.000000 0.000000
 0.049444 1.000000 0.750000 1.000000 1.183216 1.000000 0.000000
 0.050556 1.000000 0.750000 1.000000 1.183216 1.000000 0.000000
 0.051667 1.000000 0.750000 1.000000 1.183216 1.000000 0.000000
 0.052778 1.000000 0.750000 1.000000 1.183216 1.000000 0.000000
 0.053889 1.000000 0.750000 1.000000 1.183216 1.000000 0.000000
 0.055000 1.000000 0.750000 1.000000 1.183216 1.000000 0.000000
 0.056111 1.000000 0.750000 1.000000 1.183216 1.000000 0.000000
 0.057222 1.000000 0.750000 1.000000 1.183216 1.000000 0.000000
 0.058333 1.000000 0.750000 1.000000 1.183216 1.000000 0.000000
 0.059444 1.000000 0.750000 1.000000 1.183216 1.000000 0.000000
 0.060556 1.000000 0.750000 1.000000 1.183216 1.000000 0.000000
 0.061667 1.000000 0.750000 1.000000 1.183216 1.000000 0.000000
 0.062778 1.000000 0.750000 1.000000 1.183216 1.000000 0.000000
 0.063889 1.000000 0.750000 1.000000 1.183216 1.000000 0.000000
 0.065000 1.000000 0.750000 1.000000 1.183216 1.000000 0.000000
 0.066111 1.000000 0.750000 1.000000 1.183216 1.000000 0.000000
 0.067222 1.000000 0.750000 1.000000 1.183216 1.000000 0.000000
 0.068333 1.000000 0.750000 1.000000 1.183216 1.000000 0.000000
 0.069444 1.000000 0.750000 1.000000 1.183216 1.000000 0.000000
 0.070556 1.000000 0.750000 1.000000 1.183216 1.000000 0.000000
 0.071667 1.000000 0.750000 1.000000 1.183216 1.000000 0.000000
 0.072778 1.000000 0.750000 1.000000 1.183216 1.000000 0.000000
 0.073889 1.000000 0.750000 1.000000 1.183216 1.000000 0.000000
 0.075000 1.000000 0.750000 1.000000 1.183216 1.000000 0.000000
 0.076111 1.000000 0.750000 1.000000 1.183216 1.000000 0.000000
 0.077222 1.000000 0.750000 1.000000 1.183216 1.000000 0.000000
 0.078333 1.000000 0.750000 1.000000 1.183216 1.000000 0.000000
 0.079444 1.000000 0.750000 1.000000 1.183216 1.000000 0.000000
 0.080556 1.000000 0.750000 1.000000 1.183216 1.000000 0.000000
 0.081667 1.000000 0.750000 1.000000 1.183216 1.000000 0.000000
 0.082778 1.000000 0.750000 1.000000 1.183216 1.000000 0.000000
 0.083889 1.000000 0.750000 1.000000 1.183216 1.000000 0.000000
 0.085000 1.000000 0.750000 1.000000 1.183216 1.000000 0.000000
 0.086111 1.000000 0.750000 1.000000 1.183216 1.000000 0.000000
 0.087222 1.000000 0.750000 1.000000 1.183216 1.000000 0.000000
 0.088333 1.000000 0.750000 1.000000 1.183216 1.000000 0.000000
 0.089444 1.000000 0.750000 1.000000 1.183216 1.000000 0.000000
 0.090556 1.000000 0.750000 1.000000 1.183216 1.000000 0.000000
 0.091667 1.000000 0.750000 1.000000 1.183216 1.000000 0.000000
 0.092778 1.000000 0.750000 1.000000 1.183216 1.000000 0.000000
 0.093889 1.000000 0.750000 1.000000 1.183216 1.000000 0.000000
 0.095000 1.000000 0.750000 1.000000 1.183216 1.000000 0.000000
 0.096111 1.000000 0.750000 1.000000 1.183216 1.000000 0.000000
 0.097222 1.000000 0.750000 1.000000 1.183216 1.000000 0.000000
 0.098333 1.000000 0.750000 1.000000 1.183216 1.000000 0.000000
 0.099444 1.000000 0.750000 1.000000 1.183216 1.000000 0.000000
 0.100556 1.000000 0.750000 1.000000 1.183216 1.000000 0.000000
 0.101667 1.000000 0.750000 1.000000 1.183216 1.000000 0.000000
 0.102778 1.000000 0.750000 1.000000 1.183216 1.000000 0.000000
 0.103889 1.000000 0.750000 1.000000 1.183216 1.000000 0.000000
 0.105000 1.000000 0.750000 1.000000 1.183216 1.000000 0.000000
 0.106111 1.000000 0.750000 1.000000 1.183216 1.000000 0.000000
 0.107222 1.000000 0.750000 1.000000 1.183216 1.000000 0.000000
 0.108333 1.000000 0.750000 1.000000 1.183216 1.000000 0.000000
 0.109444 1.000000 0.750000 1.000000 1.183216 1.000000 0.000000
 0.110556 1.000000 0.750000 1.000000 1.183216 1.000000 0.000000
 0.111667 1.000000 0.750000 1.000000 1.183216 1.000000 0.000000
 0.112778 1.000000 0.750000 1.000000 1.183216 1.000000 0.000000
 0.113889 1.000000 0.750000 1.000000 1.183216 1.000000 0.000000
 0.115000 1.000000 0.750000 1.000000 1.183216 1.000000 0.000000
 0.116111 1.000000 0.750000 1.000000 1.183216 1.000000 0.000000
 0.117222 1.000000 0.750000 1.000000 1.183216 1.000000 0.000000
 0.118333 1.000000 0.750000 1.000000 1.183216 1.000000 0.000000
 0.119444 1.000000 0.750000 1.000000 1.183216 1.000000 0.000000
 0.120556 1.000000 0.750000 1.000000 1.183216 1.000000 0.000000
 0.121667 1.000000 0.750000 1.000000 1.183216 1.000000 0.000000
 0.122778 1.000000 0.750000 1.000000 1.183216 1.000000 0.000000
 0.123889 1.000000 0.750000 1.000000 1.183216 1.000000 0.000000
 0.125000 1.000000 0.750000 1.000000 1.183216 1.000000 0.000000
 0.126111 1.000000 0.750000 1.000000 1.183216 1.000000 0.000000
 0.127222 1.000000 0.750000 1.000000 1.183216 1.000000 0.000000
 0.128333 1.000000 0.750000 1.000000 1.183216 1.000000 0.000000
 0.129444 1.000000 0.750000 1.000000 1.183216 1.000000 0.000000
 0.130556 1.000000 0.750000 1.000000 1.183216 1.000000 0.000000
 0.131667 1.000000 0.750000 1.000000 1.183216 1.000000 0.000000
 0.132778 1.000000 0.750000 1.000000 1.183216 1.000000 0.000000
 0.133889 1.000000 0.750000 1.000000 1.183216 1.000000 0.000000
 0.135000 1.000000 0.750000 1.000000 1.183216 1.000000 0.000000
 0.136111 1.000000 0.750000 1.000000 1.183216 1.000000 0.000000
 0.137222 1.000000 0.750000 1.000000 1.183216 1.000000 0.000000
 0.138333 1.000000 0.750000 1.000000 1.183216 1.000000 0.000000
 0.139444 1.000000 0.750000 1.000000 1.183216 1.000000 0.000000
 0.140556 0.999999 0.750001 0.999999 1.183216 1.000000 0.000000
 0.141667 0.999999 0.750001 0.999999 1.183216 1.000000 0.000000
 0.142778 0.999999 0.750001 0.999998 1.183216 1.000000 0.000000
 0.143889 0.999998 0.750002 0.999998 1.183216 1.000000 0.000000
 0.145000 0.999998 0.750003 0.999997 1.183215 1.000000 0.000000
 0.146111 0.999996 0.750004 0.999995 1.183215 1.000000 0.000000
 0.147222 0.999995 0.750006 0.999993 1.183215 1.000000 0.000000
 0.148333 0.999993 0.750009 0.999990 1.183214 1.000000 0.000000
 0.149444 0.999990 0.750012 0.999985 1.183213 1.000000 0.000000
 0.150556 0.999985 0.750017 0.999979 1.183212 1.000000 0.000000
 0.151667 0.999979 0.750024 0.999971 1.183211 1.000000 0.000000
 0.152778 0.999971 0.750034 0.999960 1.183209 1.000000 0.000000
 0.153889 0.999961 0.750047 0.999945 1.183207 1.000000 0.000000
 0.155000 0.999946 0.750064 0.999925 1.183203 1.000000 0.000000
 0.156111 0.999927 0.750086 0.999898 1.183199 1.000000 0.000000
 0.157222 0.999902 0.750116 0.999863 1.183193 1.000000 0.000000
 0.158333 0.999870 0.750154 0.999818 1.183185 1.000000 0.000000
 0.159444 0.999828 0.750203 0.999759 1.183175 1.000000 0.000000
 0.160556 0.999775 0.750267 0.999685 1.183163 1.000000 0.000000
 0.161667 0.999707 0.750346 0.999590 1.183147 1.000000 0.000000
 0.162778 0.999623 0.750446 0.999472 1.183127 1.000000 0.000000
 0.163889 0.999518 0.750571 0.999325 1.183102 1.000000 0.000000
 0.165000 0.999389 0.750724 0.999144 1.183071 1.000000 0.000000
 0.166111 0.999231 0.750910 0.998924 1.183034 1.000000 0.000000
 0.167222 0.999041 0.751135 0.998658 1.182989 1.000000 0.000000
 0.168333 0.998813 0.751405 0.998339 1.182935 1.000000 0.000000
 0.169444 0.998543 0.751725 0.997961 1.182871 1.000000 0.000000
 0.170556 0.998226 0.752101 0.997517 1.182796 1.000000 0.000000
 0.171667 0.997856 0.752539 0.997000 1.182708 1.000000 0.000000
 0.172778 0.997428 0.753046 0.996402 1.182607 1.000000 0.000000
 0.173889 0.996939 0.753626 0.995717 1.182491 1.000000 0.000000
 0.175000 0.996382 0.754287 0.994939 1.182359 1.000000 0.000000
 0.176111 0.995755 0.755031 0.994062 1.182210 1.000000 0.000000
 0.177222 0.995053 0.755865 0.993081 1.182043 1.000000 0.000000
 0.178333 0.994273 0.756791 0.991992 1.181858 1.000001 0.000000
 0.179444 0.993414 0.757813 0.990792 1.181654 1.000001 0.000000
 0.180556 0.992472 0.758933 0.989478 1.181430 1.000001 0.000000
 0.181667 0.991448 0.760152 0.988049 1.181186 1.000001 0.000000
 0.182778 0.990340 0.761472 0.986504 1.180922 1.000001 0.000000
 0.183889 0.989149 0.762893 0.984844 1.180638 1.000002 0.000000
 0.185000 0.987876 0.764414 0.983069 1.180334 1.000002 0.000000
 0.186111 0.986520 0.766033 0.981182 1.180010 1.000002 0.000000
 0.187222 0.985086 0.767750 0.979185 1.179667 1.000003 0.000000
 0.188333 0.983573 0.769562 0.977082 1.179305 1.000003 0.000000
 0.189444 0.981986 0.771466 0.974875 1.178924 1.000004 0.000000
 0.190556 0.980326 0.773459 0.972570 1.178526 1.000004 0.000000
 0.191667 0.978597 0.775538 0.970170 1.178110 1.000005 0.000000
 0.192778 0.976802 0.777701 0.967680 1.177678 1.000006 0.000000
 0.193889 0.974944 0.779942 0.965104 1.177230 1.000006 0.000000
 0.195000 0.973026 0.782259 0.962448 1.176767 1.000007 0.000000
 0.196111 0.971052 0.784647 0.959716 1.176289 1.000008 0.000000
 0.197222 0.969024 0.787104 0.956913 1.175798 1.000009 0.000000
 0.198333 0.966947 0.789626 0.954043 1.175294 1.000010 0.000000
 0.199444 0.964823 0.792209 0.951111 1.174778 1.000010 0.000000
 0.200556 0.962656 0.794850 0.948122 1.174250 1.000011 0.000000
 0.201667 0.960447 0.797545 0.945079 1.173712 1.000012 0.000000
 0.202778 0.958201 0.800292 0.941987 1.173163 1.000013 0.000000
 0.203889 0.955920 0.803087 0.938850 1.172604 1.000014 0.000000
 0.205000 0.953605 0.805927 0.935670 1.172036 1.000015 0.000000
 0.206111 0.951261 0.808810 0.932452 1.171460 1.000016 0.000000
 0.207222 0.948888 0.811734 0.929199 1.170876 1.000018 0.000000
 0.208333 0.946490 0.814695 0.925914 1.170284 1.000019 0.000000
 0.209444 0.944068 0.817692 0.922599 1.169685 1.000020 0.000000
 0.210556 0.941624 0.820722 0.919258 1.169079 1.000021 0.000000
 0.211667 0.939159 0.823783 0.915893 1.168468 1.000022 0.000000
 0.212778 0.936677 0.826875 0.912506 1.167850 1.000023 0.000000
 0.213889 0.934177 0.829993 0.909099 1.167227 1.000024 0.000000
 0.215000 0.931662 0.833138 0.905676 1.166598 1.000026 0.000000
 0.216111 0.929132 0.836308 0.902236 1.165965 1.000027 0.000000
 0.217222 0.926590 0.839500 0.898783 1.165327 1.000028 0.000000
 0.218333 0.924036 0.842714 0.895318 1.164684 1.000029 0.000000
 0.219444 0.921472 0.845949 0.891842 1.164038 1.000030 0.000000
 0.220556 0.918897 0.849203 0.888357 1.163387 1.000032 0.000000
 0.221667 0.916315 0.852476 0.884865 1.162733 1.000033 0.000000
 0.222778 0.913724 0.855765 0.881365 1.162076 1.000034 0.000000
 0.223889 0.911127 0.859071 0.877861 1.161415 1.000035 0.000000
 0.225000 0.908523 0.862392 0.874352 1.160751 1.000037 0.000000
 0.226111 0.905914 0.865728 0.870840 1.160085 1.000038 0.000000
 0.227222 0.903300 0.869078 0.867325 1.159415 1.000039 0.000000
 0.228333 0.900682 0.872441 0.863809 1.158743 1.000040 0.000000
 0.229444 0.898061 0.875816 0.860292 1.158068 1.000042 0.000000
 0.230556 0.895436 0.879204 0.856776 1.157391 1.000043 0.000000
 0.231667 0.892809 0.882602 0.853260 1.156712 1.000044 0.000000
 0.232778 0.890180 0.886011 0.849745 1.156031 1.000045 0.000000
 0.233889 0.887549 0.889430 0.846232 1.155347 1.000047 0.000000
 0.235000 0.884917 0.892859 0.842722 1.154662 1.000048 0.000000
 0.236111 0.882284 0.896297 0.839215 1.153975 1.000049 0.000000
 0.237222 0.879651 0.899745 0.835711 1.153286 1.000050 0.000000
 0.238333 0.877017 0.903200 0.832212 1.152595 1.000052 0.000000
 0.239444 0.874384 0.906664 0.828717 1.151903 1.000053 0.000000
 0.240556 0.871751 0.910135 0.825226 1.151209 1.000054 0.000000
 0.241667 0.869119 0.913614 0.821741 1.150514 1.000055 0.000000
 0.242778 0.866488 0.917100 0.818261 1.149817 1.000056 0.000000
 0.243889 0.863858 0.920593 0.814787 1.149119 1.000058 0.000000
 0.245000 0.861229 0.924093 0.811319 1.148419 1.000059 0.000000
 0.246111 0.858602 0.927599 0.807858 1.147719 1.000060 0.000000
 0.247222 0.855977 0.931111 0.804403 1.147017 1.000061 0.000000
 0.248333 0.853354 0.934629 0.800955 1.146313 1.000062 0.000000
 0.249444 0.850733 0.938153 0.797514 1.145609 1.000063 0.000000
 0.250556 0.848115 0.941683 0.794080 1.144904 1.000064 0.000000
 0.251667 0.845498 0.945218 0.790654 1.144197 1.000066 0.000000
 0.252778 0.842885 0.948758 0.787235 1.143489 1.000067 0.000000
 0.253889 0.840274 0.952303 0.783824 1.142781 1.000068 0.000000
 0.255000 0.837666 0.955854 0.780421 1.142071 1.000069 0.000000
 0.256111 0.835061 0.959409 0.777026 1.141360 1.000070 0.000000
 0.257222 0.832458 0.962969 0.773639 1.140649 1.000071 0.000000
 0.258333 0.829859 0.966534 0.770260 1.139936 1.000072 0.000000
 0.259444 0.827263 0.970104 0.766890 1.139223 1.000073 0.000000
 0.260556 0.824670 0.973678 0.763528 1.138508 1.000074 0.000000
 0.261667 0.822081 0.977256 0.760174 1.137793 1.000075 0.000000
 0.262778 0.819495 0.980839 0.756829 1.137077 1.000076 0.000000
 0.263889 0.816912 0.984426 0.753492 1.136360 1.000077 0.000000
 0.265000 0.814332 0.988018 0.750164 1.135642 1.000078 0.000000
 0.266111 0.811756 0.991614 0.746844 1.134923 1.000079 0.000000
 0.267222 0.809183 0.995215 0.743533 1.134203 1.000080 0.000000
 0.268333 0.806614 0.998820 0.740231 1.133482 1.000081 0.000000
 0.269444 0.804048 1.002429 0.736937 1.132761 1.000082 0.000000
 0.270556 0.801486 1.006043 0.733652 1.132038 1.000083 0.000000
 0.271667 0.798926 1.009662 0.730375 1.131315 1.000084 0.000000
 0.272778 0.796370 1.013285 0.727106 1.130591 1.000084 0.000000
 0.273889 0.793818 1.016913 0.723846 1.129865 1.000085 0.000000
 0.275000 0.791268 1.020546 0.720594 1.129139 1.000086 0.000000
 0.276111 0.788721 1.024184 0.717350 1.128412 1.000087 0.000000
 0.277222 0.786178 1.027827 0.714113 1.127683 1.000088 0.000000
 0.278333 0.783637 1.031476 0.710885 1.126954 1.000089 0.000000
 0.279444 0.781098 1.035130 0.707664 1.126223 1.000089 0.000000
 0.280556 0.778562 1.038791 0.704450 1.125492 1.000090 0.000000
 0.281667 0.776028 1.042458 0.701242 1.124758 1.000091 0.000000
 0.282778 0.773496 1.046132 0.698041 1.124024 1.000092 0.000000
 0.283889 0.770965 1.049814 0.694847 1.123288 1.000092 0.000000
 0.285000 0.768435 1.053504 0.691657 1.122550 1.000093 0.000000
 0.286111 0.765906 1.057204 0.688472 1.121810 1.000094 0.000000
 0.287222 0.763376 1.060914 0.685291 1.121069 1.000094 0.000000
 0.288333 0.760845 1.064635 0.682112 1.120324 1.000095 0.000000
 0.289444 0.758311 1.068371 0.678934 1.119578 1.000096 0.000000
 0.290556 0.755773 1.072122 0.675756 1.118828 1.000096 0.000000
 0.291667 0.753229 1.075892 0.672574 1.118074 1.000097 0.000000
 0.292778 0.750677 1.079685 0.669386 1.117315 1.000097 0.000000
 0.293889 0.748112 1.083509 0.666186 1.116551 1.000098 0.000000
 0.295000 0.745527 1.087370 0.662967 1.115779 1.000098 0.000000
 0.296111 0.742914 1.091286 0.659716 1.114996 1.000099 0.000000
 0.297222 0.740254 1.095284 0.656412 1.114196 1.000099 0.000000
 0.298333 0.737510 1.099420 0.653008 1.113369 1.000100 0.000000
 0.299444 0.734572 1.103862 0.649369 1.112481 1.000100 0.000000
 0.300556 0.725248 1.118056 0.637859 1.109643 1.000100 0.000000
 0.301667 0.722423 1.122383 0.634384 1.108777 1.000101 0.000000
 0.302778 0.719802 1.126411 0.631165 1.107972 1.000101 0.000000
 0.303889 0.717278 1.130302 0.628068 1.107194 1.000102 0.000000
 0.305000 0.714811 1.134114 0.625047 1.106431 1.000102 0.000000
 0.306111 0.712386 1.137873 0.622080 1.105680 1.000103 0.000000
 0.307222 0.709991 1.141594 0.619155 1.104936 1.000103 0.000000
 0.308333 0.707622 1.145286 0.616264 1.104198 1.000104 0.000000
 0.309444 0.705273 1.148956 0.613402 1.103464 1.000105 0.000000
 0.310556 0.702942 1.152606 0.610567 1.102734 1.000105 0.000000
 0.311667 0.700628 1.156241 0.607755 1.102007 1.000106 0.000000
 0.312778 0.698328 1.159863 0.604964 1.101283 1.000107 0.000000
 0.313889 0.696042 1.163473 0.602193 1.100562 1.000107 0.000000
 0.315000 0.693768 1.167072 0.599442 1.099842 1.000108 0.000000
 0.316111 0.691506 1.170662 0.596708 1.099124 1.000109 0.000000
 0.317222 0.689256 1.174243 0.593991 1.098408 1.000110 0.000000
 0.318333 0.687016 1.177816 0.591291 1.097694 1.000110 0.000000
 0.319444 0.684787 1.181381 0.588608 1.096981 1.000111 0.000000
 0.320556 0.682568 1.184939 0.585940 1.096270 1.000112 0.000000
 0.321667 0.680359 1.188491 0.583287 1.095560 1.000113 0.000000
 0.322778 0.678160 1.192036 0.580650 1.094851 1.000114 0.000000
 0.323889 0.675971 1.195574 0.578028 1.094144 1.000115 0.000000
 0.325000 0.673791 1.199105 0.575421 1.093438 1.000116 0.000000
 0.326111 0.671621 1.202631 0.572829 1.092733 1.000117 0.000000
 0.327222 0.669461 1.206150 0.570251 1.092030 1.000118 0.000000
 0.328333 0.667310 1.209662 0.567688 1.091328 1.000119 0.000000
 0.329444 0.665168 1.213168 0.565140 1.090627 1.000120 0.000000
 0.330556 0.663036 1.216667 0.562606 1.089928 1.000121 0.000000
 0.331667 0.660913 1.220160 0.560087 1.089230 1.000122 0.000000
 0.332778 0.658801 1.223645 0.557582 1.088533 1.000123 0.000000
 0.333889 0.656698 1.227124 0.555093 1.087838 1.000124 0.000000
 0.335000 0.654604 1.230594 0.552618 1.087144 1.000125 0.000000
 0.336111 0.652521 1.234057 0.550158 1.086452 1.000127 0.000000
 0.337222 0.650449 1.237512 0.547714 1.085761 1.000128 0.000000
 0.338333 0.648386 1.240957 0.545285 1.085073 1.000129 0.000000
 0.339444 0.646334 1.244394 0.542871 1.084386 1.000130 0.000000
 0.340556 0.644294 1.247821 0.540474 1.083701 1.000132 0.000000
 0.341667 0.642264 1.251238 0.538092 1.083018 1.000133 0.000000
 0.342778 0.640246 1.254645 0.535727 1.082337 1.000134 0.000000
 0.343889 0.638239 1.258039 0.533379 1.081659 1.000136 0.000000
 0.345000 0.636245 1.261422 0.531048 1.080983 1.000137 0.000000
 0.346111 0.634264 1.264791 0.528735 1.080309 1.000138 0.000000
 0.347222 0.632296 1.268146 0.526441 1.079639 1.000140 0.000000
 0.348333 0.630342 1.271486 0.524165 1.078971 1.000141 0.000000
 0.349444 0.628402 1.274809 0.521908 1.078307 1.000143 0.000000
 0.350556 0.626476 1.278116 0.519672 1.077646 1.000144 0.000000
 0.351667 0.624567 1.281403 0.517457 1.076990 1.000146 0.000000
 0.352778 0.622674 1.284670 0.515263 1.076337 1.000147 0.000000
 0.353889 0.620798 1.287915 0.513092 1.075688 1.000149 0.000000
 0.355000 0.618941 1.291135 0.510945 1.075045 1.000150 0.000000
 0.356111 0.617103 1.294330 0.508823 1.074406 1.000152 0.000000
 0.357222 0.615285 1.297497 0.506727 1.073773 1.000153 0.000000
 0.358333 0.613489 1.300633 0.504658 1.073147 1.000155 0.000000
 0.359444 0.611717 1.303737 0.502619 1.072527 1.000156 0.000000
 0.360556 0.609969 1.306803 0.500610 1.071914 1.000158 0.000000
 0.361667 0.608247 1.309831 0.498633 1.071309 1.000160 0.000000
 0.362778 0.606553 1.312816 0.496691 1.070712 1.000161 0.000000
 0.363889 0.604890 1.315754 0.494786 1.070125 1.000163 0.000000
 0.365000 0.603259 1.318642 0.492920 1.069548 1.000164 0.000000
 0.366111 0.601662 1.321475 0.491095 1.068982 1.000166 0.000000
 0.367222 0.600102 1.324248 0.489314 1.068428 1.000167 0.000000
 0.368333 0.598582 1.326956 0.487580 1.067887 1.000169 0.000000
 0.369444 0.597104 1.329594 0.485896 1.067360 1.000170 0.000000
 0.370556 0.595671 1.332156 0.484266 1.066848 1.000171 0.000000
 0.371667 0.594287 1.334636 0.482691 1.066352 1.000173 0.000000
 0.372778 0.592954 1.337029 0.481177 1.065874 1.000174 0.000000
 0.373889 0.591676 1.339327 0.479727 1.065415 1.000175 0.000000
 0.375000 0.590456 1.341524 0.478343 1.064976 1.000177 0.000000
 0.376111 0.589298 1.343614 0.477030 1.064559 1.000178 0.000000
 0.377222 0.588203 1.345592 0.475791 1.064163 1.000179 0.000000
 0.378333 0.587175 1.347452 0.474628 1.063792 1.000180 0.000000
 0.379444 0.586217 1.349189 0.473544 1.063445 1.000181 0.000000
 0.380556 0.585330 1.350798 0.472541 1.063123 1.000182 0.000000
 0.381667 0.584515 1.352278 0.471622 1.062828 1.000183 0.000000
 0.382778 0.583774 1.353625 0.470785 1.062559 1.000184 0.000000
 0.383889 0.583106 1.354841 0.470032 1.062316 1.000185 0.000000
 0.385000 0.582511 1.355925 0.469360 1.062099 1.000186 0.000000
 0.386111 0.581986 1.356881 0.468769 1.061909 1.000187 0.000000
 0.387222 0.581530 1.357714 0.468255 1.061742 1.000187 0.000000
 0.388333 0.581138 1.358429 0.467813 1.061600 1.000188 0.000000
 0.389444 0.580806 1.359034 0.467440 1.061479 1.000189 0.000000
 0.390556 0.580531 1.359538 0.467130 1.061378 1.000190 0.000000
 0.391667 0.580305 1.359949 0.466876 1.061296 1.000191 0.000000
 0.392778 0.580124 1.360280 0.466673 1.061231 1.000191 0.000000
 0.393889 0.579982 1.360539 0.466513 1.061179 1.000192 0.000000
 0.395000 0.579874 1.360737 0.466391 1.061140 1.000193 0.000000
 0.396111 0.579793 1.360884 0.466301 1.061111 1.000194 0.000000
 0.397222 0.579735 1.360988 0.466236 1.061090 1.000194 0.000000
 0.398333 0.579696 1.361060 0.466193 1.061076 1.000195 0.000000
 0.399444 0.579672 1.361104 0.466165 1.061067 1.000196 0.000000
 0.400556 0.579658 1.361129 0.466150 1.061063 1.000197 0.000000
 0.401667 0.579652 1.361138 0.466144 1.061061 1.000198 0.000000
 0.402778 0.579652 1.361137 0.466145 1.061062 1.000198 0.000000
 0.403889 0.579657 1.361129 0.466150 1.061064 1.000199 0.000000
 0.405000 0.579663 1.361116 0.466158 1.061067 1.000200 0.000000
 0.406111 0.579672 1.361100 0.466168 1.061070 1.000201 0.000000
 0.407222 0.579681 1.361083 0.466178 1.061074 1.000202 0.000000
 0.408333 0.579689 1.361066 0.466189 1.061077 1.000203 0.000000
 0.409444 0.579698 1.361049 0.466199 1.061081 1.000203 0.000000
 0.410556 0.579707 1.361034 0.466208 1.061085 1.000204 0.000000
 0.411667 0.579714 1.361019 0.466217 1.061088 1.000205 0.000000
 0.412778 0.579721 1.361005 0.466226 1.061091 1.000206 0.000000
 0.413889 0.579727 1.360993 0.466233 1.061094 1.000207 0.000000
 0.415000 0.579733 1.360982 0.466240 1.061096 1.000208 0.000000
 0.416111 0.579738 1.360972 0.466246 1.061099 1.000209 0.000000
 0.417222 0.579743 1.360963 0.466252 1.061101 1.000210 0.000000
 0.418333 0.579747 1.360955 0.466257 1.061103 1.000210 0.000000
 0.419444 0.579750 1.360948 0.466261 1.061104 1.000211 0.000000
 0.420556 0.579753 1.360942 0.466265 1.061106 1.000212 0.000000
 0.421667 0.579756 1.360936 0.466268 1.061107 1.000213 0.000000
 0.422778 0.579758 1.360931 0.466271 1.061109 1.000214 0.000000
 0.423889 0.579760 1.360927 0.466274 1.061110 1.000215 0.000000
 0.425000 0.579762 1.360923 0.466276 1.061111 1.000216 0.000000
 0.426111 0.579763 1.360920 0.466278 1.061112 1.000217 0.000000
 0.427222 0.579765 1.360916 0.466280 1.061113 1.000218 0.000000
 0.428333 0.579766 1.360914 0.466282 1.061114 1.000219 0.000000
 0.429444 0.579767 1.360911 0.466284 1.061115 1.000220 0.000000
 0.430556 0.579767 1.360909 0.466285 1.061116 1.000221 0.000000
 0.431667 0.579768 1.360907 0.466286 1.061117 1.000222 0.000000
 0.432778 0.579769 1.360905 0.466287 1.061117 1.000223 0.000000
 0.433889 0.579769 1.360904 0.466288 1.061118 1.000224 0.000000
 0.435000 0.579769 1.360902 0.466289 1.061119 1.000225 0.000000
 0.436111 0.579770 1.360901 0.466290 1.061119 1.000226 0.000000
 0.437222 0.579770 1.360900 0.466290 1.061120 1.000227 0.000000
 0.438333 0.579770 1.360899 0.466291 1.061121 1.000228 0.000000
 0.439444 0.579770 1.360898 0.466292 1.061121 1.000230 0.000000
 0.440556 0.579770 1.360897 0.466292 1.061122 1.000231 0.000000
 0.441667 0.579770 1.360897 0.466292 1.061122 1.000232 0.000000
 0.442778 0.579769 1.360896 0.466293 1.061123 1.000233 0.000000
 0.443889 0.579769 1.360896 0.466293 1.061123 1.000234 0.000000
 0.445000 0.579769 1.360895 0.466293 1.061124 1.000235 0.000000
 0.446111 0.579769 1.360895 0.466294 1.061124 1.000236 0.000000
 0.447222 0.579768 1.360894 0.466294 1.061125 1.000238 0.000000
 0.448333 0.579768 1.360894 0.466294 1.061125 1.000239 0.000000
 0.449444 0.579768 1.360894 0.466294 1.061126 1.000240 0.000000
 0.450556 0.579767 1.360893 0.466294 1.061126 1.000241 0.000000
 0.451667 0.579767 1.360893 0.466294 1.061127 1.000242 0.000000
 0.452778 0.579767 1.360893 0.466294 1.061127 1.000244 0.000000
 0.453889 0.579766 1.360893 0.466294 1.061128 1.000245 0.000000
 0.455000 0.579766 1.360893 0.466295 1.061128 1.000246 0.000000
 0.456111 0.579765 1.360893 0.466295 1.061129 1.000247 0.000000
 0.457222 0.579765 1.360893 0.466295 1.061129 1.000249 0.000000
 0.458333 0.579764 1.360893 0.466295 1.061130 1.000250 0.000000
 0.459444 0.579764 1.360893 0.466295 1.061130 1.000251 0.000000
 0.460556 0.579763 1.360893 0.466295 1.061131 1.000253 0.000000
 0.461667 0.579762 1.360893 0.466295 1.061131 1.000254 0.000000
 0.462778 0.579762 1.360892 0.466295 1.061132 1.000255 0.000000
 0.463889 0.579761 1.360892 0.466295 1.061133 1.000257 0.000000
 0.465000 0.579761 1.360892 0.466295 1.061133 1.000258 0.000000
 0.466111 0.579760 1.360893 0.466295 1.061134 1.000260 0.000000
 0.467222 0.579759 1.360893 0.466295 1.061134 1.000261 0.000000
 0.468333 0.579759 1.360893 0.466295 1.061135 1.000262 0.000000
 0.469444 0.579758 1.360893 0.466295 1.061135 1.000264 0.000000
 0.470556 0.579758 1.360893 0.466294 1.061136 1.000265 0.000000
 0.471667 0.579757 1.360893 0.466294 1.061136 1.000267 0.000000
 0.472778 0.579756 1.360893 0.466294 1.061137 1.000268 0.000000
 0.473889 0.579756 1.360893 0.466294 1.061137 1.000270 0.000000
 0.475000 0.579755 1.360893 0.466294 1.061138 1.000272 0.000000
 0.476111 0.579754 1.360893 0.466294 1.061139 1.000273 0.000000
 0.477222 0.579754 1.360893 0.466294 1.061139 1.000275 0.000000
 0.478333 0.579753 1.360893 0.466294 1.061140 1.000276 0.000000
 0.479444 0.579752 1.360893 0.466294 1.061140 1.000278 0.000000
 0.480556 0.579751 1.360893 0.466294 1.061141 1.000280 0.000000
 0.481667 0.579751 1.360893 0.466294 1.061142 1.000281 0.000000
 0.482778 0.579750 1.360893 0.466294 1.061142 1.000283 0.000000
 0.483889 0.579749 1.360893 0.466294 1.061143 1.000285 0.000000
 0.485000 0.579748 1.360893 0.466294 1.061144 1.000286 0.000000
 0.486111 0.579748 1.360893 0.466294 1.061144 1.000288 0.000000
 0.487222 0.579747 1.360893 0.466294 1.061145 1.000290 0.000000
 0.488333 0.579746 1.360893 0.466294 1.061145 1.000292 0.000000
 0.489444 0.579745 1.360893 0.466294 1.061146 1.000294 0.000000
 0.490556 0.579744 1.360893 0.466294 1.061147 1.000296 0.000000
 0.491667 0.579744 1.360893 0.466294 1.061148 1.000297 0.000000
 0.492778 0.579743 1.360894 0.466294 1.061148 1.000299 0.000000
 0.493889 0.579742 1.360894 0.466294 1.061149 1.000301 0.000000
 0.495000 0.579741 1.360894 0.466293 1.061150 1.000303 0.000000
 0.496111 0.579740 1.360894 0.466293 1.061150 1.000305 0.000000
 0.497222 0.579739 1.360894 0.466293 1.061151 1.000307 0.000000
 0.498333 0.579738 1.360894 0.466293 1.061152 1.000309 0.000000
 0.499444 0.579738 1.360894 0.466293 1.061153 1.000311 0.000000
 0.500556 0.579737 1.360894 0.466293 1.061154 1.000313 0.000000
 0.501667 0.579736 1.360894 0.466293 1.061154 1.000316 0.000000
 0.502778 0.579735 1.360894 0.466293 1.061155 1.000318 0.000000
 0.503889 0.579734 1.360894 0.466293 1.061156 1.000320 0.000000
 0.505000 0.579733 1.360894 0.466293 1.061157 1.000322 0.000000
 0.506111 0.579732 1.360894 0.466293 1.061158 1.000324 0.000000
 0.507222 0.579731 1.360894 0.466293 1.061158 1.000327 0.000000
 0.508333 0.579730 1.360894 0.466293 1.061159 1.000329 0.000000
 0.509444 0.579729 1.360894 0.466293 1.061160 1.000332 0.000000
 0.510556 0.579728 1.360894 0.466293 1.061161 1.000334 0.000000
 0.511667 0.579727 1.360894 0.466293 1.061162 1.000336 0.000000
 0.512778 0.579726 1.360894 0.466293 1.061163 1.000339 0.000000
 0.513889 0.579725 1.360894 0.466293 1.061164 1.000341 0.000000
 0.515000 0.579724 1.360894 0.466293 1.061165 1.000344 0.000000
 0.516111 0.579722 1.360894 0.466293 1.061166 1.000347 0.000000
 0.517222 0.579721 1.360894 0.466293 1.061167 1.000349 0.000000
 0.518333 0.579720 1.360894 0.466293 1.061168 1.000352 0.000000
 0.519444 0.579719 1.360894 0.466293 1.061169 1.000355 0.000000
 0.520556 0.579718 1.360894 0.466293 1.061170 1.000357 0.000000
 0.521667 0.579717 1.360894 0.466292 1.061171 1.000360 0.000000
 0.522778 0.579715 1.360894 0.466292 1.061172 1.000363 0.000000
 0.523889 0.579714 1.360894 0.466292 1.061173 1.000366 0.000000
 0.525000 0.579713 1.360895 0.466292 1.061174 1.000369 0.000000
 0.526111 0.579712 1.360895 0.466292 1.061175 1.000372 0.000000
 0.527222 0.579710 1.360895 0.466292 1.061177 1.000375 0.000000
 0.528333 0.579709 1.360895 0.466292 1.061178 1.000378 0.000000
 0.529444 0.579708 1.360895 0.466292 1.061179 1.000382 0.000000
 0.530556 0.579706 1.360895 0.466292 1.061180 1.000385 0.000000
 0.531667 0.579705 1.360895 0.466292 1.061181 1.000388 0.000000
 0.532778 0.579703 1.360895 0.466292 1.061183 1.000392 0.000000
 0.533889 0.579702 1.360895 0.466292 1.061184 1.000395 0.000000
 0.535000 0.579700 1.360895 0.466292 1.061185 1.000399 0.000000
 0.536111 0.579699 1.360895 0.466292 1.061187 1.000402 0.000000
 0.537222 0.579697 1.360895 0.466292 1.061188 1.000406 0.000000
 0.538333 0.579696 1.360895 0.466292 1.061190 1.000410 0.000000
 0.539444 0.579694 1.360895 0.466292 1.061191 1.000413 0.000000
 0.540556 0.579692 1.360895 0.466292 1.061192 1.000417 0.000000
 0.541667 0.579691 1.360895 0.466292 1.061194 1.000421 0.000000
 0.542778 0.579689 1.360895 0.466292 1.061195 1.000425 0.000000
 0.543889 0.579687 1.360895 0.466292 1.061197 1.000429 0.000000
 0.545000 0.579686 1.360895 0.466292 1.061199 1.000434 0.000000
 0.546111 0.579684 1.360895 0.466292 1.061200 1.000438 0.000000
 0.547222 0.579682 1.360895 0.466292 1.061202 1.000442 0.000000
 0.548333 0.579680 1.360895 0.466292 1.061204 1.000447 0.000000
 0.549444 0.579678 1.360895 0.466292 1.061205 1.000451 0.000000
 0.550556 0.579676 1.360895 0.466292 1.061207 1.000456 0.000000
 0.551667 0.579674 1.360895 0.466292 1.061209 1.000461 0.000000
 0.552778 0.579672 1.360895 0.466292 1.061211 1.000466 0.000000
 0.553889 0.579670 1.360895 0.466292 1.061213 1.000471 0.000000
 0.555000 0.579668 1.360895 0.466292 1.061215 1.000476 0.000000
 0.556111 0.579665 1.360895 0.466292 1.061217 1.000482 0.000000
 0.557222 0.579663 1.360895 0.466291 1.061219 1.000487 0.000000
 0.558333 0.579661 1.360895 0.466291 1.061221 1.000493 0.000000
 0.559444 0.579658 1.360895 0.466291 1.061223 1.000498 0.000000
 0.560556 0.579656 1.360895 0.466291 1.061225 1.000504 0.000000
 0.561667 0.579653 1.360895 0.466291 1.061228 1.000511 0.000000
 0.562778 0.579651 1.360895 0.466291 1.061230 1.000517 0.000000
 0.563889 0.579648 1.360895 0.466291 1.061232 1.000523 0.000000
 0.565000 0.579645 1.360895 0.466291 1.061235 1.000530 0.000000
 0.566111 0.579642 1.360895 0.466291 1.061238 1.000537 0.000000
 0.567222 0.579639 1.360895 0.466291 1.061240 1.000544 0.000000
 0.568333 0.579636 1.360895 0.466291 1.061243 1.000552 0.000000
 0.569444 0.579633 1.360895 0.466291 1.061246 1.000560 0.000000
 0.570556 0.579629 1.360895 0.466291 1.061249 1.000568 0.000000
 0.571667 0.579626 1.360895 0.466291 1.061253 1.000577 0.000000
 0.572778 0.579622 1.360895 0.466291 1.061256 1.000586 0.000000
 0.573889 0.579618 1.360895 0.466291 1.061260 1.000596 0.000000
 0.575000 0.579613 1.360895 0.466291 1.061264 1.000607 0.000000
 0.576111 0.579608 1.360895 0.466291 1.061268 1.000619 0.000000
 0.577222 0.579603 1.360895 0.466291 1.061273 1.000632 0.000000
 0.578333 0.579597 1.360895 0.466291 1.061279 1.000646 0.000000
 0.579444 0.579590 1.360895 0.466291 1.061285 1.000662 0.000000
 0.580556 0.579583 1.360895 0.466291 1.061292 1.000681 0.000000
 0.581667 0.579574 1.360895 0.466291 1.061300 1.000702 0.000000
 0.582778 0.579564 1.360895 0.466291 1.061309 1.000726 0.000000
 0.583889 0.579552 1.360895 0.466291 1.061320 1.000755 0.000000
 0.585000 0.579538 1.360895 0.466291 1.061333 1.000789 0.000000
 0.586111 0.579521 1.360895 0.466291 1.061348 1.000829 0.000000
 0.587222 0.579501 1.360895 0.466291 1.061366 1.000878 0.000000
 0.588333 0.579477 1.360895 0.466291 1.061388 1.000935 0.000000
 0.589444 0.579449 1.360895 0.466291 1.061414 1.001004 0.000000
 0.590556 0.579414 1.360895 0.466291 1.061446 1.001087 0.000000
 0.591667 0.579373 1.360895 0.466291 1.061484 1.001188 0.000000
 0.592778 0.579323 1.360895 0.466291 1.061529 1.001308 0.000000
 0.593889 0.579263 1.360895 0.466291 1.061584 1.001454 0.000000
 0.595000 0.579191 1.360895 0.466291 1.061651 1.001628 0.000000
 0.596111 0.579104 1.360895 0.466291 1.061730 1.001838 0.000000
 0.597222 0.579001 1.360895 0.466291 1.061825 1.002088 0.000000
 0.598333 0.578877 1.360895 0.466291 1.061938 1.002388 0.000000
 0.599444 0.578730 1.360895 0.466291 1.062073 1.002744 0.000000
 0.600556 0.578556 1.360895 0.466290 1.062233 1.003168 0.000000
 0.601667 0.578349 1.360895 0.466290 1.062422 1.003668 0.000000
 0.602778 0.578106 1.360895 0.466290 1.062646 1.004259 0.000000
 0.603889 0.577821 1.360895 0.466290 1.062908 1.004953 0.000000
 0.605000 0.577488 1.360895 0.466290 1.063215 1.005766 0.000000
 0.606111 0.577099 1.360895 0.466290 1.063572 1.006714 0.000000
 0.607222 0.576648 1.360895 0.466290 1.063988 1.007816 0.000000
 0.608333 0.576127 1.360895 0.466290 1.064469 1.009092 0.000000
 0.609444 0.575527 1.360895 0.466290 1.065024 1.010564 0.000000
 0.610556 0.574840 1.360895 0.466290 1.065660 1.012257 0.000000
 0.611667 0.574055 1.360895 0.466290 1.066388 1.014195 0.000000
 0.612778 0.573163 1.360895 0.466290 1.067218 1.016406 0.000000
 0.613889 0.572152 1.360895 0.466290 1.068160 1.018920 0.000000
 0.615000 0.571013 1.360895 0.466290 1.069225 1.021767 0.000000
 0.616111 0.569734 1.360895 0.466290 1.070425 1.024980 0.000000
 0.617222 0.568303 1.360895 0.466290 1.071771 1.028594 0.000000
 0.618333 0.566711 1.360895 0.466290 1.073276 1.032643 0.000000
 0.619444 0.564945 1.360895 0.466290 1.074952 1.037165 0.000000
 0.620556 0.562995 1.360895 0.466290 1.076812 1.042198 0.000000
 0.621667 0.560851 1.360894 0.466290 1.078868 1.047780 0.000000
 0.622778 0.558503 1.360894 0.466290 1.081134 1.053951 0.000000
 0.623889 0.555943 1.360894 0.466290 1.083620 1.060752 0.000000
 0.625000 0.553163 1.360894 0.466290 1.086339 1.068222 0.000000
 0.626111 0.550157 1.360894 0.466290 1.089303 1.076402 0.000000
 0.627222 0.546920 1.360894 0.466290 1.092521 1.085331 0.000000
 0.628333 0.543449 1.360894 0.466290 1.096005 1.095048 0.000000
 0.629444 0.539743 1.360894 0.466290 1.099762 1.105591 0.000000
 0.630556 0.535801 1.360894 0.466290 1.103800 1.116995 0.000000
 0.631667 0.531626 1.360894 0.466290 1.108126 1.129296 0.000000
 0.632778 0.527222 1.360894 0.466290 1.112744 1.142523 0.000000
 0.633889 0.522597 1.360894 0.466290 1.117657 1.156704 0.000000
 0.635000 0.517759 1.360894 0.466290 1.122867 1.171865 0.000000
 0.636111 0.512718 1.360894 0.466290 1.128373 1.188025 0.000000
 0.637222 0.507489 1.360894 0.466290 1.134172 1.205200 0.000000
 0.638333 0.502085 1.360894 0.466290 1.140258 1.223397 0.000000
 0.639444 0.496525 1.360894 0.466290 1.146625 1.242620 0.000000
 0.640556 0.490826 1.360894 0.466290 1.153262 1.262865 0.000000
 0.641667 0.485010 1.360894 0.466290 1.160157 1.284119 0.000000
 0.642778 0.479097 1.360894 0.466290 1.167294 1.306361 0.000000
 0.643889 0.473110 1.360894 0.466290 1.174656 1.329561 0.000000
 0.645000 0.467074 1.360894 0.466290 1.182222 1.353680 0.000000
 0.646111 0.461011 1.360894 0.466290 1.189970 1.378668 0.000000
 0.647222 0.454947 1.360894 0.466290 1.197875 1.404463 0.000000
 0.648333 0.448906 1.360894 0.466289 1.205908 1.430996 0.000000
 0.649444 0.442911 1.360894 0.466289 1.214042 1.458185 0.000000
 0.650556 0.436986 1.360894 0.466289 1.222244 1.485938 0.000000
 0.651667 0.431154 1.360894 0.466289 1.230482 1.514152 0.000000
 0.652778 0.425437 1.360894 0.466289 1.238724 1.542719 0.000000
 0.653889 0.419853 1.360894 0.466289 1.246934 1.571520 0.000000
 0.655000 0.414421 1.360894 0.466289 1.255078 1.600430 0.000000
 0.656111 0.409159 1.360894 0.466289 1.263123 1.629319 0.000000
 0.657222 0.404081 1.360894 0.466289 1.271035 1.658057 0.000000
 0.658333 0.399200 1.360894 0.466289 1.278782 1.686509 0.000000
 0.659444 0.394527 1.360894 0.466289 1.286333 1.714544 0.000000
 0.660556 0.390070 1.360894 0.466289 1.293661 1.742033 0.000000
 0.661667 0.385836 1.360894 0.466289 1.300740 1.768854 0.000000
 0.662778 0.381829 1.360894 0.466289 1.307546 1.794891 0.000000
 0.663889 0.378053 1.360894 0.466289 1.314060 1.820041 0.000000
 0.665000 0.374508 1.360894 0.466289 1.320265 1.844209 0.000000
 0.666111 0.371192 1.360894 0.466289 1.326149 1.867314 0.000000
 0.667222 0.368103 1.360894 0.466289 1.331702 1.889289 0.000000
 0.668333 0.365236 1.360894 0.466289 1.336918 1.910082 0.000000
 0.669444 0.362586 1.360893 0.466289 1.341795 1.929655 0.000000
 0.670556 0.360146 1.360893 0.466289 1.346333 1.947985 0.000000
 0.671667 0.357907 1.360893 0.466289 1.350537 1.965065 0.000000
 0.672778 0.355861 1.360893 0.466289 1.354413 1.980897 0.000000
 0.673889 0.353999 1.360893 0.466289 1.357971 1.995501 0.000000
 0.675000 0.352311 1.360893 0.466289 1.361221 2.008904 0.000000
 0.676111 0.350785 1.360893 0.466289 1.364178 2.021145 0.000000
 0.677222 0.349412 1.360893 0.466289 1.366855 2.032271 0.000000
 0.678333 0.348182 1.360893 0.466289 1.369269 2.042335 0.000000
 0.679444 0.347083 1.360893 0.466289 1.371435 2.051395 0.000000
 0.680556 0.346105 1.360893 0.466289 1.373371 2.059513 0.000000
 0.681667 0.345238 1.360893 0.466289 1.375094 2.066755 0.000000
 0.682778 0.344473 1.360893 0.466289 1.376620 2.073186 0.000000
 0.683889 0.343800 1.360893 0.466289 1.377967 2.078872 0.000000
 0.685000 0.343210 1.360893 0.466289 1.379151 2.083876 0.000000
 0.686111 0.342695 1.360893 0.466289 1.380187 2.088262 0.000000
 0.687222 0.342247 1.360893 0.466289 1.381090 2.092089 0.000000
 0.688333 0.341858 1.360893 0.466289 1.381874 2.095415 0.000000
 0.689444 0.341523 1.360893 0.466289 1.382551 2.098294 0.000000
 0.690556 0.341235 1.360893 0.466289 1.383135 2.100775 0.000000
 0.691667 0.340988 1.360893 0.466289 1.383636 2.102905 0.000000
 0.692778 0.340778 1.360893 0.466289 1.384063 2.104726 0.000000
 0.693889 0.340598 1.360893 0.466289 1.384428 2.106277 0.000000
 0.695000 0.340446 1.360893 0.466289 1.384736 2.107593 0.000000
 0.696111 0.340318 1.360893 0.466289 1.384997 2.108705 0.000000
 0.697222 0.340210 1.360893 0.466289 1.385217 2.109641 0.000000
 0.698333 0.340120 1.360893 0.466289 1.385401 2.110425 0.000000
 0.699444 0.340044 1.360893 0.466289 1.385554 2.111081 0.000000
 0.700556 0.339982 1.360893 0.466289 1.385682 2.111627 0.000000
 0.701667 0.339930 1.360893 0.466289 1.385788 2.112079 0.000000
 0.702778 0.339887 1.360893 0.466289 1.385876 2.112453 0.000000
 0.703889 0.339851 1.360892 0.466289 1.385948 2.112761 0.000000
 0.705000 0.339822 1.360892 0.466289 1.386007 2.113013 0.000000
 0.706111 0.339799 1.360892 0.466288 1.386055 2.113219 0.000000
 0.707222 0.339779 1.360892 0.466288 1.386095 2.113387 0.000000
 0.708333 0.339764 1.360892 0.466288 1.386127 2.113523 0.000000
 0.709444 0.339751 1.360892 0.466288 1.386152 2.113633 0.000000
 0.710556 0.339741 1.360892 0.466288 1.386173 2.113722 0.000000
 0.711667 0.339733 1.360892 0.466288 1.386190 2.113793 0.000000
 0.712778 0.339726 1.360892 0.466288 1.386203 2.113851 0.000000
 0.713889 0.339721 1.360892 0.466288 1.386214 2.113896 0.000000
 0.715000 0.339717 1.360892 0.466288 1.386222 2.113933 0.000000
 0.716111 0.339713 1.360892 0.466288 1.386229 2.113961 0.000000
 0.717222 0.339711 1.360892 0.466288 1.386235 2.113984 0.000000
 0.718333 0.339709 1.360892 0.466288 1.386239 2.114002 0.000000
 0.719444 0.339707 1.360892 0.466288 1.386242 2.114017 0.000000
 0.720556 0.339706 1.360892 0.466288 1.386245 2.114028 0.000000
 0.721667 0.339705 1.360892 0.466288 1.386247 2.114037 0.000000
 0.722778 0.339704 1.360892 0.466288 1.386248 2.114044 0.000000
 0.723889 0.339703 1.360892 0.466288 1.386250 2.114049 0.000000
 0.725000 0.339703 1.360892 0.466288 1.386251 2.114054 0.000000
 0.726111 0.339702 1.360892 0.466288 1.386252 2.114057 0.000000
 0.727222 0.339702 1.360892 0.466288 1.386252 2.114060 0.000000
 0.728333 0.339702 1.360892 0.466288 1.386253 2.114062 0.000000
 0.729444 0.339701 1.360892 0.466288 1.386253 2.114064 0.000000
 0.730556 0.339701 1.360891 0.466288 1.386253 2.114065 0.000000
 0.731667 0.339701 1.360891 0.466288 1.386254 2.114067 0.000000
 0.732778 0.339701 1.360891 0.466288 1.386254 2.114068 0.000000
 0.733889 0.339701 1.360891 0.466288 1.386254 2.114069 0.000000
 0.735000 0.339701 1.360891 0.466288 1.386254 2.114069 0.000000
 0.736111 0.339701 1.360891 0.466288 1.386254 2.114070 0.000000
 0.737222 0.339700 1.360891 0.466288 1.386255 2.114071 0.000000
 0.738333 0.339700 1.360891 0.466288 1.386255 2.114071 0.000000
 0.739444 0.339700 1.360891 0.466288 1.386255 2.114072 0.000000
 0.740556 0.339700 1.360891 0.466288 1.386255 2.114072 0.000000
 0.741667 0.339700 1.360891 0.466288 1.386255 2.114073 0.000000
 0.742778 0.339700 1.360891 0.466288 1.386255 2.114073 0.000000
 0.743889 0.339700 1.360891 0.466288 1.386255 2.114074 0.000000
 0.745000 0.339700 1.360891 0.466288 1.386255 2.114074 0.000000
 0.746111 0.339700 1.360891 0.466288 1.386255 2.114074 0.000000
 0.747222 0.339700 1.360891 0.466288 1.386255 2.114075 0.000000
 0.748333 0.339700 1.360891 0.466288 1.386256 2.114075 0.000000
 0.749444 0.339700 1.360891 0.466288 1.386256 2.114075 0.000000
 0.750556 0.339700 1.360891 0.466288 1.386256 2.114076 0.000000
 0.751667 0.339700 1.360891 0.466288 1.386256 2.114076 0.000000
 0.752778 0.339700 1.360890 0.466287 1.386256 2.114076 0.000000
 0.753889 0.339700 1.360890 0.466287 1.386256 2.114077 0.000000
 0.755000 0.339700 1.360890 0.466287 1.386256 2.114077 0.000000
 0.756111 0.339699 1.360890 0.466287 1.386256 2.114077 0.000000
 0.757222 0.339699 1.360890 0.466287 1.386256 2.114077 0.000000
 0.758333 0.339699 1.360890 0.466287 1.386256 2.114078 0.000000
 0.759444 0.339699 1.360890 0.466287 1.386256 2.114078 0.000000
 0.760556 0.339699 1.360890 0.466287 1.386256 2.114078 0.000000
 0.761667 0.339699 1.360890 0.466287 1.386256 2.114078 0.000000
 0.762778 0.339699 1.360890 0.466287 1.386256 2.114079 0.000000
 0.763889 0.339699 1.360890 0.466287 1.386256 2.114079 0.000000
 0.765000 0.339699 1.360890 0.466287 1.386256 2.114079 0.000000
 0.766111 0.339699 1.360890 0.466287 1.386256 2.114079 0.000000
 0.767222 0.339699 1.360890 0.466287 1.386256 2.114079 0.000000
 0.768333 0.339699 1.360890 0.466287 1.386256 2.114080 0.000000
 0.769444 0.339699 1.360890 0.466287 1.386256 2.114080 0.000000
 0.770556 0.339699 1.360890 0.466287 1.386256 2.114080 0.000000
 0.771667 0.339699 1.360889 0.466287 1.386256 2.114080 0.000000
 0.772778 0.339699 1.360889 0.466287 1.386256 2.114080 0.000000
 0.773889 0.339699 1.360889 0.466287 1.386257 2.114081 0.000000
 0.775000 0.339699 1.360889 0.466287 1.386257 2.114081 0.000000
 0.776111 0.339699 1.360889 0.466287 1.386257 2.114081 0.000000
 0.777222 0.339699 1.360889 0.466287 1.386257 2.114081 0.000000
 0.778333 0.339699 1.360889 0.466287 1.386257 2.114081 0.000000
 0.779444 0.339699 1.360889 0.466287 1.386257 2.114081 0.000000
 0.780556 0.339699 1.360889 0.466287 1.386257 2.114082 0.000000
 0.781667 0.339699 1.360889 0.466287 1.386257 2.114082 0.000000
 0.782778 0.339699 1.360889 0.466287 1.386257 2.114082 0.000000
 0.783889 0.339699 1.360889 0.466287 1.386257 2.114082 0.000000
 0.785000 0.339698 1.360889 0.466287 1.386257 2.114082 0.000000
 0.786111 0.339698 1.360889 0.466287 1.386257 2.114082 0.000000
 0.787222 0.339698 1.360889 0.466286 1.386257 2.114082 0.000000
 0.788333 0.339698 1.360888 0.466286 1.386257 2.114083 0.000000
 0.789444 0.339698 1.360888 0.466286 1.386257 2.114083 0.000000
 0.790556 0.339698 1.360888 0.466286 1.386257 2.114083 0.000000
 0.791667 0.339698 1.360888 0.466286 1.386257 2.114083 0.000000
 0.792778 0.339698 1.360888 0.466286 1.386257 2.114083 0.000000
 0.793889 0.339698 1.360888 0.466286 1.386257 2.114083 0.000000
 0.795000 0.339698 1.360888 0.466286 1.386257 2.114083 0.000000
 0.796111 0.339698 1.360888 0.466286 1.386257 2.114083 0.000000
 0.797222 0.339698 1.360888 0.466286 1.386257 2.114083 0.000000
 0.798333 0.339698 1.360888 0.466286 1.386257 2.114084 0.000000
 0.799444 0.339698 1.360888 0.466286 1.386257 2.114084 0.000000
 0.800556 0.339698 1.360888 0.466286 1.386257 2.114084 0.000000
 0.801667 0.339698 1.360888 0.466286 1.386257 2.114084 0.000000
 0.802778 0.339698 1.360887 0.466286 1.386257 2.114084 0.000000
 0.803889 0.339698 1.360887 0.466286 1.386257 2.114084 0.000000
 0.805000 0.339698 1.360887 0.466286 1.386257 2.114084 0.000000
 0.806111 0.339698 1.360887 0.466286 1.386257 2.114084 0.000000
 0.807222 0.339698 1.360887 0.466286 1.386257 2.114084 0.000000
 0.808333 0.339698 1.360887 0.466286 1.386257 2.114085 0.000000
 0.809444 0.339698 1.360887 0.466286 1.386257 2.114085 0.000000
 0.810556 0.339698 1.360887 0.466286 1.386257 2.114085 0.000000
 0.811667 0.339698 1.360887 0.466286 1.386257 2.114085 0.000000
 0.812778 0.339698 1.360887 0.466286 1.386257 2.114085 0.000000
 0.813889 0.339698 1.360887 0.466286 1.386257 2.114085 0.000000
 0.815000 0.339698 1.360886 0.466285 1.386257 2.114085 0.000000
 0.816111 0.339698 1.360886 0.466285 1.386257 2.114085 0.000000
 0.817222 0.339698 1.360886 0.466285 1.386257 2.114085 0.000000
 0.818333 0.339697 1.360886 0.466285 1.386257 2.114085 0.000000
 0.819444 0.339697 1.360886 0.466285 1.386257 2.114085 0.000000
 0.820556 0.339697 1.360886 0.466285 1.386257 2.114085 0.000000
 0.821667 0.339697 1.360886 0.466285 1.386257 2.114086 0.000000
 0.822778 0.339697 1.360886 0.466285 1.386257 2.114086 0.000000
 0.823889 0.339697 1.360886 0.466285 1.386257 2.114086 0.000000
 0.825000 0.339697 1.360885 0.466285 1.386257 2.114086 0.000000
 0.826111 0.339697 1.360885 0.466285 1.386257 2.114086 0.000000
 0.827222 0.339697 1.360885 0.466285 1.386257 2.114086 0.000000
 0.828333 0.339697 1.360885 0.466285 1.386257 2.114086 0.000000
 0.829444 0.339697 1.360885 0.466285 1.386257 2.114086 0.000000
 0.830556 0.339697 1.360884 0.466284 1.386257 2.114086 0.000000
 0.831667 0.339696 1.360882 0.466283 1.386256 2.114086 0.000000
 0.832778 0.339696 1.360879 0.466282 1.386256 2.114086 0.000000
 0.833889 0.339694 1.360872 0.466279 1.386254 2.114086 0.000000
 0.835000 0.339690 1.360858 0.466272 1.386252 2.114086 0.000000
 0.836111 0.339683 1.360827 0.466258 1.386245 2.114086 0.000000
 0.837222 0.339666 1.360760 0.466226 1.386232 2.114086 0.000000
 0.838333 0.339631 1.360615 0.466158 1.386203 2.114087 0.000000
 0.839444 0.339554 1.360300 0.466009 1.386140 2.114087 0.000000
 0.840556 0.339386 1.359616 0.465687 1.386003 2.114086 0.000000
 0.841667 0.339023 1.358132 0.464990 1.385706 2.114085 0.000000
 0.842778 0.338238 1.354916 0.463481 1.385062 2.114080 0.000000
 0.843889 0.336545 1.347957 0.460233 1.383665 2.114055 0.000000
 0.845000 0.332930 1.332961 0.453302 1.380642 2.113940 0.000000
 0.846111 0.325349 1.300918 0.438805 1.374122 2.113407 0.000000
 0.847222 0.310063 1.233744 0.409751 1.360189 2.111011 0.000000
 0.848333 0.281661 1.098844 0.356466 1.331097 2.100880 0.000000
 0.849444 0.236805 0.853523 0.274699 1.274375 2.064003 0.000000
 0.850556 0.184186 0.498846 0.184584 1.184494 1.971676 0.000000
 0.851667 0.145569 0.180712 0.125934 1.100526 1.870012 0.000000
 0.852778 0.129771 0.041046 0.105512 1.066906 1.840153 0.000000
 0.853889 0.125894 0.007596 0.101007 1.059833 1.837996 0.000000
 0.855000 0.125158 0.001341 0.100177 1.058569 1.837920 0.000000
 0.856111 0.125028 0.000235 0.100031 1.058347 1.837917 0.000000
 0.857222 0.125005 0.000041 0.100005 1.058309 1.837917 0.000000
 0.858333 0.125001 0.000007 0.100001 1.058302 1.837917 0.000000
 0.859444 0.125000 0.000001 0.100000 1.058301 1.837917 0.000000
 0.860556 0.125000 0.000000 0.100000 1.058301 1.837917 0.000000
 0.861667 0.125000 0.000000 0.100000 1.058301 1.837917 0.000000
 0.862778 0.125000 0.000000 0.100000 1.058301 1.837917 0.000000
 0.863889 0.125000 0.000000 0.100000 1.058301 1.837917 0.000000
 0.865000 0.125000 0.000000 0.100000 1.058301 1.837917 0.000000
 0.866111 0.125000 0.000000 0.100000 1.058301 1.837917 0.000000
 0.867222 0.125000 0.000000 0.100000 1.058301 1.837917 0.000000
 0.868333 0.125000 0.000000 0.100000 1.058301 1.837917 0.000000
 0.869444 0.125000 0.000000 0.100000 1.058301 1.837917 0.000000
 0.870556 0.125000 0.000000 0.100000 1.058301 1.837917 0.000000
 0.871667 0.125000 0.000000 0.100000 1.058301 1.837917 0.000000
 0.872778 0.125000 0.000000 0.100000 1.058301 1.837917 0.000000
 0.873889 0.125000 0.000000 0.100000 1.058301 1.837917 0.000000
 0.875000 0.125000 0.000000 0.100000 1.058301 1.837917 0.000000
 0.876111 0.125000 0.000000 0.100000 1.058301 1.837917 0.000000
 0.877222 0.125000 0.000000 0.100000 1.058301 1.837917 0.000000
 0.878333 0.125000 0.000000 0.100000 1.058301 1.837917 0.000000
 0.879444 0.125000 0.000000 0.100000 1.058301 1.837917 0.000000
 0.880556 0.125000 0.000000 0.100000 1.058301 1.837917 0.000000
 0.881667 0.125000 0.000000 0.100000 1.058301 1.837917 0.000000
 0.882778 0.125000 0.000000 0.100000 1.058301 1.837917 0.000000
 0.883889 0.125000 0.000000 0.100000 1.058301 1.837917 0.000000
 0.885000 0.125000 0.000000 0.100000 1.058301 1.837917 0.000000
 0.886111 0.125000 0.000000 0.100000 1.058301 1.837917 0.000000
 0.887222 0.125000 0.000000 0.100000 1.058301 1.837917 0.000000
 0.888333 0.125000 0.000000 0.100000 1.058301 1.837917 0.000000
 0.889444 0.125000 0.000000 0.100000 1.058301 1.837917 0.000000
 0.890556 0.125000 0.000000 0.100000 1.058301 1.837917 0.000000
 0.891667 0.125000 0.000000 0.100000 1.058301 1.837917 0.000000
 0.892778 0.125000 0.000000 0.100000 1.058301 1.837917 0.000000
 0.893889 0.125000 0.000000 0.100000 1.058301 1.837917 0.000000
 0.895000 0.125000 0.000000 0.100000 1.058301 1.837917 0.000000
 0.896111 0.125000 0.000000 0.100000 1.058301 1.837917 0.000000
 0.897222 0.125000 0.000000 0.100000 1.058301 1.837917 0.000000
 0.898333 0.125000 0.000000 0.100000 1.058301 1.837917 0.000000
 0.899444 0.125000 0.000000 0.100000 1.058301 1.837917 0.000000
 0.900556 0.125000 0.000000 0.100000 1.058301 1.837917 0.000000
 0.901667 0.125000 0.000000 0.100000 1.058301 1.837917 0.000000
 0.902778 0.125000 0.000000 0.100000 1.058301 1.837917 0.000000
 0.903889 0.125000 0.000000 0.100000 1.058301 1.837917 0.000000
 0.905000 0.125000 0.000000 0.100000 1.058301 1.837917 0.000000
 0.906111 0.125000 0.000000 0.100000 1.058301 1.837917 0.000000
 0.907222 0.125000 0.000000 0.100000 1.058301 1.837917 0.000000
 0.908333 0.125000 0.000000 0.100000 1.058301 1.837917 0.000000
 0.909444 0.125000 0.000000 0.100000 1.058301 1.837917 0.000000
 0.910556 0.125000 0.000000 0.100000 1.058301 1.837917 0.000000
 0.911667 0.125000 0.000000 0.100000 1.058301 1.837917 0.000000
 0.912778 0.125000 0.000000 0.100000 1.058301 1.837917 0.000000
 0.913889 0.125000 0.000000 0.100000 1.058301 1.837917 0.000000
 0.915000 0.125000 0.000000 0.100000 1.058301 1.837917 0.000000
 0.916111 0.125000 0.000000 0.100000 1.058301 1.837917 0.000000
 0.917222 0.125000 0.000000 0.100000 1.058301 1.837917 0.000000
 0.918333 0.125000 0.000000 0.100000 1.058301 1.837917 0.000000
 0.919444 0.125000 0.000000 0.100000 1.058301 1.837917 0.000000
 0.920556 0.125000 0.000000 0.100000 1.058301 1.837917 0.000000
 0.921667 0.125000 0.000000 0.100000 1.058301 1.837917 0.000000
 0.922778 0.125000 0.000000 0.100000 1.058301 1.837917 0.000000
 0.923889 0.125000 0.000000 0.100000 1.058301 1.837917 0.000000
 0.925000 0.125000 0.000000 0.100000 1.058301 1.837917 0.000000
 0.926111 0.125000 0.000000 0.100000 1.058301 1.837917 0.000000
 0.927222 0.125000 0.000000 0.100000 1.058301 1.837917 0.000000
 0.928333 0.125000 0.000000 0.100000 1.058301 1.837917 0.000000
 0.929444 0.125000 0.000000 0.100000 1.058301 1.837917 0.000000
 0.930556 0.125000 0.000000 0.100000 1.058301 1.837917 0.000000
 0.931667 0.125000 0.000000 0.100000 1.058301 1.837917 0.000000
 0.932778 0.125000 0.000000 0.100000 1.058301 1.837917 0.000000
 0.933889 0.125000 0.000000 0.100000 1.058301 1.837917 0.000000
 0.935000 0.125000 0.000000 0.100000 1.058301 1.837917 0.000000
 0.936111 0.125000 0.000000 0.100000 1.058301 1.837917 0.000000
 0.937222 0.125000 0.000000 0.100000 1.058301 1.837917 0.000000
 0.938333 0.125000 0.000000 0.100000 1.058301 1.837917 0.000000
 0.939444 0.125000 0.000000 0.100000 1.058301 1.837917 0.000000
 0.940556 0.125000 0.000000 0.100000 1.058301 1.837917 0.000000
 0.941667 0.125000 0.000000 0.100000 1.058301 1.837917 0.000000
 0.942778 0.125000 0.000000 0.100000 1.058301 1.837917 0.000000
 0.943889 0.125000 0.000000 0.100000 1.058301 1.837917 0.000000
 0.945000 0.125000 0.000000 0.100000 1.058301 1.837917 0.000000
 0.946111 0.125000 0.000000 0.100000 1.058301 1.837917 0.000000
 0.947222 0.125000 0.000000 0.100000 1.058301 1.837917 0.000000
 0.948333 0.125000 0.000000 0.100000 1.058301 1.837917 0.000000
 0.949444 0.125000 0.000000 0.100000 1.058301 1.837917 0.000000
 0.950556 0.125000 0.000000 0.100000 1.058301 1.837917 0.000000
 0.951667 0.125000 0.000000 0.100000 1.058301 1.837917 0.000000
 0.952778 0.125000 0.000000 0.100000 1.058301 1.837917 0.000000
 0.953889 0.125000 0.000000 0.100000 1.058301 1.837917 0.000000
 0.955000 0.125000 0.000000 0.100000 1.058301 1.837917 0.000000
 0.956111 0.125000 0.000000 0.100000 1.058301 1.837917 0.000000
 0.957222 0.125000 0.000000 0.100000 1.058301 1.837917 0.000000
 0.958333 0.125000 0.000000 0.100000 1.058301 1.837917 0.000000
 0.959444 0.125000 0.000000 0.100000 1.058301 1.837917 0.000000
 0.960556 0.125000 0.000000 0.100000 1.058301 1.837917 0.000000
 0.961667 0.125000 0.000000 0.100000 1.058301 1.837917 0.000000
 0.962778 0.125000 0.000000 0.100000 1.058301 1.837917 0.000000
 0.963889 0.125000 0.000000 0.100000 1.058301 1.837917 0.000000
 0.965000 0.125000 0.000000 0.100000 1.058301 1.837917 0.000000
 0.966111 0.125000 0.000000 0.100000 1.058301 1.837917 0.000000
 0.967222 0.125000 0.000000 0.100000 1.058301 1.837917 0.000000
 0.968333 0.125000 0.000000 0.100000 1.058301 1.837917 0.000000
 0.969444 0.125000 0.000000 0.100000 1.058301 1.837917 0.000000
 0.970556 0.125000 0.000000 0.100000 1.058301 1.837917 0.000000
 0.971667 0.125000 0.000000 0.100000 1.058301 1.837917 0.000000
 0.972778 0.125000 0.000000 0.100000 1.058301 1.837917 0.000000
 0.973889 0.125000 0.000000 0.100000 1.058301 1.837917 0.000000
 0.975000 0.125000 0.000000 0.100000 1.058301 1.837917 0.000000
 0.976111 0.125000 0.000000 0.100000 1.058301 1.837917 0.000000
 0.977222 0.125000 0.000000 0.100000 1.058301 1.837917 0.000000
 0.978333 0.125000 0.000000 0.100000 1.058301 1.837917 0.000000
 0.979444 0.125000 0.000000 0.100000 1.058301 1.837917 0.000000
 0.980556 0.125000 0.000000 0.100000 1.058301 1.837917 0.000000
 0.981667 0.125000 0.000000 0.100000 1.058301 1.837917 0.000000
 0.982778 0.125000 0.000000 0.100000 1.058301 1.837917 0.000000
 0.983889 0.125000 0.000000 0.100000 1.058301 1.837917 0.000000
 0.985000 0.125000 0.000000 0.100000 1.058301 1.837917 0.000000
 0.986111 0.125000 0.000000 0.100000 1.058301 1.837917 0.000000
 0.987222 0.125000 0.000000 0.100000 1.058301 1.837917 0.000000
 0.988333 0.125000 0.000000 0.100000 1.058301 1.837917 0.000000
 0.989444 0.125000 0.000000 0.100000 1.058301 1.837917 0.000000
 0.990556 0.125000 0.000000 0.100000 1.058301 1.837917 0.000000
 0.991667 0.125000 0.000000 0.100000 1.058301 1.837917 0.000000
 0.992778 0.125000 0.000000 0.100000 1.058301 1.837917 0.000000
 0.993889 0.125000 0.000000 0.100000 1.058301 1.837917 0.000000
 0.995000 0.125000 0.000000 0.100000 1.058301 1.837917 0.000000
 0.996111 0.125000 0.000000 0.100000 1.058301 1.837917 0.000000
 0.997222 0.125000 0.000000 0.100000 1.058301 1.837917 0.000000
 0.998333 0.125000 0.000000 0.100000 1.058301 1.837917 0.000000
 0.999444 0.125000 0.000000 0.100000 1.058301 1.837917 0.000000
