Timer: 0.239961
 0.000556 1.000000 0.750000 1.000000 1.183216 1.000000 0.000000
 0.001667 1.000000 0.750000 1.000000 1.183216 1.000000 0.000000
 0.002778 1.000000 0.750000 1.000000 1.183216 1.000000 0.000000
 0.003889 1.000000 0.750000 1.000000 1.183216 1.000000 0.000000
 0.005000 1.000000 0.750000 1.000000 1.183216 1.000000 0.000000
 0.006111 1.000000 0.750000 1.000000 1.183216 1.000000 0.000000
 0.007222 1.000000 0.750000 1.000000 1.183216 1.000000 0.000000
 0.008333 1.000000 0.750000 1.000000 1.183216 1.000000 0.000000
 0.009444 1.000000 0.750000 1.000000 1.183216 1.000000 0.000000
 0.010556 1.000000 0.750000 1.000000 1.183216 1.000000 0.000000
 0.011667 1.000000 0.750000 1.000000 1.183216 1.000000 0.000000
 0.012778 1.000000 0.750000 1.000000 1.183216 1.000000 0.000000
 0.013889 1.000000 0.750000 1.000000 1.183216 1.000000 0.000000
 0.015000 1.000000 0.750000 1.000000 1.183216 1.000000 0.000000
 0.016111 1.000000 0.750000 1.000000 1.183216 1.000000 0.000000
 0.017222 1.000000 0.750000 1.000000 1.183216 1.000000 0.000000
 0.018333 1.000000 0.750000 1.000000 1.183216 1.000000 0.000000
 0.019444 1.000000 0.750000 1.000000 1.183216 1.000000 0.000000
 0.020556 1.000000 0.750000 1.000000 1.183216 1.000000 0.000000
 0.021667 1.000000 0.750000 1.000000 1.183216 1.000000 0.000000
 0.022778 1.000000 0.750000 1.000000 1.183216 1.000000 0.000000
 0.023889 1.000000 0.750000 1.000000 1.183216 1.000000 0.000000
 0.025000 1.000000 0.750000 1.000000 1.183216 1.000000 0.000000
 0.026111 1.000000 0.750000 1.000000 1.183216 1.000000 0.000000
 0.027222 1.000000 0.750000 1.000000 1.183216 1.000000 0.000000
 0.028333 1.000000 0.750000 1.000000 1.183216 1.000000 0.000000
 0.029444 1.000000 0.750000 1.000000 1.183216 1.000000 0.000000
 0.030556 1.000000 0.750000 1.000000 1.183216 1.000000 0.000000
 0.031667 1.000000 0.750000 1.000000 1.183216 1.000000 0.000000
 0.032778 1.000000 0.750000 1.000000 1.183216 1.000000 0.000000
 0.033889 1.000000 0.750000 1.000000 1.183216 1.000000 0.000000
 0.035000 1.000000 0.750000 1.000000 1.183216 1.000000 0.000000
 0.036111 1.000000 0.750000 1.000000 1.183216 1.000000 0.000000
 0.037222 1.000000 0.750000 1.000000 1.183216 1.000000 0.000000
 0.038333 1.000000 0.750000 1.000000 1.183216 1.000000 0.000000
 0.039444 1.000000 0.750000 1.000000 1.183216 1.000000 0.000000
 0.040556 1.000000 0.750000 1.000000 1.183216 1.000000 0.000000
 0.041667 1.000000 0.750000 1.000000 1.183216 1.000000 0.000000
 0.042778 1.000000 0.750000 1.000000 1.183216 1.000000 0.000000
 0.043889 1.000000 0.750000 1.000000 1.183216 1.000000 0.000000
 0.045000 1.000000 0.750000 1.000000 1.183216 1.000000 0.000000
 0.046111 1.000000 0.750000 1.000000 1.183216 1.000000 0.000000
 0.047222 1.000000 0.750000 1.000000 1.183216 1.000000 0.000000
 0.048333 1.000000 0.750000 1.000000 1.183216 1.000000 0.000000
 0.049444 1.000000 0.750000 1.000000 1.183216 1.000000 0.000000
 0.050556 1.000000 0.750000 1.000000 1.183216 1.000000 0.000000
 0.051667 1.000000 0.750000 1.000000 1.183216 1.000000 0.000000
 0.052778 1.000000 0.750000 1.000000 1.183216 1.000000 0.000000
 0.053889 1.000000 0.750000 1.000000 1.183216 1.000000 0.000000
 0.055000 1.000000 0.750000 1.000000 1.183216 1.000000 0.000000
 0.056111 1.000000 0.750000 1.000000 1.183216 1.000000 0.000000
 0.057222 1.000000 0.750000 1.000000 1.183216 1.000000 0.000000
 0.058333 1.000000 0.750000 1.000000 1.183216 1.000000 0.000000
 0.059444 1.000000 0.750000 1.000000 1.183216 1.000000 0.000000
 0.060556 1.000000 0.750000 1.000000 1.183216 1.000000 0.000000
 0.061667 1.000000 0.750000 1.000000 1.183216 1.000000 0.000000
 0.062778 1.000000 0.750000 1.000000 1.183216 1.000000 0.000000
 0.063889 1.000000 0.750000 1.000000 1.183216 1.000000 0.000000
 0.065000 1.000000 0.750000 1.000000 1.183216 1.000000 0.000000
 0.066111 1.000000 0.750000 1.000000 1.183216 1.000000 0.000000
 0.067222 1.000000 0.750000 1.000000 1.183216 1.000000 0.000000
 0.068333 1.000000 0.750000 1.000000 1.183216 1.000000 0.000000
 0.069444 1.000000 0.750000 1.000000 1.183216 1.000000 0.000000
 0.070556 1.000000 0.750000 1.000000 1.183216 1.000000 0.000000
 0.071667 1.000000 0.750000 1.000000 1.183216 1.000000 0.000000
 0.072778 1.000000 0.750000 1.000000 1.183216 1.000000 0.000000
 0.073889 1.000000 0.750000 1.000000 1.183216 1.000000 0.000000
 0.075000 1.000000 0.750000 1.000000 1.183216 1.000000 0.000000
 0.076111 1.000000 0.750000 1.000000 1.183216 1.000000 0.000000
 0.077222 1.000000 0.750000 1.000000 1.183216 1.000000 0.000000
 0.078333 1.000000 0.750000 1.000000 1.183216 1.000000 0.000000
 0.079444 1.000000 0.750000 1.000000 1.183216 1.000000 0.000000
 0.080556 1.000000 0.750000 1.000000 1.183216 1.000000 0.000000
 0.081667 1.000000 0.750000 1.000000 1.183216 1.000000 0.000000
 0.082778 1.000000 0.750000 1.000000 1.183216 1.000000 0.000000
 0.083889 1.000000 0.750000 1.000000 1.183216 1.000000 0.000000
 0.085000 1.000000 0.750000 1.000000 1.183216 1.000000 0.000000
 0.086111 1.000000 0.750000 1.000000 1.183216 1.000000 0.000000
 0.087222 1.000000 0.750000 1.000000 1.183216 1.000000 0.000000
 0.088333 1.000000 0.750000 1.000000 1.183216 1.000000 0.000000
 0.089444 1.000000 0.750000 1.000000 1.183216 1.000000 0.000000
 0.090556 1.000000 0.750000 1.000000 1.183216 1.000000 0.000000
 0.091667 1.000000 0.750000 1.000000 1.183216 1.000000 0.000000
 0.092778 1.000000 0.750000 1.000000 1.183216 1.000000 0.000000
 0.093889 1.000000 0.750000 1.000000 1.183216 1.000000 0.000000
 0.095000 1.000000 0.750000 1.000000 1.183216 1.000000 0.000000
 0.096111 1.000000 0.750000 1.000000 1.183216 1.000000 0.000000
 0.097222 1.000000 0.750000 1.000000 1.183216 1.000000 0.000000
 0.098333 1.000000 0.750000 1.000000 1.183216 1.000000 0.000000
 0.099444 1.000000 0.750000 1.000000 1.183216 1.000000 0.000000
 0.100556 1.000000 0.750000 1.000000 1.183216 1.000000 0.000000
 0.101667 1.000000 0.750000 1.000000 1.183216 1.000000 0.000000
 0.102778 1.000000 0.750000 1.000000 1.183216 1.000000 0.000000
 0.103889 1.000000 0.750000 1.000000 1.183216 1.000000 0.000000
 0.105000 1.000000 0.750000 1.000000 1.183216 1.000000 0.000000
 0.106111 1.000000 0.750000 1.000000 1.183216 1.000000 0.000000
 0.107222 1.000000 0.750000 1.000000 1.183216 1.000000 0.000000
 0.108333 1.000000 0.750000 1.000000 1.183216 1.000000 0.000000
 0.109444 1.000000 0.750000 1.000000 1.183216 1.000000 0.000000
 0.110556 1.000000 0.750000 1.000000 1.183216 1.000000 0.000000
 0.111667 1.000000 0.750000 1.000000 1.183216 1.000000 0.000000
 0.112778 1.000000 0.750000 1.000000 1.183216 1.000000 0.000000
 0.113889 1.000000 0.750000 1.000000 1.183216 1.000000 0.000000
 0.115000 1.000000 0.750000 1.000000 1.183216 1.000000 0.000000
 0.116111 1.000000 0.750000 1.000000 1.183216 1.000000 0.000000
 0.117222 1.000000 0.750000 1.000000 1.183216 1.000000 0.000000
 0.118333 1.000000 0.750000 1.000000 1.183216 1.000000 0.000000
 0.119444 1.000000 0.750000 1.000000 1.183216 1.000000 0.000000
 0.120556 1.000000 0.750000 1.000000 1.183216 1.000000 0.000000
 0.121667 1.000000 0.750000 1.000000 1.183216 1.000000 0.000000
 0.122778 1.000000 0.750000 1.000000 1.183216 1.000000 0.000000
 0.123889 1.000000 0.750000 1.000000 1.183216 1.000000 0.000000
 0.125000 1.000000 0.750000 1.000000 1.183216 1.000000 0.000000
 0.126111 1.000000 0.750000 1.000000 1.183216 1.000000 0.000000
 0.127222 1.000000 0.750000 1.000000 1.183216 1.000000 0.000000
 0.128333 1.000000 0.750000 1.000000 1.183216 1.000000 0.000000
 0.129444 1.000000 0.750000 1.000000 1.183216 1.000000 0.000000
 0.130556 1.000000 0.750000 1.000000 1.183216 1.000000 0.000000
 0.131667 1.000000 0.750000 1.000000 1.183216 1.000000 0.000000
 0.132778 1.000000 0.750000 1.000000 1.183216 1.000000 0.000000
 0.133889 1.000000 0.750000 1.000000 1.183216 1.000000 0.000000
 0.135000 1.000000 0.750000 1.000000 1.183216 1.000000 0.000000
 0.136111 1.000000 0.750000 1.000000 1.183216 1.000000 0.000000
 0.137222 1.000000 0.750000 1.000000 1.183216 1.000000 0.000000
 0.138333 1.000000 0.750000 1.000000 1.183216 1.000000 0.000000
 0.139444 1.000000 0.750000 1.000000 1.183216 1.000000 0.000000
 0.140556 1.000000 0.750000 1.000000 1.183216 1.000000 0.000000
 0.141667 1.000000 0.750000 1.000000 1.183216 1.000000 0.000000
 0.142778 1.000000 0.750000 1.000000 1.183216 1.000000 0.000000
 0.143889 1.000000 0.750000 1.000000 1.183216 1.000000 0.000000
 0.145000 1.000000 0.750000 1.000000 1.183216 1.000000 0.000000
 0.146111 1.000000 0.750000 1.000000 1.183216 1.000000 0.000000
 0.147222 1.000000 0.750000 1.000000 1.183216 1.000000 0.000000
 0.148333 1.000000 0.750000 0.999999 1.183216 1.000000 0.000000
 0.149444 0.999999 0.750001 0.999999 1.183216 1.000000 0.000000
 0.150556 0.999999 0.750001 0.999999 1.183216 1.000000 0.000000
 0.151667 0.999999 0.750002 0.999998 1.183216 1.000000 0.000000
 0.152778 0.999998 0.750002 0.999997 1.183215 1.000000 0.000000
 0.153889 0.999997 0.750003 0.999996 1.183215 1.000000 0.000000
 0.155000 0.999996 0.750005 0.999994 1.183215 1.000000 0.000000
 0.156111 0.999994 0.750007 0.999991 1.183214 1.000000 0.000000
 0.157222 0.999991 0.750011 0.999988 1.183214 1.000000 0.000000
 0.158333 0.999987 0.750015 0.999982 1.183213 1.000000 0.000000
 0.159444 0.999982 0.750021 0.999975 1.183212 1.000000 0.000000
 0.160556 0.999975 0.750030 0.999965 1.183210 1.000000 0.000000
 0.161667 0.999965 0.750041 0.999951 1.183208 1.000000 0.000000
 0.162778 0.999952 0.750057 0.999932 1.183205 1.000000 0.000000
 0.163889 0.999934 0.750078 0.999908 1.183200 1.000000 0.000000
 0.165000 0.999911 0.750106 0.999875 1.183195 1.000000 0.000000
 0.166111 0.999880 0.750142 0.999832 1.183188 1.000000 0.000000
 0.167222 0.999840 0.750189 0.999776 1.183178 1.000000 0.000000
 0.168333 0.999789 0.750250 0.999704 1.183166 1.000000 0.000000
 0.169444 0.999723 0.750327 0.999613 1.183150 1.000000 0.000000
 0.170556 0.999641 0.750425 0.999497 1.183131 1.000000 0.000000
 0.171667 0.999538 0.750547 0.999353 1.183107 1.000000 0.000000
 0.172778 0.999410 0.750698 0.999174 1.183076 1.000000 0.000000
 0.173889 0.999253 0.750884 0.998955 1.183039 1.000000 0.000000
 0.175000 0.999063 0.751109 0.998689 1.182994 1.000000 0.000000
 0.176111 0.998835 0.751379 0.998369 1.182940 1.000000 0.000000
 0.177222 0.998563 0.751702 0.997988 1.182876 1.000000 0.000000
 0.178333 0.998241 0.752083 0.997539 1.182800 1.000000 0.000000
 0.179444 0.997865 0.752528 0.997013 1.182710 1.000000 0.000000
 0.180556 0.997430 0.753044 0.996404 1.182607 1.000000 0.000000
 0.181667 0.996929 0.753638 0.995704 1.182489 1.000000 0.000000
 0.182778 0.996359 0.754314 0.994907 1.182353 1.000000 0.000000
 0.183889 0.995715 0.755078 0.994007 1.182201 1.000000 0.000000
 0.185000 0.994994 0.755935 0.992999 1.182029 1.000001 0.000000
 0.186111 0.994192 0.756888 0.991879 1.181839 1.000001 0.000000
 0.187222 0.993307 0.757940 0.990643 1.181628 1.000001 0.000000
 0.188333 0.992337 0.759094 0.989290 1.181398 1.000001 0.000000
 0.189444 0.991282 0.760351 0.987817 1.181146 1.000002 0.000000
 0.190556 0.990140 0.761712 0.986225 1.180874 1.000002 0.000000
 0.191667 0.988913 0.763175 0.984515 1.180582 1.000002 0.000000
 0.192778 0.987602 0.764741 0.982689 1.180269 1.000003 0.000000
 0.193889 0.986209 0.766407 0.980748 1.179936 1.000003 0.000000
 0.195000 0.984735 0.768171 0.978698 1.179583 1.000004 0.000000
 0.196111 0.983183 0.770030 0.976540 1.179212 1.000004 0.000000
 0.197222 0.981558 0.771981 0.974281 1.178822 1.000005 0.000000
 0.198333 0.979862 0.774019 0.971925 1.178415 1.000005 0.000000
 0.199444 0.978098 0.776141 0.969478 1.177991 1.000006 0.000000
 0.200556 0.976271 0.778342 0.966945 1.177551 1.000007 0.000000
 0.201667 0.974386 0.780617 0.964332 1.177096 1.000007 0.000000
 0.202778 0.972445 0.782963 0.961644 1.176627 1.000008 0.000000
 0.203889 0.970453 0.785374 0.958889 1.176145 1.000009 0.000000
 0.205000 0.968415 0.787845 0.956072 1.175651 1.000010 0.000000
 0.206111 0.966335 0.790372 0.953199 1.175146 1.000011 0.000000
 0.207222 0.964217 0.792950 0.950275 1.174631 1.000012 0.000000
 0.208333 0.962064 0.795573 0.947308 1.174107 1.000013 0.000000
 0.209444 0.959882 0.798238 0.944302 1.173574 1.000014 0.000000
 0.210556 0.957674 0.800939 0.941264 1.173034 1.000015 0.000000
 0.211667 0.955445 0.803671 0.938198 1.172488 1.000016 0.000000
 0.212778 0.953198 0.806430 0.935112 1.171937 1.000017 0.000000
 0.213889 0.950937 0.809211 0.932010 1.171381 1.000018 0.000000
 0.215000 0.948668 0.812009 0.928897 1.170822 1.000019 0.000000
 0.216111 0.946393 0.814818 0.925781 1.170261 1.000020 0.000000
 0.217222 0.944116 0.817634 0.922666 1.169698 1.000021 0.000000
 0.218333 0.941843 0.820452 0.919559 1.169134 1.000022 0.000000
 0.219444 0.939578 0.823266 0.916465 1.168572 1.000023 0.000000
 0.220556 0.937325 0.826070 0.913391 1.168012 1.000024 0.000000
 0.221667 0.935089 0.828858 0.910343 1.167454 1.000025 0.000000
 0.222778 0.932875 0.831624 0.907327 1.166902 1.000025 0.000000
 0.223889 0.930688 0.834361 0.904351 1.166354 1.000026 0.000000
 0.225000 0.928534 0.837062 0.901423 1.165814 1.000027 0.000000
 0.226111 0.926418 0.839720 0.898549 1.165283 1.000028 0.000000
 0.227222 0.924347 0.842327 0.895738 1.164762 1.000029 0.000000
 0.228333 0.922326 0.844874 0.892999 1.164253 1.000029 0.000000
 0.229444 0.920364 0.847353 0.890341 1.163757 1.000030 0.000000
 0.230556 0.918466 0.849753 0.887773 1.163277 1.000031 0.000000
 0.231667 0.916640 0.852067 0.885303 1.162815 1.000031 0.000000
 0.232778 0.914894 0.854283 0.882943 1.162372 1.000032 0.000000
 0.233889 0.913234 0.856393 0.880702 1.161950 1.000032 0.000000
 0.235000 0.911668 0.858386 0.878588 1.161551 1.000033 0.000000
 0.236111 0.910202 0.860255 0.876611 1.161178 1.000033 0.000000
 0.237222 0.908842 0.861990 0.874779 1.160831 1.000033 0.000000
 0.238333 0.907593 0.863586 0.873097 1.160512 1.000033 0.000000
 0.239444 0.906459 0.865036 0.871570 1.160222 1.000034 0.000000
 0.240556 0.905442 0.866338 0.870202 1.159961 1.000034 0.000000
 0.241667 0.904543 0.867491 0.868991 1.159731 1.000034 0.000000
 0.242778 0.903758 0.868496 0.867936 1.159530 1.000034 0.000000
 0.243889 0.903085 0.869360 0.867032 1.159357 1.000034 0.000000
 0.245000 0.902518 0.870088 0.866269 1.159211 1.000034 0.000000
 0.246111 0.902048 0.870692 0.865638 1.159091 1.000035 0.000000
 0.247222 0.901667 0.871181 0.865126 1.158993 1.000035 0.000000
 0.248333 0.901364 0.871571 0.864719 1.158915 1.000035 0.000000
 0.249444 0.901128 0.871873 0.864403 1.158855 1.000035 0.000000
 0.250556 0.900949 0.872103 0.864163 1.158809 1.000035 0.000000
 0.251667 0.900817 0.872274 0.863985 1.158775 1.000035 0.000000
 0.252778 0.900721 0.872397 0.863856 1.158750 1.000035 0.000000
 0.253889 0.900653 0.872484 0.863766 1.158733 1.000035 0.000000
 0.255000 0.900607 0.872544 0.863704 1.158721 1.000035 0.000000
 0.256111 0.900576 0.872583 0.863663 1.158713 1.000036 0.000000
 0.257222 0.900556 0.872608 0.863636 1.158708 1.000036 0.000000
 0.258333 0.900544 0.872624 0.863620 1.158705 1.000036 0.000000
 0.259444 0.900537 0.872633 0.863610 1.158703 1.000036 0.000000
 0.260556 0.900533 0.872638 0.863605 1.158702 1.000036 0.000000
 0.261667 0.900531 0.872641 0.863602 1.158702 1.000036 0.000000
 0.262778 0.900530 0.872642 0.863601 1.158701 1.000036 0.000000
 0.263889 0.900530 0.872642 0.863601 1.158701 1.000036 0.000000
 0.265000 0.900530 0.872641 0.863602 1.158702 1.000037 0.000000
 0.266111 0.900530 0.872641 0.863602 1.158702 1.000037 0.000000
 0.267222 0.900531 0.872640 0.863603 1.158702 1.000037 0.000000
 0.268333 0.900531 0.872639 0.863604 1.158702 1.000037 0.000000
 0.269444 0.900532 0.872639 0.863604 1.158702 1.000037 0.000000
 0.270556 0.900532 0.872638 0.863605 1.158703 1.000037 0.000000
 0.271667 0.900533 0.872637 0.863606 1.158703 1.000037 0.000000
 0.272778 0.900533 0.872636 0.863607 1.158703 1.000037 0.000000
 0.273889 0.900534 0.872636 0.863607 1.158703 1.000038 0.000000
 0.275000 0.900534 0.872635 0.863608 1.158703 1.000038 0.000000
 0.276111 0.900535 0.872635 0.863609 1.158703 1.000038 0.000000
 0.277222 0.900535 0.872634 0.863609 1.158704 1.000038 0.000000
 0.278333 0.900535 0.872633 0.863610 1.158704 1.000038 0.000000
 0.279444 0.900536 0.872633 0.863610 1.158704 1.000038 0.000000
 0.280556 0.900536 0.872632 0.863611 1.158704 1.000038 0.000000
 0.281667 0.900536 0.872632 0.863611 1.158704 1.000039 0.000000
 0.282778 0.900536 0.872631 0.863612 1.158704 1.000039 0.000000
 0.283889 0.900537 0.872631 0.863612 1.158705 1.000039 0.000000
 0.285000 0.900537 0.872631 0.863613 1.158705 1.000039 0.000000
 0.286111 0.900537 0.872630 0.863613 1.158705 1.000039 0.000000
 0.287222 0.900537 0.872630 0.863613 1.158705 1.000039 0.000000
 0.288333 0.900537 0.872629 0.863614 1.158705 1.000039 0.000000
 0.289444 0.900538 0.872629 0.863614 1.158705 1.000040 0.000000
 0.290556 0.900538 0.872629 0.863615 1.158705 1.000040 0.000000
 0.291667 0.900538 0.872628 0.863615 1.158706 1.000040 0.000000
 0.292778 0.900538 0.872628 0.863615 1.158706 1.000040 0.000000
 0.293889 0.900538 0.872628 0.863616 1.158706 1.000040 0.000000
 0.295000 0.900538 0.872627 0.863616 1.158706 1.000040 0.000000
 0.296111 0.900539 0.872627 0.863616 1.158706 1.000040 0.000000
 0.297222 0.900539 0.872627 0.863617 1.158706 1.000041 0.000000
 0.298333 0.900539 0.872626 0.863617 1.158706 1.000041 0.000000
 0.299444 0.906809 0.951588 0.950350 1.211289 1.089836 0.000000
 0.300556 0.550464 1.427584 0.427513 1.042735 0.986117 0.000000
 0.301667 0.550464 1.427584 0.427513 1.042735 0.986117 0.000000
 0.302778 0.550464 1.427584 0.427513 1.042735 0.986117 0.000000
 0.303889 0.550464 1.427584 0.427513 1.042735 0.986117 0.000000
 0.305000 0.550464 1.427584 0.427513 1.042735 0.986117 0.000000
 0.306111 0.550464 1.427584 0.427513 1.042735 0.986118 0.000000
 0.307222 0.550464 1.427584 0.427513 1.042735 0.986118 0.000000
 0.308333 0.550464 1.427584 0.427513 1.042735 0.986118 0.000000
 0.309444 0.550464 1.427584 0.427513 1.042736 0.986118 0.000000
 0.310556 0.550464 1.427584 0.427513 1.042736 0.986118 0.000000
 0.311667 0.550464 1.427584 0.427513 1.042736 0.986118 0.000000
 0.312778 0.550464 1.427584 0.427513 1.042736 0.986118 0.000000
 0.313889 0.550464 1.427584 0.427513 1.042736 0.986118 0.000000
 0.315000 0.550464 1.427584 0.427513 1.042736 0.986118 0.000000
 0.316111 0.550464 1.427584 0.427513 1.042736 0.986118 0.000000
 0.317222 0.550463 1.427584 0.427513 1.042736 0.986119 0.000000
 0.318333 0.550463 1.427584 0.427513 1.042736 0.986119 0.000000
 0.319444 0.550463 1.427584 0.427513 1.042736 0.986119 0.000000
 0.320556 0.550463 1.427584 0.427513 1.042736 0.986119 0.000000
 0.321667 0.550463 1.427584 0.427513 1.042736 0.986119 0.000000
 0.322778 0.550463 1.427584 0.427513 1.042736 0.986119 0.000000
 0.323889 0.550463 1.427584 0.427513 1.042736 0.986119 0.000000
 0.325000 0.550463 1.427584 0.427513 1.042736 0.986119 0.000000
 0.326111 0.550463 1.427584 0.427513 1.042736 0.986119 0.000000
 0.327222 0.550463 1.427584 0.427513 1.042736 0.986120 0.000000
 0.328333 0.550463 1.427584 0.427513 1.042736 0.986120 0.000000
 0.329444 0.550463 1.427584 0.427513 1.042736 0.986120 0.000000
 0.330556 0.550463 1.427584 0.427513 1.042736 0.986120 0.000000
 0.331667 0.550463 1.427584 0.427513 1.042736 0.986120 0.000000
 0.332778 0.550463 1.427584 0.427513 1.042736 0.986120 0.000000
 0.333889 0.550463 1.427584 0.427513 1.042736 0.986120 0.000000
 0.335000 0.550463 1.427584 0.427513 1.042737 0.986120 0.000000
 0.336111 0.550463 1.427584 0.427513 1.042737 0.986121 0.000000
 0.337222 0.550463 1.427584 0.427513 1.042737 0.986121 0.000000
 0.338333 0.550463 1.427584 0.427513 1.042737 0.986121 0.000000
 0.339444 0.550463 1.427584 0.427513 1.042737 0.986121 0.000000
 0.340556 0.550463 1.427584 0.427513 1.042737 0.986121 0.000000
 0.341667 0.550462 1.427584 0.427513 1.042737 0.986121 0.000000
 0.342778 0.550462 1.427584 0.427513 1.042737 0.986121 0.000000
 0.343889 0.550462 1.427584 0.427513 1.042737 0.986121 0.000000
 0.345000 0.550462 1.427584 0.427513 1.042737 0.986122 0.000000
 0.346111 0.550462 1.427584 0.427513 1.042737 0.986122 0.000000
 0.347222 0.550462 1.427584 0.427513 1.042737 0.986122 0.000000
 0.348333 0.550462 1.427584 0.427513 1.042737 0.986122 0.000000
 0.349444 0.550462 1.427584 0.427513 1.042737 0.986122 0.000000
 0.350556 0.550462 1.427584 0.427513 1.042737 0.986122 0.000000
 0.351667 0.550462 1.427584 0.427513 1.042737 0.986122 0.000000
 0.352778 0.550462 1.427584 0.427513 1.042737 0.986122 0.000000
 0.353889 0.550462 1.427583 0.427513 1.042737 0.986123 0.000000
 0.355000 0.550463 1.427583 0.427514 1.042738 0.986123 0.000000
 0.356111 0.550463 1.427581 0.427514 1.042738 0.986123 0.000000
 0.357222 0.550464 1.427580 0.427515 1.042738 0.986123 0.000000
 0.358333 0.550466 1.427576 0.427517 1.042739 0.986123 0.000000
 0.359444 0.550469 1.427571 0.427520 1.042740 0.986123 0.000000
 0.360556 0.550473 1.427562 0.427525 1.042742 0.986123 0.000000
 0.361667 0.550481 1.427547 0.427534 1.042745 0.986124 0.000000
 0.362778 0.550493 1.427524 0.427547 1.042750 0.986124 0.000000
 0.363889 0.550512 1.427488 0.427568 1.042757 0.986124 0.000000
 0.365000 0.550541 1.427432 0.427600 1.042768 0.986124 0.000000
 0.366111 0.550586 1.427348 0.427648 1.042785 0.986124 0.000000
 0.367222 0.550652 1.427223 0.427720 1.042810 0.986124 0.000000
 0.368333 0.550749 1.427039 0.427826 1.042847 0.986124 0.000000
 0.369444 0.550889 1.426773 0.427978 1.042900 0.986125 0.000000
 0.370556 0.551089 1.426395 0.428195 1.042976 0.986125 0.000000
 0.371667 0.551369 1.425866 0.428500 1.043082 0.986125 0.000000
 0.372778 0.551755 1.425136 0.428920 1.043228 0.986125 0.000000
 0.373889 0.552278 1.424146 0.429490 1.043426 0.986126 0.000000
 0.375000 0.552975 1.422830 0.430249 1.043689 0.986126 0.000000
 0.376111 0.553885 1.421113 0.431241 1.044033 0.986127 0.000000
 0.377222 0.555047 1.418923 0.432509 1.044471 0.986128 0.000000
 0.378333 0.556496 1.416199 0.434090 1.045017 0.986129 0.000000
 0.379444 0.558251 1.412905 0.436009 1.045676 0.986131 0.000000
 0.380556 0.560311 1.409049 0.438265 1.046448 0.986134 0.000000
 0.381667 0.562647 1.404691 0.440826 1.047321 0.986137 0.000000
 0.382778 0.565195 1.399953 0.443625 1.048270 0.986141 0.000000
 0.383889 0.567862 1.395011 0.446561 1.049260 0.986145 0.000000
 0.385000 0.570539 1.390070 0.449513 1.050249 0.986149 0.000000
 0.386111 0.573113 1.385337 0.452356 1.051197 0.986153 0.000000
 0.387222 0.575487 1.380987 0.454984 1.052068 0.986156 0.000000
 0.388333 0.577594 1.377139 0.457318 1.052839 0.986158 0.000000
 0.389444 0.579398 1.373853 0.459320 1.053496 0.986160 0.000000
 0.390556 0.580894 1.371134 0.460982 1.054041 0.986161 0.000000
 0.391667 0.582102 1.368944 0.462325 1.054479 0.986162 0.000000
 0.392778 0.583054 1.367219 0.463384 1.054824 0.986162 0.000000
 0.393889 0.583790 1.365888 0.464203 1.055090 0.986163 0.000000
 0.395000 0.584349 1.364877 0.464826 1.055293 0.986163 0.000000
 0.396111 0.584769 1.364120 0.465293 1.055444 0.986164 0.000000
 0.397222 0.585080 1.363559 0.465640 1.055557 0.986164 0.000000
 0.398333 0.585308 1.363147 0.465894 1.055639 0.986164 0.000000
 0.399444 0.585475 1.362846 0.466080 1.055699 0.986164 0.000000
 0.400556 0.585596 1.362627 0.466215 1.055743 0.986165 0.000000
 0.401667 0.585684 1.362469 0.466314 1.055775 0.986165 0.000000
 0.402778 0.585748 1.362353 0.466385 1.055798 0.986165 0.000000
 0.403889 0.585795 1.362269 0.466437 1.055815 0.986165 0.000000
 0.405000 0.585829 1.362206 0.466476 1.055828 0.986166 0.000000
 0.406111 0.585855 1.362159 0.466505 1.055837 0.986166 0.000000
 0.407222 0.585875 1.362124 0.466527 1.055845 0.986166 0.000000
 0.408333 0.585890 1.362096 0.466544 1.055850 0.986166 0.000000
 0.409444 0.585903 1.362073 0.466558 1.055855 0.986167 0.000000
 0.410556 0.585913 1.362055 0.466570 1.055859 0.986167 0.000000
 0.411667 0.585921 1.362039 0.466579 1.055862 0.986167 0.000000
 0.412778 0.585928 1.362026 0.466588 1.055865 0.986167 0.000000
 0.413889 0.585935 1.362014 0.466595 1.055867 0.986168 0.000000
 0.415000 0.585941 1.362004 0.466601 1.055869 0.986168 0.000000
 0.416111 0.585946 1.361994 0.466607 1.055871 0.986168 0.000000
 0.417222 0.585950 1.361986 0.466612 1.055873 0.986168 0.000000
 0.418333 0.585954 1.361978 0.466617 1.055875 0.986169 0.000000
 0.419444 0.585958 1.361971 0.466622 1.055876 0.986169 0.000000
 0.420556 0.585962 1.361964 0.466626 1.055878 0.986169 0.000000
 0.421667 0.585965 1.361958 0.466629 1.055879 0.986170 0.000000
 0.422778 0.585968 1.361952 0.466633 1.055880 0.986170 0.000000
 0.423889 0.585971 1.361947 0.466636 1.055881 0.986170 0.000000
 0.425000 0.585974 1.361942 0.466639 1.055883 0.986170 0.000000
 0.426111 0.585976 1.361937 0.466642 1.055884 0.986171 0.000000
 0.427222 0.585978 1.361933 0.466645 1.055885 0.986171 0.000000
 0.428333 0.585980 1.361929 0.466647 1.055885 0.986171 0.000000
 0.429444 0.585982 1.361925 0.466650 1.055886 0.986172 0.000000
 0.430556 0.585984 1.361922 0.466652 1.055887 0.986172 0.000000
 0.431667 0.585986 1.361919 0.466654 1.055888 0.986172 0.000000
 0.432778 0.585987 1.361916 0.466656 1.055889 0.986173 0.000000
 0.433889 0.585989 1.361913 0.466658 1.055889 0.986173 0.000000
 0.435000 0.585990 1.361910 0.466659 1.055890 0.986173 0.000000
 0.436111 0.585992 1.361907 0.466661 1.055891 0.986173 0.000000
 0.437222 0.585993 1.361905 0.466662 1.055891 0.986174 0.000000
 0.438333 0.585994 1.361902 0.466664 1.055892 0.986174 0.000000
 0.439444 0.585995 1.361900 0.466665 1.055892 0.986174 0.000000
 0.440556 0.585996 1.361898 0.466666 1.055893 0.986175 0.000000
 0.441667 0.585997 1.361896 0.466668 1.055894 0.986175 0.000000
 0.442778 0.585998 1.361894 0.466669 1.055894 0.986175 0.000000
 0.443889 0.585999 1.361892 0.466670 1.055895 0.986176 0.000000
 0.445000 0.586000 1.361891 0.466671 1.055895 0.986176 0.000000
 0.446111 0.586001 1.361889 0.466672 1.055895 0.986176 0.000000
 0.447222 0.586001 1.361887 0.466673 1.055896 0.986177 0.000000
 0.448333 0.586002 1.361886 0.466674 1.055896 0.986177 0.000000
 0.449444 0.586003 1.361884 0.466675 1.055897 0.986177 0.000000
 0.450556 0.586003 1.361883 0.466676 1.055897 0.986178 0.000000
 0.451667 0.586004 1.361882 0.466677 1.055898 0.986178 0.000000
 0.452778 0.586004 1.361880 0.466677 1.055898 0.986179 0.000000
 0.453889 0.586005 1.361879 0.466678 1.055898 0.986179 0.000000
 0.455000 0.586005 1.361878 0.466679 1.055899 0.986179 0.000000
 0.456111 0.586006 1.361877 0.466680 1.055899 0.986180 0.000000
 0.457222 0.586006 1.361876 0.466680 1.055900 0.986180 0.000000
 0.458333 0.586007 1.361875 0.466681 1.055900 0.986180 0.000000
 0.459444 0.586007 1.361874 0.466682 1.055900 0.986181 0.000000
 0.460556 0.586008 1.361873 0.466682 1.055901 0.986181 0.000000
 0.461667 0.586008 1.361872 0.466683 1.055901 0.986182 0.000000
 0.462778 0.586008 1.361871 0.466683 1.055901 0.986182 0.000000
 0.463889 0.586008 1.361870 0.466684 1.055902 0.986182 0.000000
 0.465000 0.586009 1.361869 0.466684 1.055902 0.986183 0.000000
 0.466111 0.586009 1.361868 0.466685 1.055902 0.986183 0.000000
 0.467222 0.586009 1.361867 0.466685 1.055903 0.986184 0.000000
 0.468333 0.586010 1.361867 0.466686 1.055903 0.986184 0.000000
 0.469444 0.586010 1.361866 0.466686 1.055903 0.986185 0.000000
 0.470556 0.586010 1.361865 0.466687 1.055903 0.986185 0.000000
 0.471667 0.586010 1.361865 0.466687 1.055904 0.986185 0.000000
 0.472778 0.586010 1.361864 0.466688 1.055904 0.986186 0.000000
 0.473889 0.586011 1.361863 0.466688 1.055904 0.986186 0.000000
 0.475000 0.586011 1.361863 0.466688 1.055905 0.986187 0.000000
 0.476111 0.586011 1.361862 0.466689 1.055905 0.986187 0.000000
 0.477222 0.586011 1.361861 0.466689 1.055905 0.986188 0.000000
 0.478333 0.586011 1.361861 0.466689 1.055906 0.986188 0.000000
 0.479444 0.586011 1.361860 0.466690 1.055906 0.986189 0.000000
 0.480556 0.586011 1.361860 0.466690 1.055906 0.986189 0.000000
 0.481667 0.586011 1.361859 0.466690 1.055906 0.986190 0.000000
 0.482778 0.586011 1.361859 0.466691 1.055907 0.986190 0.000000
 0.483889 0.586011 1.361858 0.466691 1.055907 0.986191 0.000000
 0.485000 0.586012 1.361858 0.466691 1.055907 0.986191 0.000000
 0.486111 0.586012 1.361857 0.466692 1.055908 0.986192 0.000000
 0.487222 0.586012 1.361857 0.466692 1.055908 0.986192 0.000000
 0.488333 0.586012 1.361856 0.466692 1.055908 0.986193 0.000000
 0.489444 0.586012 1.361856 0.466692 1.055909 0.986193 0.000000
 0.490556 0.586012 1.361856 0.466693 1.055909 0.986194 0.000000
 0.491667 0.586012 1.361855 0.466693 1.055909 0.986194 0.000000
 0.492778 0.586012 1.361855 0.466693 1.055909 0.986195 0.000000
 0.493889 0.586011 1.361854 0.466693 1.055910 0.986196 0.000000
 0.495000 0.586011 1.361854 0.466694 1.055910 0.986196 0.000000
 0.496111 0.586011 1.361854 0.466694 1.055910 0.986197 0.000000
 0.497222 0.586011 1.361853 0.466694 1.055911 0.986197 0.000000
 0.498333 0.586011 1.361853 0.466694 1.055911 0.986198 0.000000
 0.499444 0.586011 1.361853 0.466694 1.055911 0.986199 0.000000
 0.500556 0.586011 1.361852 0.466695 1.055911 0.986199 0.000000
 0.501667 0.586011 1.361852 0.466695 1.055912 0.986200 0.000000
 0.502778 0.586011 1.361852 0.466695 1.055912 0.986201 0.000000
 0.503889 0.586011 1.361852 0.466695 1.055912 0.986201 0.000000
 0.505000 0.586011 1.361851 0.466695 1.055913 0.986202 0.000000
 0.506111 0.586010 1.361851 0.466695 1.055913 0.986203 0.000000
 0.507222 0.586010 1.361851 0.466696 1.055913 0.986203 0.000000
 0.508333 0.586010 1.361850 0.466696 1.055914 0.986204 0.000000
 0.509444 0.586010 1.361850 0.466696 1.055914 0.986205 0.000000
 0.510556 0.586010 1.361850 0.466696 1.055914 0.986205 0.000000
 0.511667 0.586010 1.361850 0.466696 1.055915 0.986206 0.000000
 0.512778 0.586009 1.361850 0.466696 1.055915 0.986207 0.000000
 0.513889 0.586009 1.361849 0.466696 1.055915 0.986208 0.000000
 0.515000 0.586009 1.361849 0.466697 1.055916 0.986208 0.000000
 0.516111 0.586009 1.361849 0.466697 1.055916 0.986209 0.000000
 0.517222 0.586009 1.361849 0.466697 1.055916 0.986210 0.000000
 0.518333 0.586008 1.361849 0.466697 1.055917 0.986211 0.000000
 0.519444 0.586008 1.361848 0.466697 1.055917 0.986212 0.000000
 0.520556 0.586008 1.361848 0.466697 1.055917 0.986212 0.000000
 0.521667 0.586007 1.361848 0.466697 1.055918 0.986213 0.000000
 0.522778 0.586007 1.361848 0.466697 1.055918 0.986214 0.000000
 0.523889 0.586007 1.361848 0.466697 1.055918 0.986215 0.000000
 0.525000 0.586007 1.361848 0.466698 1.055919 0.986216 0.000000
 0.526111 0.586006 1.361847 0.466698 1.055919 0.986217 0.000000
 0.527222 0.586006 1.361847 0.466698 1.055920 0.986218 0.000000
 0.528333 0.586006 1.361847 0.466698 1.055920 0.986219 0.000000
 0.529444 0.586005 1.361847 0.466698 1.055920 0.986220 0.000000
 0.530556 0.586005 1.361847 0.466698 1.055921 0.986221 0.000000
 0.531667 0.586005 1.361847 0.466698 1.055921 0.986222 0.000000
 0.532778 0.586004 1.361847 0.466698 1.055922 0.986223 0.000000
 0.533889 0.586004 1.361846 0.466698 1.055922 0.986224 0.000000
 0.535000 0.586003 1.361846 0.466698 1.055922 0.986225 0.000000
 0.536111 0.586003 1.361846 0.466698 1.055923 0.986226 0.000000
 0.537222 0.586003 1.361846 0.466698 1.055923 0.986227 0.000000
 0.538333 0.586002 1.361846 0.466698 1.055924 0.986228 0.000000
 0.539444 0.586002 1.361846 0.466699 1.055924 0.986230 0.000000
 0.540556 0.586001 1.361846 0.466699 1.055925 0.986231 0.000000
 0.541667 0.586001 1.361846 0.466699 1.055925 0.986232 0.000000
 0.542778 0.586000 1.361846 0.466699 1.055926 0.986233 0.000000
 0.543889 0.586000 1.361846 0.466699 1.055926 0.986235 0.000000
 0.545000 0.585999 1.361845 0.466699 1.055927 0.986236 0.000000
 0.546111 0.585999 1.361845 0.466699 1.055928 0.986238 0.000000
 0.547222 0.585998 1.361845 0.466699 1.055928 0.986239 0.000000
 0.548333 0.585997 1.361845 0.466699 1.055929 0.986241 0.000000
 0.549444 0.585996 1.361845 0.466699 1.055930 0.986243 0.000000
 0.550556 0.585996 1.361845 0.466699 1.055930 0.986245 0.000000
 0.551667 0.585995 1.361845 0.466699 1.055931 0.986247 0.000000
 0.552778 0.585994 1.361845 0.466699 1.055932 0.986250 0.000000
 0.553889 0.585993 1.361845 0.466699 1.055933 0.986252 0.000000
 0.555000 0.585991 1.361845 0.466699 1.055935 0.986256 0.000000
 0.556111 0.585990 1.361845 0.466699 1.055936 0.986259 0.000000
 0.557222 0.585988 1.361845 0.466699 1.055938 0.986264 0.000000
 0.558333 0.585986 1.361845 0.466699 1.055940 0.986269 0.000000
 0.559444 0.585983 1.361845 0.466699 1.055942 0.986275 0.000000
 0.560556 0.585980 1.361844 0.466699 1.055945 0.986283 0.000000
 0.561667 0.585976 1.361844 0.466699 1.055949 0.986292 0.000000
 0.562778 0.585971 1.361844 0.466699 1.055953 0.986304 0.000000
 0.563889 0.585965 1.361844 0.466699 1.055959 0.986319 0.000000
 0.565000 0.585957 1.361844 0.466699 1.055966 0.986337 0.000000
 0.566111 0.585948 1.361844 0.466700 1.055974 0.986359 0.000000
 0.567222 0.585936 1.361844 0.466700 1.055985 0.986387 0.000000
 0.568333 0.585921 1.361844 0.466700 1.055998 0.986421 0.000000
 0.569444 0.585903 1.361844 0.466700 1.056015 0.986465 0.000000
 0.570556 0.585880 1.361844 0.466700 1.056035 0.986518 0.000000
 0.571667 0.585852 1.361844 0.466700 1.056060 0.986585 0.000000
 0.572778 0.585817 1.361844 0.466700 1.056092 0.986667 0.000000
 0.573889 0.585774 1.361844 0.466700 1.056130 0.986768 0.000000
 0.575000 0.585722 1.361844 0.466700 1.056178 0.986892 0.000000
 0.576111 0.585658 1.361844 0.466700 1.056236 0.987044 0.000000
 0.577222 0.585579 1.361844 0.466700 1.056307 0.987229 0.000000
 0.578333 0.585484 1.361844 0.466700 1.056393 0.987454 0.000000
 0.579444 0.585369 1.361844 0.466700 1.056497 0.987726 0.000000
 0.580556 0.585230 1.361844 0.466700 1.056622 0.988053 0.000000
 0.581667 0.585064 1.361844 0.466700 1.056772 0.988447 0.000000
 0.582778 0.584865 1.361844 0.466700 1.056951 0.988917 0.000000
 0.583889 0.584629 1.361844 0.466700 1.057165 0.989477 0.000000
 0.585000 0.584349 1.361844 0.466700 1.057418 0.990140 0.000000
 0.586111 0.584019 1.361844 0.466700 1.057717 0.990923 0.000000
 0.587222 0.583632 1.361844 0.466700 1.058068 0.991843 0.000000
 0.588333 0.583179 1.361843 0.466700 1.058478 0.992921 0.000000
 0.589444 0.582653 1.361843 0.466700 1.058956 0.994177 0.000000
 0.590556 0.582043 1.361843 0.466700 1.059510 0.995635 0.000000
 0.591667 0.581340 1.361843 0.466700 1.060151 0.997321 0.000000
 0.592778 0.580534 1.361843 0.466700 1.060887 0.999262 0.000000
 0.593889 0.579611 1.361843 0.466700 1.061731 1.001489 0.000000
 0.595000 0.578562 1.361843 0.466700 1.062693 1.004032 0.000000
 0.596111 0.577374 1.361843 0.466700 1.063786 1.006926 0.000000
 0.597222 0.576034 1.361843 0.466700 1.065022 1.010206 0.000000
 0.598333 0.574530 1.361843 0.466700 1.066415 1.013910 0.000000
 0.599444 0.572850 1.361843 0.466700 1.067978 1.018077 0.000000
 0.600556 0.570980 1.361843 0.466700 1.069725 1.022747 0.000000
 0.601667 0.568910 1.361843 0.466700 1.071670 1.027962 0.000000
 0.602778 0.566627 1.361843 0.466700 1.073827 1.033765 0.000000
 0.603889 0.564121 1.361843 0.466700 1.076210 1.040201 0.000000
 0.605000 0.561382 1.361843 0.466700 1.078832 1.047312 0.000000
 0.606111 0.558402 1.361843 0.466700 1.081706 1.055144 0.000000
 0.607222 0.555175 1.361843 0.466700 1.084846 1.063741 0.000000
 0.608333 0.551695 1.361843 0.466700 1.088262 1.073147 0.000000
 0.609444 0.547959 1.361843 0.466700 1.091966 1.083405 0.000000
 0.610556 0.543965 1.361843 0.466700 1.095967 1.094557 0.000000
 0.611667 0.539715 1.361843 0.466700 1.100273 1.106642 0.000000
 0.612778 0.535213 1.361843 0.466700 1.104892 1.119698 0.000000
 0.613889 0.530463 1.361843 0.466700 1.109827 1.133759 0.000000
 0.615000 0.525475 1.361843 0.466700 1.115082 1.148854 0.000000
 0.616111 0.520259 1.361843 0.466700 1.120658 1.165012 0.000000
 0.617222 0.514829 1.361843 0.466700 1.126553 1.182251 0.000000
 0.618333 0.509200 1.361843 0.466700 1.132762 1.200587 0.000000
 0.619444 0.503391 1.361843 0.466700 1.139279 1.220029 0.000000
 0.620556 0.497421 1.361843 0.466700 1.146095 1.240576 0.000000
 0.621667 0.491314 1.361843 0.466700 1.153197 1.262221 0.000000
 0.622778 0.485091 1.361843 0.466700 1.160570 1.284947 0.000000
 0.623889 0.478779 1.361843 0.466700 1.168195 1.308725 0.000000
 0.625000 0.472404 1.361843 0.466700 1.176051 1.333517 0.000000
 0.626111 0.465993 1.361843 0.466700 1.184113 1.359273 0.000000
 0.627222 0.459573 1.361843 0.466700 1.192356 1.385933 0.000000
 0.628333 0.453171 1.361843 0.466700 1.200748 1.413420 0.000000
 0.629444 0.446815 1.361843 0.466700 1.209259 1.441649 0.000000
 0.630556 0.440530 1.361843 0.466700 1.217853 1.470523 0.000000
 0.631667 0.434344 1.361843 0.466700 1.226496 1.499930 0.000000
 0.632778 0.428279 1.361843 0.466700 1.235150 1.529750 0.000000
 0.633889 0.422359 1.361843 0.466700 1.243776 1.559854 0.000000
 0.635000 0.416604 1.361843 0.466700 1.252337 1.590104 0.000000
 0.636111 0.411033 1.361843 0.466700 1.260795 1.620355 0.000000
 0.637222 0.405664 1.361843 0.466700 1.269112 1.650462 0.000000
 0.638333 0.400509 1.361843 0.466700 1.277252 1.680274 0.000000
 0.639444 0.395583 1.361843 0.466700 1.285181 1.709644 0.000000
 0.640556 0.390893 1.361843 0.466700 1.292868 1.738429 0.000000
 0.641667 0.386447 1.361843 0.466700 1.300283 1.766490 0.000000
 0.642778 0.382251 1.361843 0.466700 1.307401 1.793701 0.000000
 0.643889 0.378306 1.361843 0.466700 1.314200 1.819942 0.000000
 0.645000 0.374613 1.361843 0.466700 1.320662 1.845112 0.000000
 0.646111 0.371169 1.361843 0.466700 1.326774 1.869120 0.000000
 0.647222 0.367972 1.361843 0.466700 1.332525 1.891895 0.000000
 0.648333 0.365016 1.361843 0.466700 1.337911 1.913381 0.000000
 0.649444 0.362294 1.361843 0.466700 1.342928 1.933539 0.000000
 0.650556 0.359797 1.361843 0.466700 1.347579 1.952348 0.000000
 0.651667 0.357517 1.361843 0.466700 1.351869 1.969802 0.000000
 0.652778 0.355443 1.361843 0.466700 1.355807 1.985912 0.000000
 0.653889 0.353564 1.361843 0.466700 1.359405 2.000701 0.000000
 0.655000 0.351869 1.361843 0.466700 1.362675 2.014207 0.000000
 0.656111 0.350346 1.361843 0.466700 1.365634 2.026476 0.000000
 0.657222 0.348984 1.361843 0.466700 1.368297 2.037563 0.000000
 0.658333 0.347769 1.361843 0.466700 1.370685 2.047532 0.000000
 0.659444 0.346691 1.361843 0.466700 1.372814 2.056451 0.000000
 0.660556 0.345738 1.361843 0.466700 1.374704 2.064390 0.000000
 0.661667 0.344899 1.361843 0.466700 1.376375 2.071423 0.000000
 0.662778 0.344164 1.361843 0.466700 1.377845 2.077624 0.000000
 0.663889 0.343521 1.361843 0.466700 1.379133 2.083064 0.000000
 0.665000 0.342963 1.361843 0.466700 1.380255 2.087815 0.000000
 0.666111 0.342479 1.361843 0.466700 1.381230 2.091946 0.000000
 0.667222 0.342062 1.361843 0.466700 1.382072 2.095519 0.000000
 0.668333 0.341703 1.361843 0.466700 1.382797 2.098598 0.000000
 0.669444 0.341397 1.361843 0.466700 1.383418 2.101238 0.000000
 0.670556 0.341135 1.361843 0.466700 1.383948 2.103491 0.000000
 0.671667 0.340914 1.361843 0.466700 1.384398 2.105406 0.000000
 0.672778 0.340726 1.361843 0.466700 1.384778 2.107027 0.000000
 0.673889 0.340569 1.361843 0.466700 1.385098 2.108391 0.000000
 0.675000 0.340437 1.361843 0.466700 1.385367 2.109536 0.000000
 0.676111 0.340327 1.361843 0.466700 1.385591 2.110491 0.000000
 0.677222 0.340235 1.361843 0.466700 1.385777 2.111285 0.000000
 0.678333 0.340160 1.361843 0.466700 1.385931 2.111942 0.000000
 0.679444 0.340098 1.361843 0.466700 1.386057 2.112482 0.000000
 0.680556 0.340047 1.361843 0.466700 1.386161 2.112925 0.000000
 0.681667 0.340005 1.361843 0.466700 1.386246 2.113286 0.000000
 0.682778 0.339971 1.361843 0.466700 1.386314 2.113578 0.000000
 0.683889 0.339944 1.361843 0.466700 1.386370 2.113815 0.000000
 0.685000 0.339923 1.361843 0.466700 1.386414 2.114004 0.000000
 0.686111 0.339905 1.361843 0.466700 1.386449 2.114155 0.000000
 0.687222 0.339892 1.361843 0.466700 1.386477 2.114274 0.000000
 0.688333 0.339881 1.361842 0.466700 1.386499 2.114368 0.000000
 0.689444 0.339872 1.361842 0.466700 1.386516 2.114441 0.000000
 0.690556 0.339866 1.361842 0.466700 1.386529 2.114497 0.000000
 0.691667 0.339861 1.361842 0.466700 1.386539 2.114540 0.000000
 0.692778 0.339857 1.361842 0.466700 1.386547 2.114572 0.000000
 0.693889 0.339855 1.361842 0.466700 1.386553 2.114596 0.000000
 0.695000 0.339853 1.361842 0.466700 1.386557 2.114613 0.000000
 0.696111 0.339851 1.361842 0.466700 1.386559 2.114625 0.000000
 0.697222 0.339850 1.361842 0.466700 1.386561 2.114633 0.000000
 0.698333 0.339850 1.361842 0.466700 1.386563 2.114638 0.000000
 0.699444 0.339849 1.361842 0.466700 1.386563 2.114641 0.000000
 0.700556 0.339849 1.361842 0.466700 1.386563 2.114642 0.000000
 0.701667 0.339849 1.361842 0.466700 1.386563 2.114641 0.000000
 0.702778 0.339850 1.361842 0.466700 1.386563 2.114640 0.000000
 0.703889 0.339850 1.361842 0.466700 1.386562 2.114638 0.000000
 0.705000 0.339850 1.361842 0.466700 1.386562 2.114636 0.000000
 0.706111 0.339850 1.361842 0.466700 1.386561 2.114633 0.000000
 0.707222 0.339851 1.361842 0.466700 1.386561 2.114630 0.000000
 0.708333 0.339851 1.361842 0.466700 1.386560 2.114627 0.000000
 0.709444 0.339851 1.361842 0.466700 1.386559 2.114624 0.000000
 0.710556 0.339852 1.361842 0.466700 1.386559 2.114621 0.000000
 0.711667 0.339852 1.361842 0.466700 1.386558 2.114618 0.000000
 0.712778 0.339852 1.361842 0.466700 1.386557 2.114616 0.000000
 0.713889 0.339853 1.361842 0.466700 1.386557 2.114613 0.000000
 0.715000 0.339853 1.361842 0.466700 1.386556 2.114611 0.000000
 0.716111 0.339853 1.361842 0.466700 1.386555 2.114608 0.000000
 0.717222 0.339853 1.361842 0.466700 1.386555 2.114606 0.000000
 0.718333 0.339854 1.361842 0.466700 1.386554 2.114604 0.000000
 0.719444 0.339854 1.361842 0.466700 1.386554 2.114602 0.000000
 0.720556 0.339854 1.361842 0.466700 1.386554 2.114600 0.000000
 0.721667 0.339854 1.361842 0.466700 1.386553 2.114599 0.000000
 0.722778 0.339854 1.361842 0.466700 1.386553 2.114597 0.000000
 0.723889 0.339855 1.361842 0.466700 1.386552 2.114596 0.000000
 0.725000 0.339855 1.361842 0.466700 1.386552 2.114594 0.000000
 0.726111 0.339855 1.361842 0.466700 1.386552 2.114593 0.000000
 0.727222 0.339855 1.361842 0.466700 1.386552 2.114592 0.000000
 0.728333 0.339855 1.361842 0.466700 1.386551 2.114591 0.000000
 0.729444 0.339855 1.361842 0.466700 1.386551 2.114590 0.000000
 0.730556 0.339855 1.361842 0.466700 1.386551 2.114589 0.000000
 0.731667 0.339855 1.361842 0.466700 1.386551 2.114588 0.000000
 0.732778 0.339856 1.361842 0.466700 1.386550 2.114587 0.000000
 0.733889 0.339856 1.361842 0.466700 1.386550 2.114586 0.000000
 0.735000 0.339856 1.361842 0.466700 1.386550 2.114585 0.000000
 0.736111 0.339856 1.361842 0.466700 1.386550 2.114585 0.000000
 0.737222 0.339856 1.361842 0.466700 1.386550 2.114584 0.000000
 0.738333 0.339856 1.361842 0.466700 1.386550 2.114583 0.000000
 0.739444 0.339856 1.361842 0.466700 1.386549 2.114583 0.000000
 0.740556 0.339856 1.361842 0.466700 1.386549 2.114582 0.000000
 0.741667 0.339856 1.361842 0.466700 1.386549 2.114582 0.000000
 0.742778 0.339856 1.361842 0.466700 1.386549 2.114582 0.000000
 0.743889 0.339856 1.361842 0.466700 1.386549 2.114581 0.000000
 0.745000 0.339856 1.361842 0.466700 1.386549 2.114581 0.000000
 0.746111 0.339856 1.361842 0.466700 1.386549 2.114580 0.000000
 0.747222 0.339856 1.361842 0.466700 1.386549 2.114580 0.000000
 0.748333 0.339856 1.361842 0.466700 1.386549 2.114580 0.000000
 0.749444 0.339856 1.361842 0.466700 1.386549 2.114580 0.000000
 0.750556 0.339856 1.361842 0.466700 1.386549 2.114579 0.000000
 0.751667 0.339856 1.361842 0.466700 1.386549 2.114579 0.000000
 0.752778 0.339856 1.361842 0.466700 1.386548 2.114579 0.000000
 0.753889 0.339856 1.361842 0.466700 1.386548 2.114579 0.000000
 0.755000 0.339856 1.361842 0.466700 1.386548 2.114579 0.000000
 0.756111 0.339856 1.361842 0.466700 1.386548 2.114578 0.000000
 0.757222 0.339856 1.361842 0.466700 1.386548 2.114578 0.000000
 0.758333 0.339856 1.361842 0.466700 1.386548 2.114578 0.000000
 0.759444 0.339856 1.361842 0.466700 1.386548 2.114578 0.000000
 0.760556 0.339856 1.361842 0.466700 1.386548 2.114578 0.000000
 0.761667 0.339857 1.361842 0.466700 1.386548 2.114578 0.000000
 0.762778 0.339857 1.361842 0.466700 1.386548 2.114578 0.000000
 0.763889 0.339857 1.361842 0.466700 1.386548 2.114578 0.000000
 0.765000 0.339857 1.361842 0.466700 1.386548 2.114577 0.000000
 0.766111 0.339857 1.361842 0.466700 1.386548 2.114577 0.000000
 0.767222 0.339857 1.361842 0.466700 1.386548 2.114577 0.000000
 0.768333 0.339857 1.361841 0.466700 1.386548 2.114577 0.000000
 0.769444 0.339857 1.361841 0.466700 1.386548 2.114577 0.000000
 0.770556 0.339857 1.361841 0.466700 1.386548 2.114577 0.000000
 0.771667 0.339857 1.361841 0.466700 1.386548 2.114577 0.000000
 0.772778 0.339857 1.361841 0.466700 1.386548 2.114577 0.000000
 0.773889 0.339857 1.361841 0.466700 1.386548 2.114577 0.000000
 0.775000 0.339856 1.361841 0.466699 1.386548 2.114577 0.000000
 0.776111 0.339856 1.361841 0.466699 1.386548 2.114577 0.000000
 0.777222 0.339856 1.361841 0.466699 1.386548 2.114577 0.000000
 0.778333 0.339856 1.361841 0.466699 1.386548 2.114577 0.000000
 0.779444 0.339856 1.361841 0.466699 1.386548 2.114577 0.000000
 0.780556 0.339856 1.361841 0.466699 1.386548 2.114577 0.000000
 0.781667 0.339856 1.361841 0.466699 1.386548 2.114577 0.000000
 0.782778 0.339856 1.361841 0.466699 1.386548 2.114577 0.000000
 0.783889 0.339856 1.361841 0.466699 1.386548 2.114577 0.000000
 0.785000 0.339856 1.361841 0.466699 1.386548 2.114577 0.000000
 0.786111 0.339856 1.361841 0.466699 1.386548 2.114577 0.000000
 0.787222 0.339856 1.361841 0.466699 1.386548 2.114577 0.000000
 0.788333 0.339856 1.361841 0.466699 1.386548 2.114577 0.000000
 0.789444 0.339856 1.361841 0.466699 1.386548 2.114577 0.000000
 0.790556 0.339856 1.361841 0.466699 1.386548 2.114577 0.000000
 0.791667 0.339856 1.361841 0.466699 1.386548 2.114577 0.000000
 0.792778 0.339856 1.361841 0.466699 1.386548 2.114577 0.000000
 0.793889 0.339856 1.361841 0.466699 1.386548 2.114577 0.000000
 0.795000 0.339856 1.361841 0.466699 1.386548 2.114577 0.000000
 0.796111 0.339856 1.361840 0.466699 1.386548 2.114577 0.000000
 0.797222 0.339856 1.361840 0.466699 1.386548 2.114577 0.000000
 0.798333 0.339856 1.361839 0.466699 1.386548 2.114577 0.000000
 0.799444 0.339856 1.361838 0.466698 1.386547 2.114577 0.000000
 0.800556 0.339855 1.361835 0.466697 1.386547 2.114577 0.000000
 0.801667 0.339853 1.361829 0.466694 1.386546 2.114577 0.000000
 0.802778 0.339850 1.361816 0.466687 1.386543 2.114577 0.000000
 0.803889 0.339843 1.361787 0.466674 1.386537 2.114577 0.000000
 0.805000 0.339828 1.361724 0.466644 1.386524 2.114577 0.000000
 0.806111 0.339794 1.361588 0.466580 1.386497 2.114577 0.000000
 0.807222 0.339722 1.361292 0.466441 1.386438 2.114577 0.000000
 0.808333 0.339565 1.360650 0.466138 1.386310 2.114577 0.000000
 0.809444 0.339224 1.359257 0.465483 1.386031 2.114576 0.000000
 0.810556 0.338486 1.356238 0.464066 1.385426 2.114571 0.000000
 0.811667 0.336896 1.349705 0.461012 1.384115 2.114550 0.000000
 0.812778 0.333497 1.335616 0.454491 1.381277 2.114448 0.000000
 0.813889 0.326354 1.305475 0.440823 1.375156 2.113977 0.000000
 0.815000 0.311901 1.242087 0.413320 1.362069 2.111854 0.000000
 0.816111 0.284866 1.113809 0.362490 1.334724 2.102801 0.000000
 0.817222 0.241620 0.876572 0.283264 1.281131 2.069217 0.000000
 0.818333 0.189356 0.524120 0.192833 1.194029 1.981481 0.000000
 0.819444 0.148465 0.197010 0.129875 1.106660 1.876076 0.000000
 0.820556 0.130544 0.046508 0.106433 1.068375 1.840844 0.000000
 0.821667 0.126038 0.008762 0.101171 1.060083 1.838022 0.000000
 0.822778 0.125183 0.001552 0.100206 1.058612 1.837921 0.000000
 0.823889 0.125032 0.000272 0.100036 1.058355 1.837917 0.000000
 0.825000 0.125006 0.000047 0.100006 1.058310 1.837917 0.000000
 0.826111 0.125001 0.000008 0.100001 1.058302 1.837917 0.000000
 0.827222 0.125000 0.000001 0.100000 1.058301 1.837917 0.000000
 0.828333 0.125000 0.000000 0.100000 1.058301 1.837917 0.000000
 0.829444 0.125000 0.000000 0.100000 1.058301 1.837917 0.000000
 0.830556 0.125000 0.000000 0.100000 1.058301 1.837917 0.000000
 0.831667 0.125000 0.000000 0.100000 1.058301 1.837917 0.000000
 0.832778 0.125000 0.000000 0.100000 1.058301 1.837917 0.000000
 0.833889 0.125000 0.000000 0.100000 1.058301 1.837917 0.000000
 0.835000 0.125000 0.000000 0.100000 1.058301 1.837917 0.000000
 0.836111 0.125000 0.000000 0.100000 1.058301 1.837917 0.000000
 0.837222 0.125000 0.000000 0.100000 1.058301 1.837917 0.000000
 0.838333 0.125000 0.000000 0.100000 1.058301 1.837917 0.000000
 0.839444 0.125000 0.000000 0.100000 1.058301 1.837917 0.000000
 0.840556 0.125000 0.000000 0.100000 1.058301 1.837917 0.000000
 0.841667 0.125000 0.000000 0.100000 1.058301 1.837917 0.000000
 0.842778 0.125000 0.000000 0.100000 1.058301 1.837917 0.000000
 0.843889 0.125000 0.000000 0.100000 1.058301 1.837917 0.000000
 0.845000 0.125000 0.000000 0.100000 1.058301 1.837917 0.000000
 0.846111 0.125000 0.000000 0.100000 1.058301 1.837917 0.000000
 0.847222 0.125000 0.000000 0.100000 1.058301 1.837917 0.000000
 0.848333 0.125000 0.000000 0.100000 1.058301 1.837917 0.000000
 0.849444 0.125000 0.000000 0.100000 1.058301 1.837917 0.000000
 0.850556 0.125000 0.000000 0.100000 1.058301 1.837917 0.000000
 0.851667 0.125000 0.000000 0.100000 1.058301 1.837917 0.000000
 0.852778 0.125000 0.000000 0.100000 1.058301 1.837917 0.000000
 0.853889 0.125000 0.000000 0.100000 1.058301 1.837917 0.000000
 0.855000 0.125000 0.000000 0.100000 1.058301 1.837917 0.000000
 0.856111 0.125000 0.000000 0.100000 1.058301 1.837917 0.000000
 0.857222 0.125000 0.000000 0.100000 1.058301 1.837917 0.000000
 0.858333 0.125000 0.000000 0.100000 1.058301 1.837917 0.000000
 0.859444 0.125000 0.000000 0.100000 1.058301 1.837917 0.000000
 0.860556 0.125000 0.000000 0.100000 1.058301 1.837917 0.000000
 0.861667 0.125000 0.000000 0.100000 1.058301 1.837917 0.000000
 0.862778 0.125000 0.000000 0.100000 1.058301 1.837917 0.000000
 0.863889 0.125000 0.000000 0.100000 1.058301 1.837917 0.000000
 0.865000 0.125000 0.000000 0.100000 1.058301 1.837917 0.000000
 0.866111 0.125000 0.000000 0.100000 1.058301 1.837917 0.000000
 0.867222 0.125000 0.000000 0.100000 1.058301 1.837917 0.000000
 0.868333 0.125000 0.000000 0.100000 1.058301 1.837917 0.000000
 0.869444 0.125000 0.000000 0.100000 1.058301 1.837917 0.000000
 0.870556 0.125000 0.000000 0.100000 1.058301 1.837917 0.000000
 0.871667 0.125000 0.000000 0.100000 1.058301 1.837917 0.000000
 0.872778 0.125000 0.000000 0.100000 1.058301 1.837917 0.000000
 0.873889 0.125000 0.000000 0.100000 1.058301 1.837917 0.000000
 0.875000 0.125000 0.000000 0.100000 1.058301 1.837917 0.000000
 0.876111 0.125000 0.000000 0.100000 1.058301 1.837917 0.000000
 0.877222 0.125000 0.000000 0.100000 1.058301 1.837917 0.000000
 0.878333 0.125000 0.000000 0.100000 1.058301 1.837917 0.000000
 0.879444 0.125000 0.000000 0.100000 1.058301 1.837917 0.000000
 0.880556 0.125000 0.000000 0.100000 1.058301 1.837917 0.000000
 0.881667 0.125000 0.000000 0.100000 1.058301 1.837917 0.000000
 0.882778 0.125000 0.000000 0.100000 1.058301 1.837917 0.000000
 0.883889 0.125000 0.000000 0.100000 1.058301 1.837917 0.000000
 0.885000 0.125000 0.000000 0.100000 1.058301 1.837917 0.000000
 0.886111 0.125000 0.000000 0.100000 1.058301 1.837917 0.000000
 0.887222 0.125000 0.000000 0.100000 1.058301 1.837917 0.000000
 0.888333 0.125000 0.000000 0.100000 1.058301 1.837917 0.000000
 0.889444 0.125000 0.000000 0.100000 1.058301 1.837917 0.000000
 0.890556 0.125000 0.000000 0.100000 1.058301 1.837917 0.000000
 0.891667 0.125000 0.000000 0.100000 1.058301 1.837917 0.000000
 0.892778 0.125000 0.000000 0.100000 1.058301 1.837917 0.000000
 0.893889 0.125000 0.000000 0.100000 1.058301 1.837917 0.000000
 0.895000 0.125000 0.000000 0.100000 1.058301 1.837917 0.000000
 0.896111 0.125000 0.000000 0.100000 1.058301 1.837917 0.000000
 0.897222 0.125000 0.000000 0.100000 1.058301 1.837917 0.000000
 0.898333 0.125000 0.000000 0.100000 1.058301 1.837917 0.000000
 0.899444 0.125000 0.000000 0.100000 1.058301 1.837917 0.000000
 0.900556 0.125000 0.000000 0.100000 1.058301 1.837917 0.000000
 0.901667 0.125000 0.000000 0.100000 1.058301 1.837917 0.000000
 0.902778 0.125000 0.000000 0.100000 1.058301 1.837917 0.000000
 0.903889 0.125000 0.000000 0.100000 1.058301 1.837917 0.000000
 0.905000 0.125000 0.000000 0.100000 1.058301 1.837917 0.000000
 0.906111 0.125000 0.000000 0.100000 1.058301 1.837917 0.000000
 0.907222 0.125000 0.000000 0.100000 1.058301 1.837917 0.000000
 0.908333 0.125000 0.000000 0.100000 1.058301 1.837917 0.000000
 0.909444 0.125000 0.000000 0.100000 1.058301 1.837917 0.000000
 0.910556 0.125000 0.000000 0.100000 1.058301 1.837917 0.000000
 0.911667 0.125000 0.000000 0.100000 1.058301 1.837917 0.000000
 0.912778 0.125000 0.000000 0.100000 1.058301 1.837917 0.000000
 0.913889 0.125000 0.000000 0.100000 1.058301 1.837917 0.000000
 0.915000 0.125000 0.000000 0.100000 1.058301 1.837917 0.000000
 0.916111 0.125000 0.000000 0.100000 1.058301 1.837917 0.000000
 0.917222 0.125000 0.000000 0.100000 1.058301 1.837917 0.000000
 0.918333 0.125000 0.000000 0.100000 1.058301 1.837917 0.000000
 0.919444 0.125000 0.000000 0.100000 1.058301 1.837917 0.000000
 0.920556 0.125000 0.000000 0.100000 1.058301 1.837917 0.000000
 0.921667 0.125000 0.000000 0.100000 1.058301 1.837917 0.000000
 0.922778 0.125000 0.000000 0.100000 1.058301 1.837917 0.000000
 0.923889 0.125000 0.000000 0.100000 1.058301 1.837917 0.000000
 0.925000 0.125000 0.000000 0.100000 1.058301 1.837917 0.000000
 0.926111 0.125000 0.000000 0.100000 1.058301 1.837917 0.000000
 0.927222 0.125000 0.000000 0.100000 1.058301 1.837917 0.000000
 0.928333 0.125000 0.000000 0.100000 1.058301 1.837917 0.000000
 0.929444 0.125000 0.000000 0.100000 1.058301 1.837917 0.000000
 0.930556 0.125000 0.000000 0.100000 1.058301 1.837917 0.000000
 0.931667 0.125000 0.000000 0.100000 1.058301 1.837917 0.000000
 0.932778 0.125000 0.000000 0.100000 1.058301 1.837917 0.000000
 0.933889 0.125000 0.000000 0.100000 1.058301 1.837917 0.000000
 0.935000 0.125000 0.000000 0.100000 1.058301 1.837917 0.000000
 0.936111 0.125000 0.000000 0.100000 1.058301 1.837917 0.000000
 0.937222 0.125000 0.000000 0.100000 1.058301 1.837917 0.000000
 0.938333 0.125000 0.000000 0.100000 1.058301 1.837917 0.000000
 0.939444 0.125000 0.000000 0.100000 1.058301 1.837917 0.000000
 0.940556 0.125000 0.000000 0.100000 1.058301 1.837917 0.000000
 0.941667 0.125000 0.000000 0.100000 1.058301 1.837917 0.000000
 0.942778 0.125000 0.000000 0.100000 1.058301 1.837917 0.000000
 0.943889 0.125000 0.000000 0.100000 1.058301 1.837917 0.000000
 0.945000 0.125000 0.000000 0.100000 1.058301 1.837917 0.000000
 0.946111 0.125000 0.000000 0.100000 1.058301 1.837917 0.000000
 0.947222 0.125000 0.000000 0.100000 1.058301 1.837917 0.000000
 0.948333 0.125000 0.000000 0.100000 1.058301 1.837917 0.000000
 0.949444 0.125000 0.000000 0.100000 1.058301 1.837917 0.000000
 0.950556 0.125000 0.000000 0.100000 1.058301 1.837917 0.000000
 0.951667 0.125000 0.000000 0.100000 1.058301 1.837917 0.000000
 0.952778 0.125000 0.000000 0.100000 1.058301 1.837917 0.000000
 0.953889 0.125000 0.000000 0.100000 1.058301 1.837917 0.000000
 0.955000 0.125000 0.000000 0.100000 1.058301 1.837917 0.000000
 0.956111 0.125000 0.000000 0.100000 1.058301 1.837917 0.000000
 0.957222 0.125000 0.000000 0.100000 1.058301 1.837917 0.000000
 0.958333 0.125000 0.000000 0.100000 1.058301 1.837917 0.000000
 0.959444 0.125000 0.000000 0.100000 1.058301 1.837917 0.000000
 0.960556 0.125000 0.000000 0.100000 1.058301 1.837917 0.000000
 0.961667 0.125000 0.000000 0.100000 1.058301 1.837917 0.000000
 0.962778 0.125000 0.000000 0.100000 1.058301 1.837917 0.000000
 0.963889 0.125000 0.000000 0.100000 1.058301 1.837917 0.000000
 0.965000 0.125000 0.000000 0.100000 1.058301 1.837917 0.000000
 0.966111 0.125000 0.000000 0.100000 1.058301 1.837917 0.000000
 0.967222 0.125000 0.000000 0.100000 1.058301 1.837917 0.000000
 0.968333 0.125000 0.000000 0.100000 1.058301 1.837917 0.000000
 0.969444 0.125000 0.000000 0.100000 1.058301 1.837917 0.000000
 0.970556 0.125000 0.000000 0.100000 1.058301 1.837917 0.000000
 0.971667 0.125000 0.000000 0.100000 1.058301 1.837917 0.000000
 0.972778 0.125000 0.000000 0.100000 1.058301 1.837917 0.000000
 0.973889 0.125000 0.000000 0.100000 1.058301 1.837917 0.000000
 0.975000 0.125000 0.000000 0.100000 1.058301 1.837917 0.000000
 0.976111 0.125000 0.000000 0.100000 1.058301 1.837917 0.000000
 0.977222 0.125000 0.000000 0.100000 1.058301 1.837917 0.000000
 0.978333 0.125000 0.000000 0.100000 1.058301 1.837917 0.000000
 0.979444 0.125000 0.000000 0.100000 1.058301 1.837917 0.000000
 0.980556 0.125000 0.000000 0.100000 1.058301 1.837917 0.000000
 0.981667 0.125000 0.000000 0.100000 1.058301 1.837917 0.000000
 0.982778 0.125000 0.000000 0.100000 1.058301 1.837917 0.000000
 0.983889 0.125000 0.000000 0.100000 1.058301 1.837917 0.000000
 0.985000 0.125000 0.000000 0.100000 1.058301 1.837917 0.000000
 0.986111 0.125000 0.000000 0.100000 1.058301 1.837917 0.000000
 0.987222 0.125000 0.000000 0.100000 1.058301 1.837917 0.000000
 0.988333 0.125000 0.000000 0.100000 1.058301 1.837917 0.000000
 0.989444 0.125000 0.000000 0.100000 1.058301 1.837917 0.000000
 0.990556 0.125000 0.000000 0.100000 1.058301 1.837917 0.000000
 0.991667 0.125000 0.000000 0.100000 1.058301 1.837917 0.000000
 0.992778 0.125000 0.000000 0.100000 1.058301 1.837917 0.000000
 0.993889 0.125000 0.000000 0.100000 1.058301 1.837917 0.000000
 0.995000 0.125000 0.000000 0.100000 1.058301 1.837917 0.000000
 0.996111 0.125000 0.000000 0.100000 1.058301 1.837917 0.000000
 0.997222 0.125000 0.000000 0.100000 1.058301 1.837917 0.000000
 0.998333 0.125000 0.000000 0.100000 1.058301 1.837917 0.000000
 0.999444 0.125000 0.000000 0.100000 1.058301 1.837917 0.000000
