Timer: 0.315025
 0.000556 1.271398 0.292883 1.401766 1.242398 0.001568 0.000000
 0.001667 1.271399 0.292883 1.401766 1.242399 0.001568 0.000000
 0.002778 1.271399 0.292883 1.401766 1.242399 0.001568 0.000000
 0.003889 1.271399 0.292883 1.401767 1.242399 0.001568 0.000000
 0.005000 1.271399 0.292883 1.401767 1.242399 0.001568 0.000000
 0.006111 1.271399 0.292882 1.401767 1.242399 0.001568 0.000000
 0.007222 1.271399 0.292882 1.401767 1.242399 0.001568 0.000000
 0.008333 1.271400 0.292882 1.401768 1.242399 0.001568 0.000000
 0.009444 1.271400 0.292882 1.401768 1.242399 0.001568 0.000000
 0.010556 1.271400 0.292882 1.401768 1.242399 0.001568 0.000000
 0.011667 1.271400 0.292882 1.401768 1.242399 0.001568 0.000000
 0.012778 1.271400 0.292882 1.401768 1.242399 0.001568 0.000000
 0.013889 1.271400 0.292881 1.401769 1.242399 0.001568 0.000000
 0.015000 1.271400 0.292881 1.401769 1.242399 0.001568 0.000000
 0.016111 1.271401 0.292881 1.401769 1.242399 0.001568 0.000000
 0.017222 1.271401 0.292881 1.401769 1.242399 0.001568 0.000000
 0.018333 1.271401 0.292881 1.401770 1.242399 0.001568 0.000000
 0.019444 1.271401 0.292881 1.401770 1.242399 0.001568 0.000000
 0.020556 1.271401 0.292881 1.401770 1.242399 0.001568 0.000000
 0.021667 1.271401 0.292881 1.401770 1.242399 0.001568 0.000000
 0.022778 1.271401 0.292880 1.401770 1.242399 0.001568 0.000000
 0.023889 1.271401 0.292880 1.401771 1.242399 0.001568 0.000000
 0.025000 1.271402 0.292880 1.401771 1.242399 0.001568 0.000000
 0.026111 1.271402 0.292880 1.401771 1.242399 0.001568 0.000000
 0.027222 1.271402 0.292880 1.401771 1.242399 0.001568 0.000000
 0.028333 1.271402 0.292880 1.401771 1.242399 0.001568 0.000000
 0.029444 1.271402 0.292880 1.401771 1.242399 0.001568 0.000000
 0.030556 1.271402 0.292880 1.401772 1.242399 0.001568 0.000000
 0.031667 1.271402 0.292879 1.401772 1.242399 0.001568 0.000000
 0.032778 1.271402 0.292879 1.401772 1.242399 0.001568 0.000000
 0.033889 1.271403 0.292879 1.401772 1.242399 0.001568 0.000000
 0.035000 1.271403 0.292879 1.401772 1.242399 0.001568 0.000000
 0.036111 1.271403 0.292879 1.401773 1.242399 0.001568 0.000000
 0.037222 1.271403 0.292879 1.401773 1.242399 0.001568 0.000000
 0.038333 1.271403 0.292879 1.401773 1.242399 0.001568 0.000000
 0.039444 1.271403 0.292879 1.401773 1.242399 0.001568 0.000000
 0.040556 1.271403 0.292879 1.401773 1.242399 0.001568 0.000000
 0.041667 1.271403 0.292878 1.401773 1.242399 0.001568 0.000000
 0.042778 1.271403 0.292878 1.401774 1.242399 0.001568 0.000000
 0.043889 1.271404 0.292878 1.401774 1.242400 0.001568 0.000000
 0.045000 1.271404 0.292878 1.401774 1.242400 0.001568 0.000000
 0.046111 1.271404 0.292878 1.401774 1.242400 0.001568 0.000000
 0.047222 1.271404 0.292878 1.401774 1.242400 0.001568 0.000000
 0.048333 1.271404 0.292878 1.401774 1.242400 0.001568 0.000000
 0.049444 1.271404 0.292878 1.401775 1.242400 0.001568 0.000000
 0.050556 1.271404 0.292878 1.401775 1.242400 0.001568 0.000000
 0.051667 1.271404 0.292878 1.401775 1.242400 0.001568 0.000000
 0.052778 1.271404 0.292877 1.401775 1.242400 0.001568 0.000000
 0.053889 1.271404 0.292877 1.401775 1.242400 0.001568 0.000000
 0.055000 1.271405 0.292877 1.401775 1.242400 0.001568 0.000000
 0.056111 1.271405 0.292877 1.401775 1.242400 0.001568 0.000000
 0.057222 1.271405 0.292877 1.401776 1.242400 0.001568 0.000000
 0.058333 1.271405 0.292877 1.401776 1.242400 0.001568 0.000000
 0.059444 1.271405 0.292877 1.401776 1.242400 0.001568 0.000000
 0.060556 1.271405 0.292877 1.401776 1.242400 0.001568 0.000000
 0.061667 1.271405 0.292877 1.401776 1.242400 0.001568 0.000000
 0.062778 1.271405 0.292877 1.401776 1.242400 0.001568 0.000000
 0.063889 1.271405 0.292877 1.401776 1.242400 0.001568 0.000000
 0.065000 1.271405 0.292876 1.401776 1.242400 0.001568 0.000000
 0.066111 1.271405 0.292876 1.401777 1.242400 0.001568 0.000000
 0.067222 1.271405 0.292876 1.401777 1.242400 0.001568 0.000000
 0.068333 1.271406 0.292876 1.401777 1.242400 0.001568 0.000000
 0.069444 1.271406 0.292876 1.401777 1.242400 0.001568 0.000000
 0.070556 1.271406 0.292876 1.401777 1.242400 0.001568 0.000000
 0.071667 1.271406 0.292876 1.401777 1.242400 0.001568 0.000000
 0.072778 1.271406 0.292876 1.401777 1.242400 0.001568 0.000000
 0.073889 1.271406 0.292876 1.401777 1.242400 0.001568 0.000000
 0.075000 1.271406 0.292876 1.401778 1.242400 0.001568 -0.000000
 0.076111 1.271406 0.292876 1.401778 1.242400 0.001568 -0.000000
 0.077222 1.271406 0.292876 1.401778 1.242400 0.001568 -0.000000
 0.078333 1.271406 0.292876 1.401778 1.242400 0.001568 -0.000000
 0.079444 1.271406 0.292875 1.401778 1.242400 0.001568 -0.000000
 0.080556 1.271406 0.292875 1.401778 1.242400 0.001568 -0.000000
 0.081667 1.271406 0.292875 1.401778 1.242400 0.001568 -0.000000
 0.082778 1.271407 0.292875 1.401778 1.242400 0.001568 -0.000000
 0.083889 1.271407 0.292875 1.401778 1.242400 0.001568 -0.000000
 0.085000 1.271407 0.292875 1.401779 1.242400 0.001568 -0.000000
 0.086111 1.271407 0.292875 1.401779 1.242400 0.001568 -0.000000
 0.087222 1.271407 0.292875 1.401779 1.242400 0.001568 -0.000000
 0.088333 1.271407 0.292875 1.401779 1.242400 0.001568 -0.000000
 0.089444 1.271407 0.292875 1.401779 1.242400 0.001568 -0.000000
 0.090556 1.271407 0.292875 1.401779 1.242400 0.001568 -0.000000
 0.091667 1.271407 0.292875 1.401779 1.242400 0.001568 -0.000000
 0.092778 1.271407 0.292875 1.401779 1.242400 0.001568 -0.000000
 0.093889 1.271407 0.292875 1.401779 1.242400 0.001568 -0.000000
 0.095000 1.271407 0.292875 1.401780 1.242400 0.001568 -0.000000
 0.096111 1.271407 0.292875 1.401780 1.242400 0.001568 -0.000000
 0.097222 1.271407 0.292874 1.401780 1.242400 0.001568 -0.000000
 0.098333 1.271407 0.292874 1.401780 1.242400 0.001568 -0.000000
 0.099444 1.271408 0.292874 1.401780 1.242400 0.001568 -0.000000
 0.100556 1.271408 0.292874 1.401780 1.242400 0.001568 -0.000000
 0.101667 1.271408 0.292874 1.401780 1.242400 0.001568 -0.000000
 0.102778 1.271408 0.292874 1.401780 1.242400 0.001568 -0.000000
 0.103889 1.271408 0.292874 1.401780 1.242400 0.001568 -0.000000
 0.105000 1.271408 0.292874 1.401780 1.242400 0.001568 -0.000000
 0.106111 1.271408 0.292874 1.401780 1.242400 0.001568 -0.000000
 0.107222 1.271408 0.292874 1.401781 1.242400 0.001568 -0.000000
 0.108333 1.271408 0.292874 1.401781 1.242400 0.001568 -0.000000
 0.109444 1.271408 0.292874 1.401781 1.242400 0.001568 -0.000000
 0.110556 1.271408 0.292874 1.401781 1.242400 0.001568 -0.000000
 0.111667 1.271408 0.292874 1.401781 1.242400 0.001568 -0.000000
 0.112778 1.271408 0.292874 1.401781 1.242400 0.001568 -0.000000
 0.113889 1.271408 0.292874 1.401781 1.242400 0.001568 -0.000000
 0.115000 1.271408 0.292874 1.401781 1.242400 0.001568 -0.000000
 0.116111 1.271408 0.292874 1.401781 1.242400 0.001568 -0.000000
 0.117222 1.271408 0.292873 1.401781 1.242400 0.001568 -0.000000
 0.118333 1.271408 0.292873 1.401781 1.242400 0.001568 -0.000000
 0.119444 1.271409 0.292873 1.401781 1.242400 0.001568 -0.000000
 0.120556 1.271409 0.292873 1.401782 1.242400 0.001568 -0.000000
 0.121667 1.271409 0.292873 1.401782 1.242400 0.001568 -0.000000
 0.122778 1.271409 0.292873 1.401782 1.242401 0.001568 -0.000000
 0.123889 1.271409 0.292873 1.401782 1.242401 0.001568 -0.000000
 0.125000 1.271409 0.292873 1.401782 1.242401 0.001568 -0.000000
 0.126111 1.271409 0.292873 1.401782 1.242401 0.001568 -0.000000
 0.127222 1.271409 0.292873 1.401782 1.242401 0.001568 -0.000000
 0.128333 1.271409 0.292873 1.401782 1.242401 0.001568 -0.000000
 0.129444 1.271409 0.292873 1.401782 1.242401 0.001568 -0.000000
 0.130556 1.271409 0.292873 1.401782 1.242401 0.001568 -0.000000
 0.131667 1.271409 0.292873 1.401782 1.242401 0.001568 -0.000000
 0.132778 1.271409 0.292873 1.401782 1.242401 0.001568 -0.000000
 0.133889 1.271409 0.292873 1.401782 1.242401 0.001568 -0.000000
 0.135000 1.271409 0.292873 1.401782 1.242401 0.001568 -0.000000
 0.136111 1.271409 0.292873 1.401783 1.242401 0.001568 -0.000000
 0.137222 1.271409 0.292873 1.401783 1.242401 0.001568 -0.000000
 0.138333 1.271409 0.292873 1.401783 1.242401 0.001568 -0.000000
 0.139444 1.271409 0.292873 1.401783 1.242401 0.001568 -0.000000
 0.140556 1.271409 0.292873 1.401783 1.242401 0.001568 -0.000000
 0.141667 1.271409 0.292872 1.401783 1.242401 0.001568 -0.000000
 0.142778 1.271409 0.292872 1.401783 1.242401 0.001568 -0.000000
 0.143889 1.271410 0.292872 1.401783 1.242401 0.001568 -0.000000
 0.145000 1.271410 0.292872 1.401783 1.242401 0.001568 -0.000000
 0.146111 1.271410 0.292872 1.401783 1.242401 0.001568 -0.000000
 0.147222 1.271410 0.292872 1.401783 1.242401 0.001568 -0.000000
 0.148333 1.271410 0.292872 1.401783 1.242401 0.001568 -0.000000
 0.149444 1.271410 0.292872 1.401783 1.242401 0.001568 -0.000000
 0.150556 1.271410 0.292872 1.401783 1.242401 0.001568 -0.000000
 0.151667 1.271410 0.292872 1.401783 1.242401 0.001568 -0.000000
 0.152778 1.271410 0.292872 1.401783 1.242401 0.001568 -0.000000
 0.153889 1.271410 0.292872 1.401783 1.242401 0.001568 -0.000000
 0.155000 1.271410 0.292872 1.401784 1.242401 0.001569 -0.000000
 0.156111 1.271410 0.292872 1.401784 1.242401 0.001569 -0.000000
 0.157222 1.271410 0.292872 1.401784 1.242401 0.001569 -0.000000
 0.158333 1.271409 0.292872 1.401784 1.242401 0.001569 -0.000000
 0.159444 1.271409 0.292872 1.401784 1.242401 0.001570 -0.000000
 0.160556 1.271408 0.292872 1.401784 1.242402 0.001571 -0.000000
 0.161667 1.271407 0.292872 1.401784 1.242402 0.001572 -0.000000
 0.162778 1.271405 0.292872 1.401784 1.242403 0.001574 -0.000000
 0.163889 1.271403 0.292872 1.401784 1.242404 0.001576 -0.000000
 0.165000 1.271400 0.292872 1.401784 1.242406 0.001580 -0.000000
 0.166111 1.271395 0.292872 1.401784 1.242408 0.001585 -0.000000
 0.167222 1.271388 0.292872 1.401784 1.242412 0.001593 -0.000001
 0.168333 1.271379 0.292872 1.401784 1.242416 0.001603 -0.000001
 0.169444 1.271367 0.292872 1.401784 1.242422 0.001616 -0.000001
 0.170556 1.271351 0.292872 1.401784 1.242430 0.001634 -0.000001
 0.171667 1.271330 0.292872 1.401784 1.242440 0.001657 -0.000002
 0.172778 1.271304 0.292871 1.401784 1.242453 0.001686 -0.000002
 0.173889 1.271272 0.292871 1.401784 1.242469 0.001721 -0.000003
 0.175000 1.271232 0.292871 1.401784 1.242488 0.001765 -0.000003
 0.176111 1.271185 0.292871 1.401785 1.242511 0.001817 -0.000004
 0.177222 1.271129 0.292871 1.401785 1.242538 0.001878 -0.000005
 0.178333 1.271065 0.292871 1.401785 1.242570 0.001949 -0.000005
 0.179444 1.270991 0.292871 1.401785 1.242606 0.002030 -0.000006
 0.180556 1.270909 0.292871 1.401785 1.242646 0.002120 -0.000007
 0.181667 1.270820 0.292871 1.401785 1.242690 0.002219 -0.000008
 0.182778 1.270723 0.292871 1.401785 1.242737 0.002326 -0.000008
 0.183889 1.270621 0.292871 1.401785 1.242787 0.002438 -0.000009
 0.185000 1.270516 0.292871 1.401785 1.242838 0.002554 -0.000009
 0.186111 1.270409 0.292871 1.401785 1.242891 0.002672 -0.000009
 0.187222 1.270303 0.292871 1.401785 1.242942 0.002788 -0.000009
 0.188333 1.270201 0.292871 1.401785 1.242992 0.002901 -0.000009
 0.189444 1.270104 0.292871 1.401785 1.243040 0.003008 -0.000008
 0.190556 1.270016 0.292871 1.401785 1.243083 0.003106 -0.000007
 0.191667 1.269937 0.292871 1.401785 1.243122 0.003192 -0.000007
 0.192778 1.269871 0.292871 1.401785 1.243154 0.003265 -0.000005
 0.193889 1.269818 0.292871 1.401785 1.243180 0.003324 -0.000004
 0.195000 1.269779 0.292871 1.401785 1.243199 0.003366 -0.000003
 0.196111 1.269755 0.292871 1.401785 1.243211 0.003393 -0.000002
 0.197222 1.269746 0.292871 1.401785 1.243215 0.003403 -0.000001
 0.198333 1.269750 0.292871 1.401785 1.243213 0.003398 0.000000
 0.199444 1.269768 0.292871 1.401785 1.243204 0.003379 0.000002
 0.200556 1.269798 0.292871 1.401785 1.243190 0.003346 0.000003
 0.201667 1.269838 0.292871 1.401785 1.243170 0.003302 0.000003
 0.202778 1.269887 0.292871 1.401786 1.243147 0.003248 0.000004
 0.203889 1.269942 0.292871 1.401786 1.243119 0.003187 0.000005
 0.205000 1.270003 0.292871 1.401786 1.243090 0.003120 0.000005
 0.206111 1.270067 0.292871 1.401786 1.243058 0.003049 0.000005
 0.207222 1.270133 0.292871 1.401786 1.243026 0.002976 0.000006
 0.208333 1.270200 0.292871 1.401786 1.242993 0.002903 0.000006
 0.209444 1.270266 0.292871 1.401786 1.242961 0.002830 0.000006
 0.210556 1.270330 0.292871 1.401786 1.242930 0.002759 0.000005
 0.211667 1.270392 0.292871 1.401786 1.242899 0.002691 0.000005
 0.212778 1.270451 0.292871 1.401786 1.242871 0.002626 0.000005
 0.213889 1.270507 0.292871 1.401786 1.242843 0.002565 0.000005
 0.215000 1.270559 0.292871 1.401786 1.242818 0.002508 0.000004
 0.216111 1.270607 0.292870 1.401786 1.242794 0.002454 0.000004
 0.217222 1.270652 0.292870 1.401786 1.242772 0.002405 0.000004
 0.218333 1.270694 0.292870 1.401786 1.242752 0.002359 0.000003
 0.219444 1.270732 0.292870 1.401786 1.242733 0.002317 0.000003
 0.220556 1.270767 0.292870 1.401786 1.242716 0.002278 0.000003
 0.221667 1.270799 0.292870 1.401786 1.242700 0.002243 0.000003
 0.222778 1.270829 0.292870 1.401786 1.242686 0.002210 0.000002
 0.223889 1.270856 0.292870 1.401786 1.242672 0.002180 0.000002
 0.225000 1.270881 0.292870 1.401786 1.242660 0.002152 0.000002
 0.226111 1.270905 0.292870 1.401786 1.242649 0.002127 0.000002
 0.227222 1.270926 0.292870 1.401786 1.242638 0.002103 0.000002
 0.228333 1.270946 0.292870 1.401786 1.242629 0.002081 0.000002
 0.229444 1.270965 0.292870 1.401786 1.242620 0.002061 0.000002
 0.230556 1.270982 0.292870 1.401786 1.242611 0.002042 0.000001
 0.231667 1.270998 0.292870 1.401786 1.242603 0.002024 0.000001
 0.232778 1.271014 0.292870 1.401786 1.242596 0.002007 0.000001
 0.233889 1.271028 0.292870 1.401786 1.242589 0.001991 0.000001
 0.235000 1.271041 0.292870 1.401786 1.242582 0.001976 0.000001
 0.236111 1.271054 0.292870 1.401787 1.242576 0.001962 0.000001
 0.237222 1.271066 0.292870 1.401787 1.242570 0.001949 0.000001
 0.238333 1.271078 0.292870 1.401787 1.242564 0.001936 0.000001
 0.239444 1.271089 0.292870 1.401787 1.242559 0.001924 0.000001
 0.240556 1.271099 0.292870 1.401787 1.242554 0.001913 0.000001
 0.241667 1.271109 0.292870 1.401787 1.242549 0.001902 0.000001
 0.242778 1.271118 0.292870 1.401787 1.242545 0.001892 0.000001
 0.243889 1.271127 0.292870 1.401787 1.242540 0.001882 0.000001
 0.245000 1.271136 0.292870 1.401787 1.242536 0.001872 0.000001
 0.246111 1.271144 0.292870 1.401787 1.242532 0.001863 0.000001
 0.247222 1.271152 0.292870 1.401787 1.242528 0.001854 0.000001
 0.248333 1.271160 0.292870 1.401787 1.242524 0.001846 0.000001
 0.249444 1.271167 0.292870 1.401787 1.242521 0.001838 0.000001
 0.250556 1.271174 0.292870 1.401787 1.242517 0.001830 0.000001
 0.251667 1.271181 0.292870 1.401787 1.242514 0.001823 0.000001
 0.252778 1.271187 0.292870 1.401787 1.242511 0.001816 0.000001
 0.253889 1.271194 0.292870 1.401787 1.242508 0.001809 0.000001
 0.255000 1.271200 0.292870 1.401787 1.242505 0.001802 0.000001
 0.256111 1.271205 0.292870 1.401787 1.242502 0.001796 0.000000
 0.257222 1.271211 0.292870 1.401787 1.242500 0.001790 0.000000
 0.258333 1.271216 0.292870 1.401787 1.242497 0.001784 0.000000
 0.259444 1.271221 0.292870 1.401787 1.242494 0.001778 0.000000
 0.260556 1.271226 0.292870 1.401787 1.242492 0.001773 0.000000
 0.261667 1.271231 0.292870 1.401787 1.242490 0.001768 0.000000
 0.262778 1.271236 0.292870 1.401787 1.242487 0.001762 0.000000
 0.263889 1.271241 0.292870 1.401787 1.242485 0.001757 0.000000
 0.265000 1.271245 0.292870 1.401787 1.242483 0.001753 0.000000
 0.266111 1.271249 0.292870 1.401787 1.242481 0.001748 0.000000
 0.267222 1.271253 0.292870 1.401787 1.242479 0.001743 0.000000
 0.268333 1.271257 0.292870 1.401787 1.242477 0.001739 0.000000
 0.269444 1.271261 0.292870 1.401787 1.242475 0.001735 0.000000
 0.270556 1.271265 0.292870 1.401787 1.242473 0.001731 0.000000
 0.271667 1.271268 0.292870 1.401787 1.242472 0.001727 0.000000
 0.272778 1.271272 0.292870 1.401787 1.242470 0.001723 0.000000
 0.273889 1.271275 0.292870 1.401787 1.242468 0.001719 0.000000
 0.275000 1.271279 0.292870 1.401787 1.242467 0.001716 0.000000
 0.276111 1.271282 0.292870 1.401787 1.242465 0.001712 0.000000
 0.277222 1.271285 0.292870 1.401787 1.242463 0.001709 0.000000
 0.278333 1.271288 0.292870 1.401787 1.242462 0.001705 0.000000
 0.279444 1.271291 0.292870 1.401787 1.242461 0.001702 0.000000
 0.280556 1.271294 0.292870 1.401787 1.242459 0.001699 0.000000
 0.281667 1.271297 0.292870 1.401787 1.242458 0.001696 0.000000
 0.282778 1.271299 0.292870 1.401788 1.242457 0.001693 0.000000
 0.283889 1.271302 0.292869 1.401788 1.242455 0.001690 0.000000
 0.285000 1.271304 0.292869 1.401788 1.242454 0.001687 0.000000
 0.286111 1.271307 0.292869 1.401788 1.242453 0.001685 0.000000
 0.287222 1.271309 0.292869 1.401788 1.242452 0.001682 0.000000
 0.288333 1.271312 0.292869 1.401788 1.242450 0.001679 0.000000
 0.289444 1.271314 0.292869 1.401788 1.242449 0.001677 0.000000
 0.290556 1.271316 0.292869 1.401788 1.242448 0.001674 0.000000
 0.291667 1.271318 0.292869 1.401788 1.242447 0.001672 0.000000
 0.292778 1.271321 0.292869 1.401788 1.242446 0.001670 0.000000
 0.293889 1.271323 0.292869 1.401788 1.242445 0.001667 0.000000
 0.295000 1.271325 0.292869 1.401788 1.242444 0.001665 0.000000
 0.296111 1.271327 0.292869 1.401788 1.242443 0.001663 0.000000
 0.297222 1.271328 0.292869 1.401788 1.242442 0.001661 0.000000
 0.298333 1.271330 0.292869 1.401788 1.242442 0.001659 0.000000
 0.299444 1.271332 0.292869 1.401788 1.242441 0.001657 0.000000
 0.300556 1.271334 0.292869 1.401788 1.242440 0.001655 0.000000
 0.301667 1.271336 0.292869 1.401788 1.242439 0.001653 0.000000
 0.302778 1.271337 0.292869 1.401788 1.242438 0.001651 0.000000
 0.303889 1.271339 0.292869 1.401788 1.242437 0.001650 0.000000
 0.305000 1.271340 0.292869 1.401788 1.242437 0.001648 0.000000
 0.306111 1.271342 0.292869 1.401788 1.242436 0.001646 0.000000
 0.307222 1.271344 0.292869 1.401788 1.242435 0.001645 0.000000
 0.308333 1.271345 0.292869 1.401788 1.242434 0.001643 0.000000
 0.309444 1.271346 0.292869 1.401788 1.242434 0.001641 0.000000
 0.310556 1.271348 0.292869 1.401788 1.242433 0.001640 0.000000
 0.311667 1.271349 0.292869 1.401788 1.242432 0.001638 0.000000
 0.312778 1.271351 0.292869 1.401788 1.242432 0.001637 0.000000
 0.313889 1.271352 0.292869 1.401788 1.242431 0.001635 0.000000
 0.315000 1.271353 0.292869 1.401788 1.242430 0.001634 0.000000
 0.316111 1.271354 0.292869 1.401788 1.242430 0.001633 0.000000
 0.317222 1.271356 0.292869 1.401788 1.242429 0.001631 0.000000
 0.318333 1.271357 0.292869 1.401788 1.242429 0.001630 0.000000
 0.319444 1.271358 0.292869 1.401788 1.242428 0.001629 0.000000
 0.320556 1.271359 0.292869 1.401788 1.242428 0.001627 0.000000
 0.321667 1.271360 0.292869 1.401788 1.242427 0.001626 0.000000
 0.322778 1.271361 0.292869 1.401788 1.242426 0.001625 0.000000
 0.323889 1.271362 0.292869 1.401788 1.242426 0.001624 0.000000
 0.325000 1.271363 0.292869 1.401788 1.242425 0.001623 0.000000
 0.326111 1.271365 0.292869 1.401788 1.242425 0.001622 0.000000
 0.327222 1.271366 0.292869 1.401788 1.242424 0.001621 0.000000
 0.328333 1.271366 0.292869 1.401788 1.242424 0.001619 0.000000
 0.329444 1.271367 0.292869 1.401788 1.242424 0.001618 0.000000
 0.330556 1.271368 0.292869 1.401788 1.242423 0.001617 0.000000
 0.331667 1.271369 0.292869 1.401788 1.242423 0.001616 0.000000
 0.332778 1.271370 0.292869 1.401788 1.242422 0.001615 0.000000
 0.333889 1.271371 0.292869 1.401788 1.242422 0.001615 0.000000
 0.335000 1.271372 0.292869 1.401788 1.242421 0.001614 0.000000
 0.336111 1.271373 0.292869 1.401788 1.242421 0.001613 0.000000
 0.337222 1.271374 0.292869 1.401788 1.242421 0.001612 0.000000
 0.338333 1.271374 0.292869 1.401788 1.242420 0.001611 0.000000
 0.339444 1.271375 0.292869 1.401788 1.242420 0.001610 0.000000
 0.340556 1.271376 0.292869 1.401788 1.242419 0.001609 0.000000
 0.341667 1.271377 0.292869 1.401788 1.242419 0.001608 0.000000
 0.342778 1.271377 0.292869 1.401788 1.242419 0.001608 0.000000
 0.343889 1.271378 0.292869 1.401788 1.242418 0.001607 0.000000
 0.345000 1.271379 0.292869 1.401788 1.242418 0.001606 0.000000
 0.346111 1.271379 0.292869 1.401788 1.242418 0.001605 0.000000
 0.347222 1.271380 0.292869 1.401788 1.242417 0.001605 0.000000
 0.348333 1.271381 0.292869 1.401788 1.242417 0.001604 0.000000
 0.349444 1.271381 0.292869 1.401788 1.242417 0.001603 0.000000
 0.350556 1.271382 0.292869 1.401788 1.242417 0.001603 0.000000
 0.351667 1.271383 0.292869 1.401788 1.242416 0.001602 0.000000
 0.352778 1.271383 0.292869 1.401788 1.242416 0.001601 0.000000
 0.353889 1.271384 0.292869 1.401788 1.242416 0.001601 0.000000
 0.355000 1.271384 0.292869 1.401788 1.242415 0.001600 0.000000
 0.356111 1.271385 0.292869 1.401788 1.242415 0.001599 0.000000
 0.357222 1.271385 0.292869 1.401788 1.242415 0.001599 0.000000
 0.358333 1.271386 0.292869 1.401788 1.242415 0.001598 0.000000
 0.359444 1.271387 0.292869 1.401788 1.242414 0.001598 0.000000
 0.360556 1.271387 0.292869 1.401789 1.242414 0.001597 0.000000
 0.361667 1.271388 0.292869 1.401789 1.242414 0.001596 0.000000
 0.362778 1.271388 0.292869 1.401789 1.242414 0.001596 0.000000
 0.363889 1.271389 0.292869 1.401789 1.242413 0.001595 0.000000
 0.365000 1.271389 0.292869 1.401789 1.242413 0.001595 0.000000
 0.366111 1.271390 0.292869 1.401789 1.242413 0.001594 0.000000
 0.367222 1.271390 0.292869 1.401789 1.242413 0.001594 0.000000
 0.368333 1.271390 0.292869 1.401789 1.242412 0.001593 0.000000
 0.369444 1.271391 0.292869 1.401789 1.242412 0.001593 0.000000
 0.370556 1.271391 0.292869 1.401789 1.242412 0.001592 0.000000
 0.371667 1.271392 0.292869 1.401789 1.242412 0.001592 0.000000
 0.372778 1.271392 0.292869 1.401789 1.242412 0.001592 0.000000
 0.373889 1.271393 0.292869 1.401789 1.242411 0.001591 0.000000
 0.375000 1.271393 0.292869 1.401789 1.242411 0.001591 0.000000
 0.376111 1.271393 0.292869 1.401789 1.242411 0.001590 0.000000
 0.377222 1.271394 0.292869 1.401789 1.242411 0.001590 0.000000
 0.378333 1.271394 0.292869 1.401789 1.242411 0.001589 0.000000
 0.379444 1.271394 0.292869 1.401789 1.242411 0.001589 0.000000
 0.380556 1.271395 0.292869 1.401789 1.242410 0.001589 0.000000
 0.381667 1.271395 0.292869 1.401789 1.242410 0.001588 0.000000
 0.382778 1.271395 0.292869 1.401789 1.242410 0.001588 0.000000
 0.383889 1.271396 0.292869 1.401789 1.242410 0.001588 0.000000
 0.385000 1.271396 0.292869 1.401789 1.242410 0.001587 0.000000
 0.386111 1.271396 0.292869 1.401789 1.242410 0.001587 0.000000
 0.387222 1.271397 0.292869 1.401789 1.242409 0.001586 0.000000
 0.388333 1.271397 0.292869 1.401789 1.242409 0.001586 0.000000
 0.389444 1.271397 0.292869 1.401789 1.242409 0.001586 0.000000
 0.390556 1.271398 0.292869 1.401789 1.242409 0.001585 0.000000
 0.391667 1.271398 0.292869 1.401789 1.242409 0.001585 0.000000
 0.392778 1.271398 0.292869 1.401789 1.242409 0.001585 0.000000
 0.393889 1.271399 0.292869 1.401789 1.242409 0.001585 0.000000
 0.395000 1.271399 0.292869 1.401789 1.242408 0.001584 0.000000
 0.396111 1.271399 0.292869 1.401789 1.242408 0.001584 0.000000
 0.397222 1.271399 0.292869 1.401789 1.242408 0.001584 0.000000
 0.398333 1.271400 0.292869 1.401789 1.242408 0.001583 0.000000
 0.399444 1.271400 0.292869 1.401789 1.242408 0.001583 0.000000
 0.400556 1.271400 0.292869 1.401789 1.242408 0.001583 0.000000
 0.401667 1.271400 0.292869 1.401789 1.242408 0.001583 0.000000
 0.402778 1.271401 0.292869 1.401789 1.242408 0.001582 0.000000
 0.403889 1.271401 0.292869 1.401789 1.242407 0.001582 0.000000
 0.405000 1.271401 0.292869 1.401789 1.242407 0.001582 0.000000
 0.406111 1.271401 0.292869 1.401789 1.242407 0.001582 0.000000
 0.407222 1.271402 0.292869 1.401789 1.242407 0.001581 0.000000
 0.408333 1.271402 0.292869 1.401789 1.242407 0.001581 0.000000
 0.409444 1.271402 0.292869 1.401789 1.242407 0.001581 0.000000
 0.410556 1.271402 0.292869 1.401789 1.242407 0.001581 0.000000
 0.411667 1.271402 0.292869 1.401789 1.242407 0.001580 0.000000
 0.412778 1.271403 0.292869 1.401789 1.242407 0.001580 0.000000
 0.413889 1.271403 0.292869 1.401789 1.242407 0.001580 0.000000
 0.415000 1.271403 0.292869 1.401789 1.242406 0.001580 0.000000
 0.416111 1.271403 0.292869 1.401789 1.242406 0.001580 0.000000
 0.417222 1.271403 0.292869 1.401789 1.242406 0.001579 0.000000
 0.418333 1.271404 0.292869 1.401789 1.242406 0.001579 0.000000
 0.419444 1.271404 0.292869 1.401789 1.242406 0.001579 0.000000
 0.420556 1.271404 0.292869 1.401789 1.242406 0.001579 0.000000
 0.421667 1.271404 0.292869 1.401789 1.242406 0.001579 0.000000
 0.422778 1.271404 0.292869 1.401789 1.242406 0.001578 0.000000
 0.423889 1.271404 0.292869 1.401789 1.242406 0.001578 0.000000
 0.425000 1.271405 0.292869 1.401789 1.242406 0.001578 0.000000
 0.426111 1.271405 0.292869 1.401789 1.242406 0.001578 0.000000
 0.427222 1.271405 0.292869 1.401789 1.242406 0.001578 0.000000
 0.428333 1.271405 0.292869 1.401789 1.242405 0.001578 0.000000
 0.429444 1.271405 0.292869 1.401789 1.242405 0.001577 0.000000
 0.430556 1.271405 0.292869 1.401789 1.242405 0.001577 0.000000
 0.431667 1.271406 0.292869 1.401789 1.242405 0.001577 0.000000
 0.432778 1.271406 0.292869 1.401789 1.242405 0.001577 0.000000
 0.433889 1.271406 0.292869 1.401789 1.242405 0.001577 0.000000
 0.435000 1.271406 0.292869 1.401789 1.242405 0.001577 0.000000
 0.436111 1.271406 0.292869 1.401789 1.242405 0.001576 0.000000
 0.437222 1.271406 0.292869 1.401789 1.242405 0.001576 0.000000
 0.438333 1.271406 0.292869 1.401789 1.242405 0.001576 0.000000
 0.439444 1.271407 0.292869 1.401789 1.242405 0.001576 0.000000
 0.440556 1.271407 0.292869 1.401789 1.242405 0.001576 0.000000
 0.441667 1.271407 0.292868 1.401789 1.242405 0.001576 0.000000
 0.442778 1.271407 0.292868 1.401789 1.242405 0.001576 0.000000
 0.443889 1.271407 0.292868 1.401789 1.242405 0.001575 0.000000
 0.445000 1.271407 0.292868 1.401789 1.242405 0.001575 0.000000
 0.446111 1.271407 0.292868 1.401789 1.242404 0.001575 0.000000
 0.447222 1.271407 0.292868 1.401789 1.242404 0.001575 0.000000
 0.448333 1.271408 0.292868 1.401789 1.242404 0.001575 0.000000
 0.449444 1.271408 0.292868 1.401789 1.242404 0.001575 0.000000
 0.450556 1.271408 0.292868 1.401789 1.242404 0.001575 0.000000
 0.451667 1.271408 0.292868 1.401789 1.242404 0.001575 0.000000
 0.452778 1.271408 0.292868 1.401789 1.242404 0.001575 0.000000
 0.453889 1.271408 0.292868 1.401789 1.242404 0.001574 0.000000
 0.455000 1.271408 0.292868 1.401789 1.242404 0.001574 0.000000
 0.456111 1.271408 0.292868 1.401789 1.242404 0.001574 0.000000
 0.457222 1.271408 0.292868 1.401789 1.242404 0.001574 0.000000
 0.458333 1.271408 0.292868 1.401789 1.242404 0.001574 0.000000
 0.459444 1.271409 0.292868 1.401789 1.242404 0.001574 0.000000
 0.460556 1.271409 0.292868 1.401789 1.242404 0.001574 0.000000
 0.461667 1.271409 0.292868 1.401789 1.242404 0.001574 0.000000
 0.462778 1.271409 0.292868 1.401789 1.242404 0.001574 0.000000
 0.463889 1.271409 0.292868 1.401789 1.242404 0.001574 0.000000
 0.465000 1.271409 0.292868 1.401789 1.242404 0.001573 0.000000
 0.466111 1.271409 0.292868 1.401789 1.242404 0.001573 0.000000
 0.467222 1.271409 0.292868 1.401789 1.242404 0.001573 0.000000
 0.468333 1.271409 0.292868 1.401789 1.242404 0.001573 0.000000
 0.469444 1.271409 0.292868 1.401789 1.242404 0.001573 0.000000
 0.470556 1.271409 0.292868 1.401789 1.242404 0.001573 0.000000
 0.471667 1.271409 0.292868 1.401789 1.242403 0.001573 0.000000
 0.472778 1.271410 0.292868 1.401789 1.242403 0.001573 0.000000
 0.473889 1.271410 0.292868 1.401789 1.242403 0.001573 0.000000
 0.475000 1.271410 0.292868 1.401789 1.242403 0.001573 0.000000
 0.476111 1.271410 0.292868 1.401789 1.242403 0.001573 0.000000
 0.477222 1.271410 0.292868 1.401789 1.242403 0.001573 0.000000
 0.478333 1.271410 0.292868 1.401789 1.242403 0.001572 0.000000
 0.479444 1.271410 0.292868 1.401789 1.242403 0.001572 0.000000
 0.480556 1.271410 0.292868 1.401789 1.242403 0.001572 0.000000
 0.481667 1.271410 0.292868 1.401789 1.242403 0.001572 0.000000
 0.482778 1.271410 0.292868 1.401789 1.242403 0.001572 0.000000
 0.483889 1.271410 0.292868 1.401789 1.242403 0.001572 0.000000
 0.485000 1.271410 0.292868 1.401789 1.242403 0.001572 0.000000
 0.486111 1.271410 0.292868 1.401789 1.242403 0.001572 0.000000
 0.487222 1.271410 0.292868 1.401789 1.242403 0.001572 0.000000
 0.488333 1.271410 0.292868 1.401789 1.242403 0.001572 0.000000
 0.489444 1.271410 0.292868 1.401789 1.242403 0.001572 0.000000
 0.490556 1.271410 0.292868 1.401789 1.242403 0.001572 0.000000
 0.491667 1.271410 0.292868 1.401789 1.242403 0.001572 0.000000
 0.492778 1.271410 0.292868 1.401789 1.242403 0.001572 0.000000
 0.493889 1.271410 0.292868 1.401788 1.242403 0.001572 0.000000
 0.495000 1.271410 0.292868 1.401788 1.242403 0.001571 0.000000
 0.496111 1.271410 0.292867 1.401787 1.242403 0.001571 0.000000
 0.497222 1.271409 0.292867 1.401787 1.242402 0.001571 0.000000
 0.498333 1.271408 0.292866 1.401785 1.242402 0.001571 0.000000
 0.499444 1.271407 0.292865 1.401783 1.242402 0.001571 0.000000
 0.500556 1.271405 0.292863 1.401781 1.242402 0.001571 0.000000
 0.501667 1.271403 0.292860 1.401777 1.242401 0.001571 0.000000
 0.502778 1.271399 0.292857 1.401771 1.242400 0.001571 0.000000
 0.503889 1.271394 0.292851 1.401762 1.242399 0.001571 0.000000
 0.505000 1.271386 0.292843 1.401750 1.242398 0.001571 0.000000
 0.506111 1.271374 0.292832 1.401732 1.242395 0.001571 0.000000
 0.507222 1.271357 0.292816 1.401706 1.242392 0.001571 0.000000
 0.508333 1.271333 0.292792 1.401669 1.242387 0.001571 0.000000
 0.509444 1.271298 0.292758 1.401614 1.242380 0.001571 0.000000
 0.510556 1.271247 0.292708 1.401536 1.242370 0.001571 0.000000
 0.511667 1.271173 0.292636 1.401422 1.242356 0.001571 0.000000
 0.512778 1.271067 0.292532 1.401258 1.242335 0.001571 0.000000
 0.513889 1.270914 0.292382 1.401021 1.242305 0.001571 0.000000
 0.515000 1.270692 0.292165 1.400679 1.242262 0.001571 0.000000
 0.516111 1.270374 0.291854 1.400187 1.242200 0.001571 0.000000
 0.517222 1.269915 0.291405 1.399479 1.242110 0.001570 0.000000
 0.518333 1.269255 0.290759 1.398461 1.241981 0.001570 0.000000
 0.519444 1.268309 0.289832 1.397001 1.241795 0.001570 0.000000
 0.520556 1.266954 0.288505 1.394913 1.241530 0.001570 0.000000
 0.521667 1.265023 0.286610 1.391935 1.241150 0.001569 0.000000
 0.522778 1.262281 0.283915 1.387711 1.240611 0.001567 0.000001
 0.523889 1.258416 0.280106 1.381761 1.239848 0.001563 0.000002
 0.525000 1.253017 0.274767 1.373459 1.238778 0.001557 0.000004
 0.526111 1.245574 0.267370 1.362033 1.237294 0.001543 0.000007
 0.527222 1.235498 0.257290 1.346599 1.235271 0.001518 0.000013
 0.528333 1.222187 0.243858 1.326273 1.232570 0.001474 0.000023
 0.529444 1.205175 0.226496 1.300401 1.229073 0.001399 0.000037
 0.530556 1.184340 0.204938 1.268887 1.224721 0.001280 0.000054
 0.531667 1.160157 0.179506 1.232555 1.219576 0.001111 0.000072
 0.532778 1.133834 0.151326 1.193327 1.213861 0.000898 0.000083
 0.533889 1.107194 0.122281 1.153989 1.207961 0.000664 0.000082
 0.535000 1.082245 0.094601 1.117504 1.202336 0.000445 0.000069
 0.536111 1.060608 0.070219 1.086160 1.197384 0.000270 0.000049
 0.537222 1.043125 0.050260 1.061049 1.193338 0.000149 0.000031
 0.538333 1.029827 0.034920 1.042084 1.190237 0.000076 0.000017
 0.539444 1.020188 0.023715 1.028414 1.187977 0.000036 0.000009
 0.540556 1.013451 0.015838 1.018899 1.186392 0.000017 0.000004
 0.541667 1.008864 0.010455 1.012439 1.185311 0.000007 0.000002
 0.542778 1.005798 0.006845 1.008129 1.184587 0.000003 0.000001
 0.543889 1.003773 0.004458 1.005287 1.184108 0.000001 0.000000
 0.545000 1.002447 0.002892 1.003428 1.183795 0.000001 0.000000
 0.546111 1.001583 0.001872 1.002217 1.183591 0.000000 0.000000
 0.547222 1.001023 0.001210 1.001432 1.183458 0.000000 0.000000
 0.548333 1.000660 0.000781 1.000924 1.183372 0.000000 0.000000
 0.549444 1.000426 0.000504 1.000596 1.183317 0.000000 0.000000
 0.550556 1.000274 0.000325 1.000384 1.183281 0.000000 0.000000
 0.551667 1.000177 0.000209 1.000247 1.183258 0.000000 0.000000
 0.552778 1.000114 0.000135 1.000159 1.183243 0.000000 0.000000
 0.553889 1.000073 0.000087 1.000103 1.183233 0.000000 0.000000
 0.555000 1.000047 0.000056 1.000066 1.183227 0.000000 0.000000
 0.556111 1.000030 0.000036 1.000042 1.183223 0.000000 0.000000
 0.557222 1.000019 0.000023 1.000027 1.183221 0.000000 0.000000
 0.558333 1.000013 0.000015 1.000018 1.183219 0.000000 0.000000
 0.559444 1.000008 0.000010 1.000011 1.183218 0.000000 0.000000
 0.560556 1.000005 0.000006 1.000007 1.183217 0.000000 0.000000
 0.561667 1.000003 0.000004 1.000005 1.183217 0.000000 0.000000
 0.562778 1.000002 0.000003 1.000003 1.183216 0.000000 0.000000
 0.563889 1.000001 0.000002 1.000002 1.183216 0.000000 0.000000
 0.565000 1.000001 0.000001 1.000001 1.183216 0.000000 0.000000
 0.566111 1.000001 0.000001 1.000001 1.183216 0.000000 0.000000
 0.567222 1.000000 0.000000 1.000000 1.183216 0.000000 0.000000
 0.568333 1.000000 0.000000 1.000000 1.183216 0.000000 0.000000
 0.569444 1.000000 0.000000 1.000000 1.183216 0.000000 0.000000
 0.570556 1.000000 0.000000 1.000000 1.183216 0.000000 0.000000
 0.571667 1.000000 0.000000 1.000000 1.183216 0.000000 0.000000
 0.572778 1.000000 0.000000 1.000000 1.183216 -0.000000 0.000000
 0.573889 1.000000 0.000000 1.000000 1.183216 0.000000 0.000000
 0.575000 1.000000 0.000000 1.000000 1.183216 -0.000000 0.000000
 0.576111 1.000000 0.000000 1.000000 1.183216 -0.000000 0.000000
 0.577222 1.000000 0.000000 1.000000 1.183216 0.000000 -0.000000
 0.578333 1.000000 0.000000 1.000000 1.183216 0.000000 0.000000
 0.579444 1.000000 0.000000 1.000000 1.183216 -0.000000 0.000000
 0.580556 1.000000 0.000000 1.000000 1.183216 -0.000000 0.000000
 0.581667 1.000000 0.000000 1.000000 1.183216 0.000000 0.000000
 0.582778 1.000000 0.000000 1.000000 1.183216 -0.000000 0.000000
 0.583889 1.000000 0.000000 1.000000 1.183216 -0.000000 -0.000000
 0.585000 1.000000 0.000000 1.000000 1.183216 0.000000 0.000000
 0.586111 1.000000 0.000000 1.000000 1.183216 0.000000 -0.000000
 0.587222 1.000000 0.000000 1.000000 1.183216 0.000000 0.000000
 0.588333 1.000000 0.000000 1.000000 1.183216 0.000000 -0.000000
 0.589444 1.000000 0.000000 1.000000 1.183216 0.000000 0.000000
 0.590556 1.000000 0.000000 1.000000 1.183216 -0.000000 0.000000
 0.591667 1.000000 0.000000 1.000000 1.183216 0.000000 0.000000
 0.592778 1.000000 0.000000 1.000000 1.183216 0.000000 0.000000
 0.593889 1.000000 0.000000 1.000000 1.183216 0.000000 0.000000
 0.595000 1.000000 0.000000 1.000000 1.183216 0.000000 0.000000
 0.596111 1.000000 0.000000 1.000000 1.183216 -0.000000 0.000000
 0.597222 1.000000 0.000000 1.000000 1.183216 -0.000000 -0.000000
 0.598333 1.000000 0.000000 1.000000 1.183216 0.000000 -0.000000
 0.599444 1.000000 0.000000 1.000000 1.183216 0.000000 0.000000
 0.600556 1.000000 0.000000 1.000000 1.183216 -0.000000 0.000000
 0.601667 1.000000 0.000000 1.000000 1.183216 0.000000 0.000000
 0.602778 1.000000 0.000000 1.000000 1.183216 0.000000 0.000000
 0.603889 1.000000 0.000000 1.000000 1.183216 -0.000000 0.000000
 0.605000 1.000000 0.000000 1.000000 1.183216 0.000000 0.000000
 0.606111 1.000000 0.000000 1.000000 1.183216 0.000000 0.000000
 0.607222 1.000000 0.000000 1.000000 1.183216 0.000000 0.000000
 0.608333 1.000000 0.000000 1.000000 1.183216 0.000000 0.000000
 0.609444 1.000000 0.000000 1.000000 1.183216 0.000000 0.000000
 0.610556 1.000000 0.000000 1.000000 1.183216 -0.000000 -0.000000
 0.611667 1.000000 0.000000 1.000000 1.183216 -0.000000 0.000000
 0.612778 1.000000 0.000000 1.000000 1.183216 0.000000 -0.000000
 0.613889 1.000000 0.000000 1.000000 1.183216 0.000000 0.000000
 0.615000 1.000000 0.000000 1.000000 1.183216 0.000000 0.000000
 0.616111 1.000000 0.000000 1.000000 1.183216 0.000000 0.000000
 0.617222 1.000000 -0.000000 1.000000 1.183216 0.000000 0.000000
 0.618333 1.000000 0.000000 1.000000 1.183216 0.000000 0.000000
 0.619444 1.000000 -0.000000 1.000000 1.183216 0.000000 0.000000
 0.620556 1.000000 0.000000 1.000000 1.183216 0.000000 0.000000
 0.621667 1.000000 -0.000000 1.000000 1.183216 0.000000 0.000000
 0.622778 1.000000 0.000000 1.000000 1.183216 0.000000 0.000000
 0.623889 1.000000 -0.000000 1.000000 1.183216 0.000000 0.000000
 0.625000 1.000000 0.000000 1.000000 1.183216 0.000000 0.000000
 0.626111 1.000000 -0.000000 1.000000 1.183216 0.000000 0.000000
 0.627222 1.000000 0.000000 1.000000 1.183216 0.000000 0.000000
 0.628333 1.000000 -0.000000 1.000000 1.183216 0.000000 0.000000
 0.629444 1.000000 0.000000 1.000000 1.183216 0.000000 0.000000
 0.630556 1.000000 -0.000000 1.000000 1.183216 0.000000 0.000000
 0.631667 1.000000 0.000000 1.000000 1.183216 0.000000 0.000000
 0.632778 1.000000 -0.000000 1.000000 1.183216 0.000000 0.000000
 0.633889 1.000000 0.000000 1.000000 1.183216 0.000000 0.000000
 0.635000 1.000000 -0.000000 1.000000 1.183216 0.000000 0.000000
 0.636111 1.000000 0.000000 1.000000 1.183216 0.000000 0.000000
 0.637222 1.000000 -0.000000 1.000000 1.183216 0.000000 0.000000
 0.638333 1.000000 0.000000 1.000000 1.183216 0.000000 0.000000
 0.639444 1.000000 -0.000000 1.000000 1.183216 0.000000 0.000000
 0.640556 1.000000 0.000000 1.000000 1.183216 0.000000 0.000000
 0.641667 1.000000 -0.000000 1.000000 1.183216 0.000000 0.000000
 0.642778 1.000000 0.000000 1.000000 1.183216 0.000000 0.000000
 0.643889 1.000000 -0.000000 1.000000 1.183216 0.000000 0.000000
 0.645000 1.000000 0.000000 1.000000 1.183216 0.000000 0.000000
 0.646111 1.000000 -0.000000 1.000000 1.183216 0.000000 0.000000
 0.647222 1.000000 0.000000 1.000000 1.183216 0.000000 0.000000
 0.648333 1.000000 -0.000000 1.000000 1.183216 0.000000 0.000000
 0.649444 1.000000 0.000000 1.000000 1.183216 0.000000 0.000000
 0.650556 1.000000 -0.000000 1.000000 1.183216 0.000000 0.000000
 0.651667 1.000000 0.000000 1.000000 1.183216 0.000000 0.000000
 0.652778 1.000000 -0.000000 1.000000 1.183216 0.000000 0.000000
 0.653889 1.000000 0.000000 1.000000 1.183216 0.000000 0.000000
 0.655000 1.000000 -0.000000 1.000000 1.183216 0.000000 0.000000
 0.656111 1.000000 0.000000 1.000000 1.183216 0.000000 0.000000
 0.657222 1.000000 -0.000000 1.000000 1.183216 0.000000 0.000000
 0.658333 1.000000 0.000000 1.000000 1.183216 0.000000 0.000000
 0.659444 1.000000 -0.000000 1.000000 1.183216 0.000000 0.000000
 0.660556 1.000000 0.000000 1.000000 1.183216 0.000000 0.000000
 0.661667 1.000000 -0.000000 1.000000 1.183216 0.000000 0.000000
 0.662778 1.000000 0.000000 1.000000 1.183216 0.000000 0.000000
 0.663889 1.000000 -0.000000 1.000000 1.183216 0.000000 0.000000
 0.665000 1.000000 0.000000 1.000000 1.183216 0.000000 0.000000
 0.666111 1.000000 -0.000000 1.000000 1.183216 0.000000 0.000000
 0.667222 1.000000 0.000000 1.000000 1.183216 0.000000 0.000000
 0.668333 1.000000 -0.000000 1.000000 1.183216 0.000000 0.000000
 0.669444 1.000000 0.000000 1.000000 1.183216 0.000000 0.000000
 0.670556 1.000000 -0.000000 1.000000 1.183216 0.000000 0.000000
 0.671667 1.000000 0.000000 1.000000 1.183216 0.000000 0.000000
 0.672778 1.000000 -0.000000 1.000000 1.183216 0.000000 0.000000
 0.673889 1.000000 0.000000 1.000000 1.183216 0.000000 0.000000
 0.675000 1.000000 -0.000000 1.000000 1.183216 0.000000 0.000000
 0.676111 1.000000 0.000000 1.000000 1.183216 0.000000 0.000000
 0.677222 1.000000 -0.000000 1.000000 1.183216 0.000000 0.000000
 0.678333 1.000000 0.000000 1.000000 1.183216 0.000000 0.000000
 0.679444 1.000000 -0.000000 1.000000 1.183216 0.000000 0.000000
 0.680556 1.000000 0.000000 1.000000 1.183216 0.000000 0.000000
 0.681667 1.000000 -0.000000 1.000000 1.183216 0.000000 0.000000
 0.682778 1.000000 0.000000 1.000000 1.183216 0.000000 0.000000
 0.683889 1.000000 -0.000000 1.000000 1.183216 0.000000 0.000000
 0.685000 1.000000 0.000000 1.000000 1.183216 0.000000 0.000000
 0.686111 1.000000 -0.000000 1.000000 1.183216 0.000000 0.000000
 0.687222 1.000000 0.000000 1.000000 1.183216 0.000000 0.000000
 0.688333 1.000000 0.000000 1.000000 1.183216 0.000000 0.000000
 0.689444 1.000000 0.000000 1.000000 1.183216 0.000000 0.000000
 0.690556 1.000000 0.000000 1.000000 1.183216 0.000000 0.000000
 0.691667 1.000000 0.000000 1.000000 1.183216 0.000000 0.000000
 0.692778 1.000000 0.000000 1.000000 1.183216 0.000000 0.000000
 0.693889 1.000000 0.000000 1.000000 1.183216 0.000000 0.000000
 0.695000 1.000000 0.000000 1.000000 1.183216 0.000000 0.000000
 0.696111 1.000000 0.000000 1.000000 1.183216 0.000000 0.000000
 0.697222 1.000000 0.000000 1.000000 1.183216 0.000000 0.000000
 0.698333 1.000000 0.000000 1.000000 1.183216 0.000000 0.000000
 0.699444 1.000000 0.000000 1.000000 1.183216 0.000000 0.000000
 0.700556 1.000000 0.000000 1.000000 1.183216 0.000000 0.000000
 0.701667 1.000000 0.000000 1.000000 1.183216 0.000000 0.000000
 0.702778 1.000000 0.000000 1.000000 1.183216 0.000000 0.000000
 0.703889 1.000000 0.000000 1.000000 1.183216 0.000000 0.000000
 0.705000 1.000000 0.000000 1.000000 1.183216 0.000000 0.000000
 0.706111 1.000000 0.000000 1.000000 1.183216 0.000000 0.000000
 0.707222 1.000000 0.000000 1.000000 1.183216 0.000000 0.000000
 0.708333 1.000000 0.000000 1.000000 1.183216 0.000000 0.000000
 0.709444 1.000000 0.000000 1.000000 1.183216 0.000000 0.000000
 0.710556 1.000000 0.000000 1.000000 1.183216 0.000000 0.000000
 0.711667 1.000000 0.000000 1.000000 1.183216 0.000000 0.000000
 0.712778 1.000000 0.000000 1.000000 1.183216 0.000000 0.000000
 0.713889 1.000000 0.000000 1.000000 1.183216 0.000000 0.000000
 0.715000 1.000000 0.000000 1.000000 1.183216 0.000000 0.000000
 0.716111 1.000000 0.000000 1.000000 1.183216 0.000000 0.000000
 0.717222 1.000000 0.000000 1.000000 1.183216 0.000000 0.000000
 0.718333 1.000000 0.000000 1.000000 1.183216 0.000000 0.000000
 0.719444 1.000000 0.000000 1.000000 1.183216 0.000000 0.000000
 0.720556 1.000000 0.000000 1.000000 1.183216 0.000000 0.000000
 0.721667 1.000000 0.000000 1.000000 1.183216 0.000000 0.000000
 0.722778 1.000000 0.000000 1.000000 1.183216 0.000000 0.000000
 0.723889 1.000000 0.000000 1.000000 1.183216 0.000000 0.000000
 0.725000 1.000000 0.000000 1.000000 1.183216 0.000000 0.000000
 0.726111 1.000000 0.000000 1.000000 1.183216 0.000000 0.000000
 0.727222 1.000000 0.000000 1.000000 1.183216 0.000000 0.000000
 0.728333 1.000000 0.000000 1.000000 1.183216 0.000000 0.000000
 0.729444 1.000000 0.000000 1.000000 1.183216 0.000000 0.000000
 0.730556 1.000000 0.000000 1.000000 1.183216 0.000000 0.000000
 0.731667 1.000000 0.000000 1.000000 1.183216 0.000000 0.000000
 0.732778 1.000000 0.000000 1.000000 1.183216 0.000000 0.000000
 0.733889 1.000000 0.000000 1.000000 1.183216 0.000000 0.000000
 0.735000 1.000000 0.000000 1.000000 1.183216 0.000000 0.000000
 0.736111 1.000000 0.000000 1.000000 1.183216 0.000000 0.000000
 0.737222 1.000000 0.000000 1.000000 1.183216 0.000000 0.000000
 0.738333 1.000000 0.000000 1.000000 1.183216 0.000000 0.000000
 0.739444 1.000000 0.000000 1.000000 1.183216 0.000000 0.000000
 0.740556 1.000000 0.000000 1.000000 1.183216 0.000000 0.000000
 0.741667 1.000000 0.000000 1.000000 1.183216 0.000000 0.000000
 0.742778 1.000000 0.000000 1.000000 1.183216 0.000000 0.000000
 0.743889 1.000000 0.000000 1.000000 1.183216 0.000000 0.000000
 0.745000 1.000000 0.000000 1.000000 1.183216 0.000000 0.000000
 0.746111 1.000000 0.000000 1.000000 1.183216 0.000000 0.000000
 0.747222 1.000000 0.000000 1.000000 1.183216 0.000000 0.000000
 0.748333 1.000000 0.000000 1.000000 1.183216 0.000000 0.000000
 0.749444 1.000000 0.000000 1.000000 1.183216 0.000000 0.000000
 0.750556 1.000000 0.000000 1.000000 1.183216 0.000000 0.000000
 0.751667 1.000000 0.000000 1.000000 1.183216 0.000000 0.000000
 0.752778 1.000000 0.000000 1.000000 1.183216 0.000000 0.000000
 0.753889 1.000000 0.000000 1.000000 1.183216 0.000000 0.000000
 0.755000 1.000000 0.000000 1.000000 1.183216 0.000000 0.000000
 0.756111 1.000000 0.000000 1.000000 1.183216 0.000000 0.000000
 0.757222 1.000000 0.000000 1.000000 1.183216 0.000000 0.000000
 0.758333 1.000000 0.000000 1.000000 1.183216 0.000000 0.000000
 0.759444 1.000000 0.000000 1.000000 1.183216 0.000000 0.000000
 0.760556 1.000000 0.000000 1.000000 1.183216 0.000000 0.000000
 0.761667 1.000000 0.000000 1.000000 1.183216 0.000000 0.000000
 0.762778 1.000000 0.000000 1.000000 1.183216 0.000000 0.000000
 0.763889 1.000000 0.000000 1.000000 1.183216 0.000000 0.000000
 0.765000 1.000000 0.000000 1.000000 1.183216 0.000000 0.000000
 0.766111 1.000000 0.000000 1.000000 1.183216 0.000000 0.000000
 0.767222 1.000000 0.000000 1.000000 1.183216 0.000000 0.000000
 0.768333 1.000000 0.000000 1.000000 1.183216 0.000000 0.000000
 0.769444 1.000000 0.000000 1.000000 1.183216 0.000000 0.000000
 0.770556 1.000000 0.000000 1.000000 1.183216 0.000000 0.000000
 0.771667 1.000000 0.000000 1.000000 1.183216 0.000000 0.000000
 0.772778 1.000000 0.000000 1.000000 1.183216 0.000000 0.000000
 0.773889 1.000000 0.000000 1.000000 1.183216 0.000000 0.000000
 0.775000 1.000000 0.000000 1.000000 1.183216 0.000000 0.000000
 0.776111 1.000000 0.000000 1.000000 1.183216 0.000000 0.000000
 0.777222 1.000000 0.000000 1.000000 1.183216 0.000000 0.000000
 0.778333 1.000000 0.000000 1.000000 1.183216 0.000000 0.000000
 0.779444 1.000000 0.000000 1.000000 1.183216 0.000000 0.000000
 0.780556 1.000000 0.000000 1.000000 1.183216 0.000000 0.000000
 0.781667 1.000000 0.000000 1.000000 1.183216 0.000000 0.000000
 0.782778 1.000000 0.000000 1.000000 1.183216 0.000000 0.000000
 0.783889 1.000000 0.000000 1.000000 1.183216 0.000000 0.000000
 0.785000 1.000000 0.000000 1.000000 1.183216 0.000000 0.000000
 0.786111 1.000000 0.000000 1.000000 1.183216 0.000000 0.000000
 0.787222 1.000000 0.000000 1.000000 1.183216 0.000000 0.000000
 0.788333 1.000000 0.000000 1.000000 1.183216 0.000000 0.000000
 0.789444 1.000000 0.000000 1.000000 1.183216 0.000000 0.000000
 0.790556 1.000000 0.000000 1.000000 1.183216 0.000000 0.000000
 0.791667 1.000000 0.000000 1.000000 1.183216 0.000000 0.000000
 0.792778 1.000000 0.000000 1.000000 1.183216 0.000000 0.000000
 0.793889 1.000000 0.000000 1.000000 1.183216 0.000000 0.000000
 0.795000 1.000000 0.000000 1.000000 1.183216 0.000000 0.000000
 0.796111 1.000000 0.000000 1.000000 1.183216 0.000000 0.000000
 0.797222 1.000000 0.000000 1.000000 1.183216 0.000000 0.000000
 0.798333 1.000000 0.000000 1.000000 1.183216 0.000000 0.000000
 0.799444 1.000000 0.000000 1.000000 1.183216 0.000000 0.000000
 0.800556 1.000000 0.000000 1.000000 1.183216 0.000000 0.000000
 0.801667 1.000000 0.000000 1.000000 1.183216 0.000000 0.000000
 0.802778 1.000000 0.000000 1.000000 1.183216 0.000000 0.000000
 0.803889 1.000000 0.000000 1.000000 1.183216 0.000000 0.000000
 0.805000 1.000000 0.000000 1.000000 1.183216 0.000000 0.000000
 0.806111 1.000000 0.000000 1.000000 1.183216 0.000000 0.000000
 0.807222 1.000000 0.000000 1.000000 1.183216 0.000000 0.000000
 0.808333 1.000000 0.000000 1.000000 1.183216 0.000000 0.000000
 0.809444 1.000000 0.000000 1.000000 1.183216 0.000000 0.000000
 0.810556 1.000000 0.000000 1.000000 1.183216 0.000000 0.000000
 0.811667 1.000000 0.000000 1.000000 1.183216 0.000000 0.000000
 0.812778 1.000000 0.000000 1.000000 1.183216 0.000000 0.000000
 0.813889 1.000000 0.000000 1.000000 1.183216 0.000000 0.000000
 0.815000 1.000000 0.000000 1.000000 1.183216 0.000000 0.000000
 0.816111 1.000000 0.000000 1.000000 1.183216 0.000000 0.000000
 0.817222 1.000000 0.000000 1.000000 1.183216 0.000000 0.000000
 0.818333 1.000000 0.000000 1.000000 1.183216 0.000000 0.000000
 0.819444 1.000000 0.000000 1.000000 1.183216 0.000000 0.000000
 0.820556 1.000000 0.000000 1.000000 1.183216 0.000000 0.000000
 0.821667 1.000000 0.000000 1.000000 1.183216 0.000000 0.000000
 0.822778 1.000000 0.000000 1.000000 1.183216 0.000000 0.000000
 0.823889 1.000000 0.000000 1.000000 1.183216 0.000000 0.000000
 0.825000 1.000000 0.000000 1.000000 1.183216 0.000000 0.000000
 0.826111 1.000000 0.000000 1.000000 1.183216 0.000000 0.000000
 0.827222 1.000000 0.000000 1.000000 1.183216 0.000000 0.000000
 0.828333 1.000000 0.000000 1.000000 1.183216 0.000000 0.000000
 0.829444 1.000000 0.000000 1.000000 1.183216 0.000000 0.000000
 0.830556 1.000000 0.000000 1.000000 1.183216 0.000000 0.000000
 0.831667 1.000000 0.000000 1.000000 1.183216 0.000000 0.000000
 0.832778 1.000000 0.000000 1.000000 1.183216 0.000000 0.000000
 0.833889 1.000000 0.000000 1.000000 1.183216 0.000000 0.000000
 0.835000 1.000000 0.000000 1.000000 1.183216 0.000000 0.000000
 0.836111 1.000000 0.000000 1.000000 1.183216 0.000000 0.000000
 0.837222 1.000000 0.000000 1.000000 1.183216 0.000000 0.000000
 0.838333 1.000000 0.000000 1.000000 1.183216 0.000000 0.000000
 0.839444 1.000000 0.000000 1.000000 1.183216 0.000000 0.000000
 0.840556 1.000000 0.000000 1.000000 1.183216 0.000000 0.000000
 0.841667 1.000000 0.000000 1.000000 1.183216 0.000000 0.000000
 0.842778 1.000000 0.000000 1.000000 1.183216 0.000000 0.000000
 0.843889 1.000000 0.000000 1.000000 1.183216 0.000000 0.000000
 0.845000 1.000000 0.000000 1.000000 1.183216 0.000000 0.000000
 0.846111 1.000000 0.000000 1.000000 1.183216 0.000000 0.000000
 0.847222 1.000000 0.000000 1.000000 1.183216 0.000000 0.000000
 0.848333 1.000000 0.000000 1.000000 1.183216 0.000000 0.000000
 0.849444 1.000000 0.000000 1.000000 1.183216 0.000000 0.000000
 0.850556 1.000000 0.000000 1.000000 1.183216 0.000000 0.000000
 0.851667 1.000000 0.000000 1.000000 1.183216 0.000000 0.000000
 0.852778 1.000000 0.000000 1.000000 1.183216 0.000000 0.000000
 0.853889 1.000000 0.000000 1.000000 1.183216 0.000000 0.000000
 0.855000 1.000000 0.000000 1.000000 1.183216 0.000000 0.000000
 0.856111 1.000000 0.000000 1.000000 1.183216 0.000000 0.000000
 0.857222 1.000000 0.000000 1.000000 1.183216 0.000000 0.000000
 0.858333 1.000000 0.000000 1.000000 1.183216 0.000000 0.000000
 0.859444 1.000000 0.000000 1.000000 1.183216 0.000000 0.000000
 0.860556 1.000000 0.000000 1.000000 1.183216 0.000000 0.000000
 0.861667 1.000000 0.000000 1.000000 1.183216 0.000000 0.000000
 0.862778 1.000000 0.000000 1.000000 1.183216 0.000000 0.000000
 0.863889 1.000000 0.000000 1.000000 1.183216 0.000000 0.000000
 0.865000 1.000000 0.000000 1.000000 1.183216 0.000000 0.000000
 0.866111 1.000000 0.000000 1.000000 1.183216 0.000000 0.000000
 0.867222 1.000000 0.000000 1.000000 1.183216 0.000000 0.000000
 0.868333 1.000000 0.000000 1.000000 1.183216 0.000000 0.000000
 0.869444 1.000000 0.000000 1.000000 1.183216 0.000000 0.000000
 0.870556 1.000000 0.000000 1.000000 1.183216 0.000000 0.000000
 0.871667 1.000000 0.000000 1.000000 1.183216 0.000000 0.000000
 0.872778 1.000000 0.000000 1.000000 1.183216 0.000000 0.000000
 0.873889 1.000000 0.000000 1.000000 1.183216 0.000000 0.000000
 0.875000 1.000000 0.000000 1.000000 1.183216 0.000000 0.000000
 0.876111 1.000000 0.000000 1.000000 1.183216 0.000000 0.000000
 0.877222 1.000000 0.000000 1.000000 1.183216 0.000000 0.000000
 0.878333 1.000000 0.000000 1.000000 1.183216 0.000000 0.000000
 0.879444 1.000000 0.000000 1.000000 1.183216 0.000000 0.000000
 0.880556 1.000000 0.000000 1.000000 1.183216 0.000000 0.000000
 0.881667 1.000000 0.000000 1.000000 1.183216 0.000000 0.000000
 0.882778 1.000000 0.000000 1.000000 1.183216 0.000000 0.000000
 0.883889 1.000000 0.000000 1.000000 1.183216 0.000000 0.000000
 0.885000 1.000000 0.000000 1.000000 1.183216 0.000000 0.000000
 0.886111 1.000000 0.000000 1.000000 1.183216 0.000000 0.000000
 0.887222 1.000000 0.000000 1.000000 1.183216 0.000000 0.000000
 0.888333 1.000000 0.000000 1.000000 1.183216 0.000000 0.000000
 0.889444 1.000000 0.000000 1.000000 1.183216 0.000000 0.000000
 0.890556 1.000000 0.000000 1.000000 1.183216 0.000000 0.000000
 0.891667 1.000000 0.000000 1.000000 1.183216 0.000000 0.000000
 0.892778 1.000000 0.000000 1.000000 1.183216 0.000000 0.000000
 0.893889 1.000000 0.000000 1.000000 1.183216 0.000000 0.000000
 0.895000 1.000000 0.000000 1.000000 1.183216 0.000000 0.000000
 0.896111 1.000000 0.000000 1.000000 1.183216 0.000000 0.000000
 0.897222 1.000000 0.000000 1.000000 1.183216 0.000000 0.000000
 0.898333 1.000000 0.000000 1.000000 1.183216 0.000000 0.000000
 0.899444 1.000000 0.000000 1.000000 1.183216 0.000000 0.000000
 0.900556 1.000000 0.000000 1.000000 1.183216 0.000000 0.000000
 0.901667 1.000000 0.000000 1.000000 1.183216 0.000000 0.000000
 0.902778 1.000000 0.000000 1.000000 1.183216 0.000000 0.000000
 0.903889 1.000000 0.000000 1.000000 1.183216 0.000000 0.000000
 0.905000 1.000000 0.000000 1.000000 1.183216 0.000000 0.000000
 0.906111 1.000000 0.000000 1.000000 1.183216 0.000000 0.000000
 0.907222 1.000000 0.000000 1.000000 1.183216 0.000000 0.000000
 0.908333 1.000000 0.000000 1.000000 1.183216 0.000000 0.000000
 0.909444 1.000000 0.000000 1.000000 1.183216 0.000000 0.000000
 0.910556 1.000000 0.000000 1.000000 1.183216 0.000000 0.000000
 0.911667 1.000000 0.000000 1.000000 1.183216 0.000000 0.000000
 0.912778 1.000000 0.000000 1.000000 1.183216 0.000000 0.000000
 0.913889 1.000000 0.000000 1.000000 1.183216 0.000000 0.000000
 0.915000 1.000000 0.000000 1.000000 1.183216 0.000000 0.000000
 0.916111 1.000000 0.000000 1.000000 1.183216 0.000000 0.000000
 0.917222 1.000000 0.000000 1.000000 1.183216 0.000000 0.000000
 0.918333 1.000000 0.000000 1.000000 1.183216 0.000000 0.000000
 0.919444 1.000000 0.000000 1.000000 1.183216 0.000000 0.000000
 0.920556 1.000000 0.000000 1.000000 1.183216 0.000000 0.000000
 0.921667 1.000000 0.000000 1.000000 1.183216 0.000000 0.000000
 0.922778 1.000000 0.000000 1.000000 1.183216 0.000000 0.000000
 0.923889 1.000000 0.000000 1.000000 1.183216 0.000000 0.000000
 0.925000 1.000000 0.000000 1.000000 1.183216 0.000000 0.000000
 0.926111 1.000000 0.000000 1.000000 1.183216 0.000000 0.000000
 0.927222 1.000000 0.000000 1.000000 1.183216 0.000000 0.000000
 0.928333 1.000000 0.000000 1.000000 1.183216 0.000000 0.000000
 0.929444 1.000000 0.000000 1.000000 1.183216 0.000000 0.000000
 0.930556 1.000000 0.000000 1.000000 1.183216 0.000000 0.000000
 0.931667 1.000000 0.000000 1.000000 1.183216 0.000000 0.000000
 0.932778 1.000000 0.000000 1.000000 1.183216 0.000000 0.000000
 0.933889 1.000000 0.000000 1.000000 1.183216 0.000000 0.000000
 0.935000 1.000000 0.000000 1.000000 1.183216 0.000000 0.000000
 0.936111 1.000000 0.000000 1.000000 1.183216 0.000000 0.000000
 0.937222 1.000000 0.000000 1.000000 1.183216 0.000000 0.000000
 0.938333 1.000000 0.000000 1.000000 1.183216 0.000000 0.000000
 0.939444 1.000000 0.000000 1.000000 1.183216 0.000000 0.000000
 0.940556 1.000000 0.000000 1.000000 1.183216 0.000000 0.000000
 0.941667 1.000000 0.000000 1.000000 1.183216 0.000000 0.000000
 0.942778 1.000000 0.000000 1.000000 1.183216 0.000000 0.000000
 0.943889 1.000000 0.000000 1.000000 1.183216 0.000000 0.000000
 0.945000 1.000000 0.000000 1.000000 1.183216 0.000000 0.000000
 0.946111 1.000000 0.000000 1.000000 1.183216 0.000000 0.000000
 0.947222 1.000000 0.000000 1.000000 1.183216 0.000000 0.000000
 0.948333 1.000000 0.000000 1.000000 1.183216 0.000000 0.000000
 0.949444 1.000000 0.000000 1.000000 1.183216 0.000000 0.000000
 0.950556 1.000000 0.000000 1.000000 1.183216 0.000000 0.000000
 0.951667 1.000000 0.000000 1.000000 1.183216 0.000000 0.000000
 0.952778 1.000000 0.000000 1.000000 1.183216 0.000000 0.000000
 0.953889 1.000000 0.000000 1.000000 1.183216 0.000000 0.000000
 0.955000 1.000000 0.000000 1.000000 1.183216 0.000000 0.000000
 0.956111 1.000000 0.000000 1.000000 1.183216 0.000000 0.000000
 0.957222 1.000000 0.000000 1.000000 1.183216 0.000000 0.000000
 0.958333 1.000000 0.000000 1.000000 1.183216 0.000000 0.000000
 0.959444 1.000000 0.000000 1.000000 1.183216 0.000000 0.000000
 0.960556 1.000000 0.000000 1.000000 1.183216 0.000000 0.000000
 0.961667 1.000000 0.000000 1.000000 1.183216 0.000000 0.000000
 0.962778 1.000000 0.000000 1.000000 1.183216 0.000000 0.000000
 0.963889 1.000000 0.000000 1.000000 1.183216 0.000000 0.000000
 0.965000 1.000000 0.000000 1.000000 1.183216 0.000000 0.000000
 0.966111 1.000000 0.000000 1.000000 1.183216 0.000000 0.000000
 0.967222 1.000000 0.000000 1.000000 1.183216 0.000000 0.000000
 0.968333 1.000000 0.000000 1.000000 1.183216 0.000000 0.000000
 0.969444 1.000000 0.000000 1.000000 1.183216 0.000000 0.000000
 0.970556 1.000000 0.000000 1.000000 1.183216 0.000000 0.000000
 0.971667 1.000000 0.000000 1.000000 1.183216 0.000000 0.000000
 0.972778 1.000000 0.000000 1.000000 1.183216 0.000000 0.000000
 0.973889 1.000000 0.000000 1.000000 1.183216 0.000000 0.000000
 0.975000 1.000000 0.000000 1.000000 1.183216 0.000000 0.000000
 0.976111 1.000000 0.000000 1.000000 1.183216 0.000000 0.000000
 0.977222 1.000000 0.000000 1.000000 1.183216 0.000000 0.000000
 0.978333 1.000000 0.000000 1.000000 1.183216 0.000000 0.000000
 0.979444 1.000000 0.000000 1.000000 1.183216 0.000000 0.000000
 0.980556 1.000000 0.000000 1.000000 1.183216 0.000000 0.000000
 0.981667 1.000000 0.000000 1.000000 1.183216 0.000000 0.000000
 0.982778 1.000000 0.000000 1.000000 1.183216 0.000000 0.000000
 0.983889 1.000000 0.000000 1.000000 1.183216 0.000000 0.000000
 0.985000 1.000000 0.000000 1.000000 1.183216 0.000000 0.000000
 0.986111 1.000000 0.000000 1.000000 1.183216 0.000000 0.000000
 0.987222 1.000000 0.000000 1.000000 1.183216 0.000000 0.000000
 0.988333 1.000000 0.000000 1.000000 1.183216 0.000000 0.000000
 0.989444 1.000000 0.000000 1.000000 1.183216 0.000000 0.000000
 0.990556 1.000000 0.000000 1.000000 1.183216 0.000000 0.000000
 0.991667 1.000000 0.000000 1.000000 1.183216 0.000000 0.000000
 0.992778 1.000000 0.000000 1.000000 1.183216 0.000000 0.000000
 0.993889 1.000000 0.000000 1.000000 1.183216 0.000000 0.000000
 0.995000 1.000000 0.000000 1.000000 1.183216 0.000000 0.000000
 0.996111 1.000000 0.000000 1.000000 1.183216 0.000000 0.000000
 0.997222 1.000000 0.000000 1.000000 1.183216 0.000000 0.000000
 0.998333 1.000000 0.000000 1.000000 1.183216 0.000000 0.000000
 0.999444 1.000000 0.000000 1.000000 1.183216 0.000000 0.000000
