Timer: 0.109975
 0.000556 1.000000 0.000000 1.000000 1.183216 1.000000 0.000000
 0.001667 1.000000 0.000000 1.000000 1.183216 1.000000 0.000000
 0.002778 1.000000 0.000000 1.000000 1.183216 1.000000 0.000000
 0.003889 1.000000 0.000000 1.000000 1.183216 1.000000 0.000000
 0.005000 1.000000 0.000000 1.000000 1.183216 1.000000 0.000000
 0.006111 1.000000 0.000000 1.000000 1.183216 1.000000 0.000000
 0.007222 1.000000 0.000000 1.000000 1.183216 1.000000 0.000000
 0.008333 1.000000 0.000000 1.000000 1.183216 1.000000 0.000000
 0.009444 1.000000 0.000000 1.000000 1.183216 1.000000 0.000000
 0.010556 1.000000 0.000000 1.000000 1.183216 1.000000 0.000000
 0.011667 1.000000 0.000000 1.000000 1.183216 1.000000 0.000000
 0.012778 1.000000 0.000000 1.000000 1.183216 1.000000 0.000000
 0.013889 1.000000 0.000000 1.000000 1.183216 1.000000 0.000000
 0.015000 1.000000 0.000000 1.000000 1.183216 1.000000 0.000000
 0.016111 1.000000 0.000000 1.000000 1.183216 1.000000 0.000000
 0.017222 1.000000 0.000000 1.000000 1.183216 1.000000 0.000000
 0.018333 1.000000 0.000000 1.000000 1.183216 1.000000 0.000000
 0.019444 1.000000 0.000000 1.000000 1.183216 1.000000 0.000000
 0.020556 1.000000 0.000000 1.000000 1.183216 1.000000 0.000000
 0.021667 1.000000 0.000000 1.000000 1.183216 1.000000 0.000000
 0.022778 1.000000 0.000000 1.000000 1.183216 1.000000 0.000000
 0.023889 1.000000 0.000000 1.000000 1.183216 1.000000 0.000000
 0.025000 1.000000 0.000000 1.000000 1.183216 1.000000 0.000000
 0.026111 1.000000 0.000000 1.000000 1.183216 1.000000 0.000000
 0.027222 1.000000 0.000000 1.000000 1.183216 1.000000 0.000000
 0.028333 1.000000 0.000000 1.000000 1.183216 1.000000 0.000000
 0.029444 1.000000 0.000000 1.000000 1.183216 1.000000 0.000000
 0.030556 1.000000 0.000000 1.000000 1.183216 1.000000 0.000000
 0.031667 1.000000 0.000000 1.000000 1.183216 1.000000 0.000000
 0.032778 1.000000 0.000000 1.000000 1.183216 1.000000 0.000000
 0.033889 1.000000 0.000000 1.000000 1.183216 1.000000 0.000000
 0.035000 1.000000 0.000000 1.000000 1.183216 1.000000 0.000000
 0.036111 1.000000 0.000000 1.000000 1.183216 1.000000 0.000000
 0.037222 1.000000 0.000000 1.000000 1.183216 1.000000 0.000000
 0.038333 1.000000 0.000000 1.000000 1.183216 1.000000 0.000000
 0.039444 1.000000 0.000000 1.000000 1.183216 1.000000 0.000000
 0.040556 1.000000 0.000000 1.000000 1.183216 1.000000 0.000000
 0.041667 1.000000 0.000000 1.000000 1.183216 1.000000 0.000000
 0.042778 1.000000 0.000000 1.000000 1.183216 1.000000 0.000000
 0.043889 1.000000 0.000000 1.000000 1.183216 1.000000 0.000000
 0.045000 1.000000 0.000000 1.000000 1.183216 1.000000 0.000000
 0.046111 1.000000 0.000000 1.000000 1.183216 1.000000 0.000000
 0.047222 1.000000 0.000000 1.000000 1.183216 1.000000 0.000000
 0.048333 1.000000 0.000000 1.000000 1.183216 1.000000 0.000000
 0.049444 1.000000 0.000000 1.000000 1.183216 1.000000 0.000000
 0.050556 1.000000 0.000000 1.000000 1.183216 1.000000 0.000000
 0.051667 1.000000 0.000000 1.000000 1.183216 1.000000 0.000000
 0.052778 1.000000 0.000000 1.000000 1.183216 1.000000 0.000000
 0.053889 1.000000 0.000000 1.000000 1.183216 1.000000 0.000000
 0.055000 1.000000 0.000000 1.000000 1.183216 1.000000 0.000000
 0.056111 1.000000 0.000000 1.000000 1.183216 1.000000 0.000000
 0.057222 1.000000 0.000000 1.000000 1.183216 1.000000 0.000000
 0.058333 1.000000 0.000000 1.000000 1.183216 1.000000 0.000000
 0.059444 1.000000 0.000000 1.000000 1.183216 1.000000 0.000000
 0.060556 1.000000 0.000000 1.000000 1.183216 1.000000 0.000000
 0.061667 1.000000 0.000000 1.000000 1.183216 1.000000 0.000000
 0.062778 1.000000 0.000000 1.000000 1.183216 1.000000 0.000000
 0.063889 1.000000 0.000000 1.000000 1.183216 1.000000 0.000000
 0.065000 1.000000 0.000000 1.000000 1.183216 1.000000 0.000000
 0.066111 1.000000 0.000000 1.000000 1.183216 1.000000 0.000000
 0.067222 1.000000 0.000000 1.000000 1.183216 1.000000 0.000000
 0.068333 1.000000 0.000000 1.000000 1.183216 1.000000 0.000000
 0.069444 1.000000 0.000000 1.000000 1.183216 1.000000 0.000000
 0.070556 1.000000 0.000000 1.000000 1.183216 1.000000 0.000000
 0.071667 1.000000 0.000000 1.000000 1.183216 1.000000 0.000000
 0.072778 1.000000 0.000000 1.000000 1.183216 1.000000 0.000000
 0.073889 1.000000 0.000000 1.000000 1.183216 1.000000 0.000000
 0.075000 1.000000 0.000000 1.000000 1.183216 1.000000 0.000000
 0.076111 1.000000 0.000000 1.000000 1.183216 1.000000 0.000000
 0.077222 1.000000 0.000000 1.000000 1.183216 1.000000 0.000000
 0.078333 1.000000 0.000000 1.000000 1.183216 1.000000 0.000000
 0.079444 1.000000 0.000000 1.000000 1.183216 1.000000 0.000000
 0.080556 1.000000 0.000000 1.000000 1.183216 1.000000 0.000000
 0.081667 1.000000 0.000000 1.000000 1.183216 1.000000 0.000000
 0.082778 1.000000 0.000000 1.000000 1.183216 1.000000 0.000000
 0.083889 1.000000 0.000000 1.000000 1.183216 1.000000 0.000000
 0.085000 1.000000 0.000000 1.000000 1.183216 1.000000 0.000000
 0.086111 1.000000 0.000000 1.000000 1.183216 1.000000 0.000000
 0.087222 1.000000 0.000000 1.000000 1.183216 1.000000 0.000000
 0.088333 1.000000 0.000000 1.000000 1.183216 1.000000 0.000000
 0.089444 1.000000 0.000000 1.000000 1.183216 1.000000 0.000000
 0.090556 1.000000 0.000000 1.000000 1.183216 1.000000 0.000000
 0.091667 1.000000 0.000000 1.000000 1.183216 1.000000 0.000000
 0.092778 1.000000 0.000000 1.000000 1.183216 1.000000 0.000000
 0.093889 1.000000 0.000000 1.000000 1.183216 1.000000 0.000000
 0.095000 1.000000 0.000000 1.000000 1.183216 1.000000 0.000000
 0.096111 1.000000 0.000000 1.000000 1.183216 1.000000 0.000000
 0.097222 1.000000 0.000000 1.000000 1.183216 1.000000 0.000000
 0.098333 1.000000 0.000000 1.000000 1.183216 1.000000 0.000000
 0.099444 1.000000 0.000000 1.000000 1.183216 1.000000 0.000000
 0.100556 1.000000 0.000000 1.000000 1.183216 1.000000 0.000000
 0.101667 1.000000 0.000000 1.000000 1.183216 1.000000 0.000000
 0.102778 1.000000 0.000000 1.000000 1.183216 1.000000 0.000000
 0.103889 1.000000 0.000000 1.000000 1.183216 1.000000 0.000000
 0.105000 1.000000 0.000000 1.000000 1.183216 1.000000 0.000000
 0.106111 1.000000 0.000000 1.000000 1.183216 1.000000 0.000000
 0.107222 1.000000 0.000000 1.000000 1.183216 1.000000 0.000000
 0.108333 1.000000 0.000000 1.000000 1.183216 1.000000 0.000000
 0.109444 1.000000 0.000000 1.000000 1.183216 1.000000 0.000000
 0.110556 1.000000 0.000000 1.000000 1.183216 1.000000 0.000000
 0.111667 1.000000 0.000000 1.000000 1.183216 1.000000 0.000000
 0.112778 1.000000 0.000000 1.000000 1.183216 1.000000 0.000000
 0.113889 1.000000 0.000000 1.000000 1.183216 1.000000 0.000000
 0.115000 1.000000 0.000000 1.000000 1.183216 1.000000 0.000000
 0.116111 1.000000 0.000000 1.000000 1.183216 1.000000 0.000000
 0.117222 1.000000 0.000000 1.000000 1.183216 1.000000 0.000000
 0.118333 1.000000 0.000000 1.000000 1.183216 1.000000 0.000000
 0.119444 1.000000 0.000000 1.000000 1.183216 1.000000 0.000000
 0.120556 1.000000 0.000000 1.000000 1.183216 1.000000 0.000000
 0.121667 1.000000 0.000000 1.000000 1.183216 1.000000 0.000000
 0.122778 1.000000 0.000000 1.000000 1.183216 1.000000 0.000000
 0.123889 1.000000 0.000000 1.000000 1.183216 1.000000 0.000000
 0.125000 1.000000 0.000000 1.000000 1.183216 1.000000 0.000000
 0.126111 1.000000 0.000000 1.000000 1.183216 1.000000 0.000000
 0.127222 1.000000 0.000000 1.000000 1.183216 1.000000 0.000000
 0.128333 1.000000 0.000000 1.000000 1.183216 1.000000 0.000000
 0.129444 1.000000 0.000000 1.000000 1.183216 1.000000 0.000000
 0.130556 1.000000 0.000000 1.000000 1.183216 1.000000 0.000000
 0.131667 1.000000 0.000000 1.000000 1.183216 1.000000 0.000000
 0.132778 1.000000 0.000000 1.000000 1.183216 1.000000 0.000000
 0.133889 1.000000 0.000000 1.000000 1.183216 1.000000 0.000000
 0.135000 1.000000 0.000000 1.000000 1.183216 1.000000 0.000000
 0.136111 1.000000 0.000000 1.000000 1.183216 1.000000 0.000000
 0.137222 1.000000 0.000000 1.000000 1.183216 1.000000 0.000000
 0.138333 1.000000 0.000000 1.000000 1.183216 1.000000 0.000000
 0.139444 1.000000 0.000000 1.000000 1.183216 1.000000 0.000000
 0.140556 1.000000 0.000000 1.000000 1.183216 1.000000 0.000000
 0.141667 1.000000 0.000000 1.000000 1.183216 1.000000 0.000000
 0.142778 1.000000 0.000000 1.000000 1.183216 1.000000 0.000000
 0.143889 1.000000 0.000000 1.000000 1.183216 1.000000 0.000000
 0.145000 1.000000 0.000000 1.000000 1.183216 1.000000 0.000000
 0.146111 1.000000 0.000000 1.000000 1.183216 1.000000 0.000000
 0.147222 1.000000 0.000000 1.000000 1.183216 1.000000 0.000000
 0.148333 1.000000 0.000000 1.000000 1.183216 1.000000 0.000000
 0.149444 1.000000 0.000000 1.000000 1.183216 1.000000 0.000000
 0.150556 1.000000 0.000000 1.000000 1.183216 1.000000 0.000000
 0.151667 1.000000 0.000000 1.000000 1.183216 1.000000 0.000000
 0.152778 1.000000 0.000000 1.000000 1.183216 1.000000 0.000000
 0.153889 1.000000 0.000000 1.000000 1.183216 1.000000 0.000000
 0.155000 1.000000 0.000000 1.000000 1.183216 1.000000 0.000000
 0.156111 1.000000 0.000000 1.000000 1.183216 1.000000 0.000000
 0.157222 1.000000 0.000000 1.000000 1.183216 1.000000 0.000000
 0.158333 1.000000 0.000000 1.000000 1.183216 1.000000 0.000000
 0.159444 1.000000 0.000000 1.000000 1.183216 1.000000 0.000000
 0.160556 1.000000 0.000000 1.000000 1.183216 1.000000 0.000000
 0.161667 1.000000 0.000000 1.000000 1.183216 1.000000 0.000000
 0.162778 1.000000 0.000000 1.000000 1.183216 1.000000 0.000000
 0.163889 1.000000 0.000000 1.000000 1.183216 1.000000 0.000000
 0.165000 1.000000 0.000000 1.000000 1.183216 1.000000 0.000000
 0.166111 1.000000 0.000000 1.000000 1.183216 1.000000 0.000000
 0.167222 1.000000 0.000000 1.000000 1.183216 1.000000 0.000000
 0.168333 1.000000 0.000000 1.000000 1.183216 1.000000 0.000000
 0.169444 1.000000 0.000000 1.000000 1.183216 1.000000 0.000000
 0.170556 1.000000 0.000000 1.000000 1.183216 1.000000 0.000000
 0.171667 1.000000 0.000000 1.000000 1.183216 1.000000 0.000000
 0.172778 1.000000 0.000000 1.000000 1.183216 1.000000 0.000000
 0.173889 1.000000 0.000000 1.000000 1.183216 1.000000 0.000000
 0.175000 1.000000 0.000000 1.000000 1.183216 1.000000 0.000000
 0.176111 1.000000 0.000000 1.000000 1.183216 1.000000 0.000000
 0.177222 1.000000 0.000000 1.000000 1.183216 1.000000 0.000000
 0.178333 1.000000 0.000000 1.000000 1.183216 1.000000 0.000000
 0.179444 1.000000 0.000000 1.000000 1.183216 1.000000 0.000000
 0.180556 1.000000 0.000000 1.000000 1.183216 1.000000 0.000000
 0.181667 1.000000 0.000000 1.000000 1.183216 1.000000 0.000000
 0.182778 1.000000 0.000000 1.000000 1.183216 1.000000 0.000000
 0.183889 1.000000 0.000000 1.000000 1.183216 1.000000 0.000000
 0.185000 1.000000 0.000000 1.000000 1.183216 1.000000 0.000000
 0.186111 1.000000 0.000000 1.000000 1.183216 1.000000 0.000000
 0.187222 1.000000 0.000000 1.000000 1.183216 1.000000 0.000000
 0.188333 1.000000 0.000000 1.000000 1.183216 1.000000 0.000000
 0.189444 1.000000 0.000000 1.000000 1.183216 1.000000 0.000000
 0.190556 1.000000 0.000000 1.000000 1.183216 1.000000 0.000000
 0.191667 1.000000 0.000000 1.000000 1.183216 1.000000 0.000000
 0.192778 1.000000 0.000000 1.000000 1.183216 1.000000 0.000000
 0.193889 1.000000 0.000000 1.000000 1.183216 1.000000 0.000000
 0.195000 1.000000 0.000000 1.000000 1.183216 1.000000 0.000000
 0.196111 1.000000 0.000000 1.000000 1.183216 1.000000 0.000000
 0.197222 1.000000 0.000000 1.000000 1.183216 1.000000 0.000000
 0.198333 1.000000 0.000000 1.000000 1.183216 1.000000 0.000000
 0.199444 1.000000 0.000000 1.000000 1.183216 1.000000 0.000000
 0.200556 1.000000 0.000000 1.000000 1.183216 1.000000 0.000000
 0.201667 1.000000 0.000000 1.000000 1.183216 1.000000 0.000000
 0.202778 1.000000 0.000000 1.000000 1.183216 1.000000 0.000000
 0.203889 1.000000 0.000000 1.000000 1.183216 1.000000 0.000000
 0.205000 1.000000 0.000000 1.000000 1.183216 1.000000 0.000000
 0.206111 1.000000 0.000000 1.000000 1.183216 1.000000 0.000000
 0.207222 1.000000 0.000000 1.000000 1.183216 1.000000 0.000000
 0.208333 1.000000 0.000000 1.000000 1.183216 1.000000 0.000000
 0.209444 1.000000 0.000000 1.000000 1.183216 1.000000 0.000000
 0.210556 1.000000 0.000000 1.000000 1.183216 1.000000 0.000000
 0.211667 1.000000 0.000000 1.000000 1.183216 1.000000 0.000000
 0.212778 1.000000 0.000000 1.000000 1.183216 1.000000 0.000000
 0.213889 1.000000 0.000000 1.000000 1.183216 1.000000 0.000000
 0.215000 1.000000 0.000000 1.000000 1.183216 1.000000 0.000000
 0.216111 1.000000 0.000000 1.000000 1.183216 1.000000 0.000000
 0.217222 1.000000 0.000000 1.000000 1.183216 1.000000 0.000000
 0.218333 1.000000 0.000000 1.000000 1.183216 1.000000 0.000000
 0.219444 1.000000 0.000000 1.000000 1.183216 1.000000 0.000000
 0.220556 1.000000 0.000000 1.000000 1.183216 1.000000 0.000000
 0.221667 1.000000 0.000000 1.000000 1.183216 1.000000 0.000000
 0.222778 1.000000 0.000000 1.000000 1.183216 1.000000 0.000000
 0.223889 1.000000 0.000000 1.000000 1.183216 1.000000 0.000000
 0.225000 1.000000 0.000000 1.000000 1.183216 1.000000 0.000000
 0.226111 1.000000 0.000000 1.000000 1.183216 1.000000 0.000000
 0.227222 1.000000 0.000000 1.000000 1.183216 1.000000 0.000000
 0.228333 1.000000 0.000000 1.000000 1.183216 1.000000 0.000000
 0.229444 1.000000 0.000000 1.000000 1.183216 1.000000 0.000000
 0.230556 1.000000 0.000000 1.000000 1.183216 1.000000 0.000000
 0.231667 1.000000 0.000000 1.000000 1.183216 1.000000 0.000000
 0.232778 1.000000 0.000000 1.000000 1.183216 1.000000 0.000000
 0.233889 1.000000 0.000000 1.000000 1.183216 1.000000 0.000000
 0.235000 1.000000 0.000000 1.000000 1.183216 1.000000 0.000000
 0.236111 1.000000 0.000000 1.000000 1.183216 1.000000 0.000000
 0.237222 1.000000 0.000000 1.000000 1.183216 1.000000 0.000000
 0.238333 1.000000 0.000000 1.000000 1.183216 1.000000 0.000000
 0.239444 1.000000 0.000000 1.000000 1.183216 1.000000 0.000000
 0.240556 1.000000 0.000000 1.000000 1.183216 1.000000 0.000000
 0.241667 1.000000 0.000000 1.000000 1.183216 1.000000 0.000000
 0.242778 1.000000 0.000000 1.000000 1.183216 1.000000 0.000000
 0.243889 1.000000 0.000000 1.000000 1.183216 1.000000 0.000000
 0.245000 1.000000 0.000000 1.000000 1.183216 1.000000 0.000000
 0.246111 1.000000 0.000000 1.000000 1.183216 1.000000 0.000000
 0.247222 1.000000 0.000000 1.000000 1.183216 1.000000 0.000000
 0.248333 1.000000 0.000000 1.000000 1.183216 1.000000 0.000000
 0.249444 1.000000 0.000000 1.000000 1.183216 1.000000 0.000000
 0.250556 1.000000 0.000000 1.000000 1.183216 1.000000 0.000000
 0.251667 1.000000 0.000000 1.000000 1.183216 1.000000 0.000000
 0.252778 1.000000 0.000000 1.000000 1.183216 1.000000 0.000000
 0.253889 1.000000 0.000000 1.000000 1.183216 1.000000 0.000000
 0.255000 1.000000 0.000000 1.000000 1.183216 1.000000 0.000000
 0.256111 1.000000 0.000000 1.000000 1.183216 1.000000 0.000000
 0.257222 1.000000 0.000000 1.000000 1.183216 1.000000 0.000000
 0.258333 1.000000 0.000000 1.000000 1.183216 1.000000 0.000000
 0.259444 1.000000 0.000000 1.000000 1.183216 1.000000 0.000000
 0.260556 1.000000 0.000000 1.000000 1.183216 1.000000 0.000000
 0.261667 1.000000 0.000000 1.000000 1.183216 1.000000 0.000000
 0.262778 1.000000 0.000000 1.000000 1.183216 1.000000 0.000000
 0.263889 1.000000 0.000000 1.000000 1.183216 1.000000 0.000000
 0.265000 1.000000 0.000000 1.000000 1.183216 1.000000 0.000000
 0.266111 1.000000 0.000000 1.000000 1.183216 1.000000 0.000000
 0.267222 1.000000 0.000000 1.000000 1.183216 1.000000 0.000000
 0.268333 1.000000 0.000000 1.000000 1.183216 1.000000 0.000000
 0.269444 1.000000 0.000000 1.000000 1.183216 1.000000 0.000000
 0.270556 1.000000 0.000000 1.000000 1.183216 1.000000 0.000000
 0.271667 1.000000 0.000000 1.000000 1.183216 1.000000 0.000000
 0.272778 1.000000 0.000000 1.000000 1.183216 1.000000 0.000000
 0.273889 1.000000 0.000000 1.000000 1.183216 1.000000 0.000000
 0.275000 1.000000 0.000000 1.000000 1.183216 1.000000 0.000000
 0.276111 1.000000 0.000000 1.000000 1.183216 1.000000 0.000000
 0.277222 1.000000 0.000000 1.000000 1.183216 1.000000 0.000000
 0.278333 1.000000 0.000000 1.000000 1.183216 1.000000 0.000000
 0.279444 1.000000 0.000000 1.000000 1.183216 1.000000 0.000000
 0.280556 1.000000 0.000000 1.000000 1.183216 1.000000 0.000000
 0.281667 1.000000 0.000000 1.000000 1.183216 1.000000 0.000000
 0.282778 1.000000 0.000000 1.000000 1.183216 1.000000 0.000000
 0.283889 1.000000 0.000000 1.000000 1.183216 1.000000 0.000000
 0.285000 1.000000 0.000000 1.000000 1.183216 1.000000 0.000000
 0.286111 1.000000 0.000000 1.000000 1.183216 1.000000 0.000000
 0.287222 1.000000 0.000000 1.000000 1.183216 1.000000 0.000000
 0.288333 1.000000 0.000000 1.000000 1.183216 1.000000 0.000000
 0.289444 1.000000 0.000000 1.000000 1.183216 1.000000 0.000000
 0.290556 1.000000 0.000000 1.000000 1.183216 1.000000 0.000000
 0.291667 1.000000 0.000000 1.000000 1.183216 1.000000 0.000000
 0.292778 1.000000 0.000000 1.000000 1.183216 1.000000 0.000000
 0.293889 1.000000 0.000000 1.000000 1.183216 1.000000 0.000000
 0.295000 1.000000 0.000000 1.000000 1.183216 1.000000 0.000000
 0.296111 1.000000 0.000000 1.000000 1.183216 1.000000 0.000000
 0.297222 1.000000 0.000000 1.000000 1.183216 1.000000 0.000000
 0.298333 1.000000 0.000000 1.000000 1.183216 1.000000 0.000000
 0.299444 1.000000 0.000000 1.000000 1.183216 1.000000 0.000000
 0.300556 1.000000 0.000000 1.000000 1.183216 1.000000 0.000000
 0.301667 1.000000 0.000000 1.000000 1.183216 1.000000 0.000000
 0.302778 1.000000 0.000000 1.000000 1.183216 1.000000 0.000000
 0.303889 1.000000 0.000000 1.000000 1.183216 1.000000 0.000000
 0.305000 1.000000 0.000000 1.000000 1.183216 1.000000 0.000000
 0.306111 1.000000 0.000000 1.000000 1.183216 1.000000 0.000000
 0.307222 1.000000 0.000000 1.000000 1.183216 1.000000 0.000000
 0.308333 1.000000 0.000000 1.000000 1.183216 1.000000 0.000000
 0.309444 1.000000 0.000000 1.000000 1.183216 1.000000 0.000000
 0.310556 1.000000 0.000000 1.000000 1.183216 1.000000 0.000000
 0.311667 1.000000 0.000000 1.000000 1.183216 1.000000 0.000000
 0.312778 1.000000 0.000000 1.000000 1.183216 1.000000 0.000000
 0.313889 1.000000 0.000000 1.000000 1.183216 1.000000 0.000000
 0.315000 1.000000 0.000000 1.000000 1.183216 1.000000 0.000000
 0.316111 1.000000 0.000000 1.000000 1.183216 1.000000 0.000000
 0.317222 1.000000 0.000000 1.000000 1.183216 1.000000 0.000000
 0.318333 1.000000 0.000000 1.000000 1.183216 1.000000 0.000000
 0.319444 1.000000 0.000000 0.999999 1.183216 1.000000 0.000000
 0.320556 0.999999 0.000001 0.999999 1.183216 1.000000 0.000000
 0.321667 0.999999 0.000001 0.999999 1.183216 1.000000 0.000000
 0.322778 0.999999 0.000002 0.999998 1.183216 1.000000 0.000000
 0.323889 0.999998 0.000002 0.999997 1.183215 1.000000 0.000000
 0.325000 0.999997 0.000004 0.999996 1.183215 1.000000 0.000000
 0.326111 0.999995 0.000006 0.999993 1.183215 1.000000 0.000000
 0.327222 0.999993 0.000008 0.999990 1.183214 1.000000 0.000000
 0.328333 0.999990 0.000012 0.999986 1.183214 1.000000 0.000000
 0.329444 0.999985 0.000018 0.999979 1.183212 1.000000 0.000000
 0.330556 0.999978 0.000026 0.999970 1.183211 1.000000 0.000000
 0.331667 0.999969 0.000037 0.999957 1.183209 1.000000 0.000000
 0.332778 0.999956 0.000052 0.999939 1.183206 1.000000 0.000000
 0.333889 0.999938 0.000073 0.999913 1.183201 1.000000 0.000000
 0.335000 0.999914 0.000102 0.999879 1.183196 1.000000 0.000000
 0.336111 0.999881 0.000141 0.999833 1.183188 1.000000 0.000000
 0.337222 0.999837 0.000193 0.999771 1.183177 1.000000 0.000000
 0.338333 0.999778 0.000262 0.999690 1.183163 1.000000 0.000000
 0.339444 0.999702 0.000353 0.999582 1.183145 1.000000 0.000000
 0.340556 0.999602 0.000471 0.999443 1.183122 1.000000 0.000000
 0.341667 0.999475 0.000622 0.999265 1.183092 1.000000 0.000000
 0.342778 0.999312 0.000814 0.999037 1.183053 1.000000 0.000000
 0.343889 0.999108 0.001056 0.998751 1.183005 1.000000 0.000000
 0.345000 0.998853 0.001358 0.998394 1.182944 1.000000 0.000000
 0.346111 0.998538 0.001731 0.997954 1.182870 1.000000 0.000000
 0.347222 0.998153 0.002186 0.997416 1.182779 1.000000 0.000000
 0.348333 0.997688 0.002738 0.996765 1.182669 1.000000 0.000000
 0.349444 0.997131 0.003398 0.995986 1.182536 1.000000 0.000000
 0.350556 0.996469 0.004183 0.995061 1.182380 1.000001 0.000000
 0.351667 0.995692 0.005105 0.993975 1.182195 1.000001 0.000000
 0.352778 0.994787 0.006180 0.992710 1.181980 1.000001 0.000000
 0.353889 0.993742 0.007422 0.991251 1.181732 1.000002 0.000000
 0.355000 0.992547 0.008843 0.989584 1.181448 1.000003 0.000000
 0.356111 0.991192 0.010456 0.987694 1.181126 1.000003 0.000000
 0.357222 0.989668 0.012272 0.985570 1.180763 1.000005 0.000000
 0.358333 0.987968 0.014300 0.983202 1.180358 1.000006 0.000000
 0.359444 0.986086 0.016549 0.980582 1.179909 1.000008 0.000000
 0.360556 0.984017 0.019025 0.977705 1.179415 1.000010 0.000000
 0.361667 0.981758 0.021732 0.974567 1.178874 1.000012 0.000000
 0.362778 0.979310 0.024673 0.971169 1.178288 1.000015 0.000000
 0.363889 0.976671 0.027848 0.967511 1.177654 1.000018 0.000000
 0.365000 0.973845 0.031256 0.963596 1.176974 1.000022 0.000000
 0.366111 0.970833 0.034896 0.959431 1.176247 1.000027 0.000000
 0.367222 0.967641 0.038764 0.955023 1.175476 1.000032 0.000000
 0.368333 0.964275 0.042854 0.950380 1.174660 1.000037 0.000000
 0.369444 0.960739 0.047161 0.945511 1.173801 1.000043 0.000000
 0.370556 0.957043 0.051678 0.940428 1.172900 1.000050 0.000000
 0.371667 0.953192 0.056397 0.935142 1.171959 1.000057 0.000000
 0.372778 0.949195 0.061312 0.929665 1.170980 1.000066 0.000000
 0.373889 0.945061 0.066413 0.924008 1.169963 1.000074 0.000000
 0.375000 0.940797 0.071692 0.918186 1.168911 1.000083 0.000000
 0.376111 0.936412 0.077140 0.912209 1.167825 1.000093 0.000000
 0.377222 0.931914 0.082750 0.906090 1.166707 1.000104 0.000000
 0.378333 0.927312 0.088513 0.899841 1.165559 1.000115 0.000000
 0.379444 0.922612 0.094420 0.893474 1.164382 1.000127 0.000000
 0.380556 0.917824 0.100464 0.886999 1.163178 1.000139 0.000000
 0.381667 0.912953 0.106637 0.880428 1.161948 1.000152 0.000000
 0.382778 0.908008 0.112931 0.873770 1.160694 1.000165 0.000000
 0.383889 0.902995 0.119340 0.867036 1.159418 1.000179 0.000000
 0.385000 0.897919 0.125857 0.860233 1.158120 1.000193 0.000000
 0.386111 0.892788 0.132476 0.853372 1.156802 1.000208 0.000000
 0.387222 0.887607 0.139190 0.846459 1.155465 1.000223 0.000000
 0.388333 0.882381 0.145993 0.839504 1.154110 1.000239 0.000000
 0.389444 0.877115 0.152881 0.832511 1.152739 1.000255 0.000000
 0.390556 0.871814 0.159849 0.825490 1.151351 1.000272 0.000000
 0.391667 0.866482 0.166891 0.818444 1.149949 1.000289 0.000000
 0.392778 0.861123 0.174003 0.811381 1.148533 1.000306 0.000000
 0.393889 0.855742 0.181182 0.804305 1.147104 1.000324 0.000000
 0.395000 0.850341 0.188422 0.797221 1.145663 1.000342 0.000000
 0.396111 0.844923 0.195722 0.790134 1.144210 1.000361 0.000000
 0.397222 0.839493 0.203076 0.783048 1.142746 1.000380 0.000000
 0.398333 0.834052 0.210483 0.775968 1.141272 1.000399 0.000000
 0.399444 0.828604 0.217939 0.768895 1.139788 1.000418 0.000000
 0.400556 0.823150 0.225441 0.761835 1.138295 1.000438 0.000000
 0.401667 0.817694 0.232987 0.754790 1.136793 1.000458 0.000000
 0.402778 0.812237 0.240574 0.747762 1.135284 1.000478 0.000000
 0.403889 0.806781 0.248201 0.740754 1.133766 1.000499 0.000000
 0.405000 0.801328 0.255865 0.733770 1.132241 1.000520 0.000000
 0.406111 0.795879 0.263564 0.726810 1.130709 1.000541 0.000000
 0.407222 0.790437 0.271296 0.719877 1.129170 1.000562 0.000000
 0.408333 0.785002 0.279060 0.712973 1.127626 1.000584 0.000000
 0.409444 0.779577 0.286855 0.706099 1.126075 1.000605 0.000000
 0.410556 0.774162 0.294678 0.699257 1.124518 1.000628 0.000000
 0.411667 0.768758 0.302528 0.692449 1.122957 1.000650 0.000000
 0.412778 0.763367 0.310404 0.685675 1.121390 1.000672 0.000000
 0.413889 0.757989 0.318305 0.678937 1.119818 1.000695 0.000000
 0.415000 0.752625 0.326229 0.672237 1.118242 1.000718 0.000000
 0.416111 0.747277 0.334176 0.665574 1.116661 1.000741 0.000000
 0.417222 0.741945 0.342145 0.658950 1.115076 1.000764 0.000000
 0.418333 0.736630 0.350134 0.652366 1.113486 1.000788 0.000000
 0.419444 0.731332 0.358143 0.645822 1.111893 1.000812 0.000000
 0.420556 0.726052 0.366171 0.639319 1.110296 1.000836 0.000000
 0.421667 0.720791 0.374217 0.632858 1.108696 1.000860 0.000000
 0.422778 0.715550 0.382281 0.626440 1.107092 1.000884 0.000000
 0.423889 0.710328 0.390361 0.620064 1.105485 1.000908 0.000000
 0.425000 0.705126 0.398458 0.613731 1.103875 1.000933 0.000000
 0.426111 0.699945 0.406570 0.607442 1.102261 1.000958 0.000000
 0.427222 0.694785 0.414697 0.601197 1.100645 1.000982 0.000000
 0.428333 0.689646 0.422839 0.594996 1.099026 1.001008 0.000000
 0.429444 0.684529 0.430995 0.588839 1.097404 1.001033 0.000000
 0.430556 0.679434 0.439164 0.582727 1.095779 1.001058 0.000000
 0.431667 0.674361 0.447346 0.576660 1.094152 1.001084 0.000000
 0.432778 0.669311 0.455541 0.570638 1.092523 1.001109 0.000000
 0.433889 0.664284 0.463749 0.564662 1.090891 1.001135 0.000000
 0.435000 0.659280 0.471968 0.558730 1.089256 1.001161 0.000000
 0.436111 0.654299 0.480199 0.552844 1.087619 1.001187 0.000000
 0.437222 0.649342 0.488441 0.547003 1.085981 1.001214 0.000000
 0.438333 0.644408 0.496693 0.541207 1.084340 1.001240 0.000000
 0.439444 0.639498 0.504957 0.535457 1.082696 1.001266 0.000000
 0.440556 0.634612 0.513231 0.529753 1.081051 1.001293 0.000000
 0.441667 0.629750 0.521515 0.524093 1.079404 1.001320 0.000000
 0.442778 0.624913 0.529809 0.518479 1.077755 1.001347 0.000000
 0.443889 0.620099 0.538113 0.512911 1.076104 1.001374 0.000000
 0.445000 0.615310 0.546426 0.507387 1.074451 1.001401 0.000000
 0.446111 0.610545 0.554748 0.501909 1.072797 1.001428 0.000000
 0.447222 0.605805 0.563080 0.496475 1.071140 1.001455 0.000000
 0.448333 0.601089 0.571420 0.491087 1.069482 1.001483 0.000000
 0.449444 0.596398 0.579769 0.485743 1.067822 1.001510 0.000000
 0.450556 0.591732 0.588126 0.480444 1.066161 1.001538 0.000000
 0.451667 0.587090 0.596492 0.475189 1.064498 1.001566 0.000000
 0.452778 0.582473 0.604866 0.469978 1.062833 1.001593 0.000000
 0.453889 0.577881 0.613249 0.464812 1.061166 1.001621 0.000000
 0.455000 0.573313 0.621639 0.459690 1.059498 1.001649 0.000000
 0.456111 0.568771 0.630037 0.454611 1.057829 1.001677 0.000000
 0.457222 0.564253 0.638443 0.449576 1.056158 1.001705 0.000000
 0.458333 0.559760 0.646856 0.444585 1.054485 1.001734 0.000000
 0.459444 0.555291 0.655277 0.439637 1.052811 1.001762 0.000000
 0.460556 0.550848 0.663706 0.434732 1.051136 1.001790 0.000000
 0.461667 0.546429 0.672141 0.429869 1.049459 1.001819 0.000000
 0.462778 0.542035 0.680584 0.425050 1.047780 1.001847 0.000000
 0.463889 0.537666 0.689034 0.420273 1.046101 1.001876 0.000000
 0.465000 0.533322 0.697491 0.415538 1.044420 1.001905 0.000000
 0.466111 0.529002 0.705954 0.410846 1.042737 1.001933 0.000000
 0.467222 0.524707 0.714424 0.406196 1.041053 1.001962 0.000000
 0.468333 0.520437 0.722901 0.401587 1.039369 1.001991 0.000000
 0.469444 0.516192 0.731383 0.397020 1.037682 1.002019 0.000000
 0.470556 0.511972 0.739872 0.392495 1.035995 1.002048 0.000000
 0.471667 0.507777 0.748366 0.388011 1.034306 1.002077 0.000000
 0.472778 0.503607 0.756865 0.383568 1.032617 1.002106 0.000000
 0.473889 0.499463 0.765369 0.379167 1.030926 1.002135 0.000000
 0.475000 0.495343 0.773877 0.374807 1.029235 1.002164 0.000000
 0.476111 0.491250 0.782388 0.370489 1.027543 1.002193 0.000000
 0.477222 0.487183 0.790901 0.366212 1.025851 1.002222 0.000000
 0.478333 0.483142 0.799415 0.361977 1.024158 1.002250 0.000000
 0.479444 0.479129 0.807929 0.357785 1.022466 1.002279 0.000000
 0.480556 0.475144 0.816439 0.353636 1.020774 1.002308 0.000000
 0.481667 0.471189 0.824943 0.349532 1.019084 1.002337 0.000000
 0.482778 0.467265 0.833437 0.345473 1.017395 1.002365 0.000000
 0.483889 0.463374 0.841915 0.341462 1.015710 1.002394 0.000000
 0.485000 0.459520 0.850369 0.337503 1.014029 1.002422 0.000000
 0.486111 0.455708 0.858788 0.333599 1.012355 1.002451 0.000000
 0.487222 0.451944 0.867156 0.329757 1.010692 1.002479 0.000000
 0.488333 0.448239 0.875450 0.325987 1.009043 1.002507 0.000000
 0.489444 0.444605 0.883634 0.322302 1.007415 1.002534 0.000000
 0.490556 0.441066 0.891657 0.318725 1.005820 1.002561 0.000000
 0.491667 0.437655 0.899438 0.315288 1.004272 1.002587 0.000000
 0.492778 0.434424 0.906854 0.312041 1.002797 1.002612 0.000000
 0.493889 0.431449 0.913716 0.309061 1.001432 1.002636 0.000000
 0.495000 0.428844 0.919753 0.306459 1.000232 1.002659 0.000000
 0.496111 0.426752 0.924619 0.304375 0.999265 1.002682 0.000000
 0.497222 0.425306 0.927988 0.302940 0.998599 1.002705 0.000000
 0.498333 0.424536 0.929779 0.302179 0.998250 1.002731 0.000000
 0.499444 0.424288 0.930343 0.301940 0.998146 1.002758 0.000000
 0.500556 0.424299 0.930299 0.301959 0.998165 1.002785 0.000000
 0.501667 0.424373 0.930105 0.302042 0.998214 1.002814 0.000000
 0.502778 0.424450 0.929904 0.302127 0.998264 1.002842 0.000000
 0.503889 0.424524 0.929710 0.302210 0.998314 1.002872 0.000000
 0.505000 0.424593 0.929527 0.302287 0.998361 1.002902 0.000000
 0.506111 0.424655 0.929358 0.302359 0.998406 1.002932 0.000000
 0.507222 0.424712 0.929204 0.302425 0.998448 1.002964 0.000000
 0.508333 0.424762 0.929064 0.302484 0.998488 1.002996 0.000000
 0.509444 0.424806 0.928937 0.302538 0.998525 1.003028 0.000000
 0.510556 0.424845 0.928822 0.302587 0.998560 1.003062 0.000000
 0.511667 0.424879 0.928719 0.302631 0.998593 1.003096 0.000000
 0.512778 0.424908 0.928626 0.302671 0.998624 1.003132 0.000000
 0.513889 0.424933 0.928541 0.302707 0.998654 1.003168 0.000000
 0.515000 0.424955 0.928465 0.302740 0.998682 1.003205 0.000000
 0.516111 0.424973 0.928396 0.302769 0.998710 1.003243 0.000000
 0.517222 0.424988 0.928333 0.302796 0.998736 1.003281 0.000000
 0.518333 0.425001 0.928276 0.302821 0.998762 1.003321 0.000000
 0.519444 0.425011 0.928224 0.302843 0.998787 1.003362 0.000000
 0.520556 0.425018 0.928177 0.302863 0.998811 1.003404 0.000000
 0.521667 0.425024 0.928134 0.302882 0.998835 1.003447 0.000000
 0.522778 0.425028 0.928094 0.302899 0.998859 1.003491 0.000000
 0.523889 0.425029 0.928058 0.302914 0.998883 1.003537 0.000000
 0.525000 0.425030 0.928025 0.302929 0.998906 1.003584 0.000000
 0.526111 0.425028 0.927994 0.302942 0.998929 1.003632 0.000000
 0.527222 0.425026 0.927966 0.302954 0.998953 1.003681 0.000000
 0.528333 0.425022 0.927940 0.302966 0.998976 1.003732 0.000000
 0.529444 0.425016 0.927916 0.302976 0.999000 1.003785 0.000000
 0.530556 0.425010 0.927894 0.302986 0.999024 1.003839 0.000000
 0.531667 0.425002 0.927873 0.302995 0.999048 1.003895 0.000000
 0.532778 0.424993 0.927854 0.303003 0.999072 1.003952 0.000000
 0.533889 0.424983 0.927836 0.303011 0.999097 1.004011 0.000000
 0.535000 0.424972 0.927820 0.303018 0.999122 1.004073 0.000000
 0.536111 0.424959 0.927804 0.303025 0.999148 1.004136 0.000000
 0.537222 0.424946 0.927790 0.303032 0.999174 1.004202 0.000000
 0.538333 0.424931 0.927777 0.303038 0.999201 1.004270 0.000000
 0.539444 0.424916 0.927764 0.303043 0.999229 1.004340 0.000000
 0.540556 0.424899 0.927753 0.303048 0.999257 1.004413 0.000000
 0.541667 0.424881 0.927742 0.303053 0.999286 1.004488 0.000000
 0.542778 0.424862 0.927731 0.303058 0.999316 1.004566 0.000000
 0.543889 0.424842 0.927722 0.303062 0.999347 1.004648 0.000000
 0.545000 0.424820 0.927713 0.303067 0.999379 1.004732 0.000000
 0.546111 0.424798 0.927705 0.303070 0.999412 1.004821 0.000000
 0.547222 0.424774 0.927697 0.303074 0.999447 1.004912 0.000000
 0.548333 0.424748 0.927689 0.303078 0.999482 1.005008 0.000000
 0.549444 0.424722 0.927682 0.303081 0.999519 1.005108 0.000000
 0.550556 0.424693 0.927676 0.303084 0.999558 1.005212 0.000000
 0.551667 0.424663 0.927670 0.303087 0.999598 1.005321 0.000000
 0.552778 0.424632 0.927664 0.303090 0.999640 1.005436 0.000000
 0.553889 0.424598 0.927658 0.303093 0.999684 1.005556 0.000000
 0.555000 0.424563 0.927653 0.303095 0.999730 1.005682 0.000000
 0.556111 0.424525 0.927648 0.303098 0.999778 1.005815 0.000000
 0.557222 0.424485 0.927644 0.303100 0.999829 1.005956 0.000000
 0.558333 0.424442 0.927640 0.303102 0.999883 1.006105 0.000000
 0.559444 0.424397 0.927635 0.303104 0.999940 1.006263 0.000000
 0.560556 0.424348 0.927632 0.303107 1.000001 1.006431 0.000000
 0.561667 0.424296 0.927628 0.303108 1.000066 1.006611 0.000000
 0.562778 0.424240 0.927625 0.303110 1.000136 1.006805 0.000000
 0.563889 0.424178 0.927621 0.303112 1.000211 1.007014 0.000000
 0.565000 0.424111 0.927618 0.303114 1.000293 1.007243 0.000000
 0.566111 0.424037 0.927616 0.303116 1.000383 1.007495 0.000000
 0.567222 0.423954 0.927613 0.303117 1.000483 1.007776 0.000000
 0.568333 0.423861 0.927610 0.303119 1.000596 1.008093 0.000000
 0.569444 0.423753 0.927608 0.303120 1.000726 1.008456 0.000000
 0.570556 0.423628 0.927606 0.303122 1.000875 1.008876 0.000000
 0.571667 0.423481 0.927604 0.303123 1.001052 1.009372 0.000000
 0.572778 0.423305 0.927602 0.303125 1.001262 1.009965 0.000000
 0.573889 0.423092 0.927600 0.303126 1.001517 1.010683 0.000000
 0.575000 0.422830 0.927598 0.303127 1.001828 1.011561 0.000000
 0.576111 0.422508 0.927597 0.303128 1.002212 1.012646 0.000000
 0.577222 0.422109 0.927595 0.303130 1.002688 1.013991 0.000000
 0.578333 0.421613 0.927594 0.303131 1.003280 1.015666 0.000000
 0.579444 0.420996 0.927592 0.303132 1.004016 1.017752 0.000000
 0.580556 0.420233 0.927591 0.303133 1.004929 1.020345 0.000000
 0.581667 0.419292 0.927590 0.303134 1.006058 1.023556 0.000000
 0.582778 0.418138 0.927589 0.303135 1.007447 1.027515 0.000000
 0.583889 0.416736 0.927588 0.303136 1.009143 1.032364 0.000000
 0.585000 0.415044 0.927587 0.303137 1.011198 1.038261 0.000000
 0.586111 0.413025 0.927587 0.303138 1.013669 1.045378 0.000000
 0.587222 0.410639 0.927586 0.303139 1.016611 1.053896 0.000000
 0.588333 0.407849 0.927585 0.303140 1.020084 1.064005 0.000000
 0.589444 0.404625 0.927585 0.303141 1.024141 1.075896 0.000000
 0.590556 0.400942 0.927584 0.303142 1.028836 1.089761 0.000000
 0.591667 0.396785 0.927584 0.303143 1.034212 1.105781 0.000000
 0.592778 0.392150 0.927584 0.303144 1.040308 1.124125 0.000000
 0.593889 0.387045 0.927583 0.303144 1.047147 1.144941 0.000000
 0.595000 0.381493 0.927583 0.303145 1.054742 1.168343 0.000000
 0.596111 0.375528 0.927583 0.303146 1.063087 1.194408 0.000000
 0.597222 0.369201 0.927583 0.303147 1.072158 1.223163 0.000000
 0.598333 0.362575 0.927583 0.303147 1.081912 1.254576 0.000000
 0.599444 0.355722 0.927583 0.303148 1.092285 1.288545 0.000000
 0.600556 0.348724 0.927583 0.303149 1.103191 1.324893 0.000000
 0.601667 0.341669 0.927583 0.303150 1.114526 1.363359 0.000000
 0.602778 0.334644 0.927583 0.303150 1.126164 1.403597 0.000000
 0.603889 0.327738 0.927583 0.303151 1.137969 1.445180 0.000000
 0.605000 0.321034 0.927584 0.303152 1.149790 1.487610 0.000000
 0.606111 0.314607 0.927584 0.303152 1.161476 1.530328 0.000000
 0.607222 0.308524 0.927584 0.303153 1.172871 1.572741 0.000000
 0.608333 0.302837 0.927585 0.303153 1.183833 1.614245 0.000000
 0.609444 0.297588 0.927585 0.303154 1.194231 1.654255 0.000000
 0.610556 0.292802 0.927586 0.303155 1.203953 1.692237 0.000000
 0.611667 0.288493 0.927586 0.303155 1.212912 1.727732 0.000000
 0.612778 0.284661 0.927587 0.303156 1.221048 1.760379 0.000000
 0.613889 0.281297 0.927587 0.303156 1.228330 1.789930 0.000000
 0.615000 0.278379 0.927588 0.303157 1.234751 1.816252 0.000000
 0.616111 0.275881 0.927588 0.303158 1.240331 1.839327 0.000000
 0.617222 0.273768 0.927589 0.303158 1.245110 1.859235 0.000000
 0.618333 0.272003 0.927590 0.303159 1.249142 1.876144 0.000000
 0.619444 0.270549 0.927591 0.303159 1.252497 1.890282 0.000000
 0.620556 0.269366 0.927592 0.303160 1.255246 1.901923 0.000000
 0.621667 0.268415 0.927593 0.303161 1.257467 1.911360 0.000000
 0.622778 0.267663 0.927593 0.303161 1.259236 1.918893 0.000000
 0.623889 0.267075 0.927594 0.303162 1.260622 1.924814 0.000000
 0.625000 0.266622 0.927595 0.303162 1.261693 1.929393 0.000000
 0.626111 0.266279 0.927597 0.303163 1.262506 1.932877 0.000000
 0.627222 0.266024 0.927598 0.303164 1.263114 1.935480 0.000000
 0.628333 0.265837 0.927599 0.303164 1.263559 1.937388 0.000000
 0.629444 0.265703 0.927600 0.303165 1.263878 1.938757 0.000000
 0.630556 0.265610 0.927601 0.303166 1.264101 1.939713 0.000000
 0.631667 0.265547 0.927603 0.303166 1.264252 1.940360 0.000000
 0.632778 0.265507 0.927604 0.303167 1.264349 1.940779 0.000000
 0.633889 0.265482 0.927605 0.303168 1.264409 1.941033 0.000000
 0.635000 0.265469 0.927607 0.303168 1.264441 1.941170 0.000000
 0.636111 0.265464 0.927609 0.303169 1.264455 1.941226 0.000000
 0.637222 0.265465 0.927610 0.303170 1.264456 1.941229 0.000000
 0.638333 0.265468 0.927612 0.303171 1.264449 1.941197 0.000000
 0.639444 0.265474 0.927614 0.303171 1.264437 1.941144 0.000000
 0.640556 0.265481 0.927615 0.303172 1.264423 1.941079 0.000000
 0.641667 0.265488 0.927617 0.303173 1.264407 1.941010 0.000000
 0.642778 0.265495 0.927619 0.303174 1.264391 1.940939 0.000000
 0.643889 0.265503 0.927621 0.303175 1.264375 1.940870 0.000000
 0.645000 0.265510 0.927624 0.303176 1.264360 1.940804 0.000000
 0.646111 0.265516 0.927626 0.303177 1.264347 1.940742 0.000000
 0.647222 0.265523 0.927628 0.303177 1.264334 1.940684 0.000000
 0.648333 0.265528 0.927630 0.303178 1.264322 1.940631 0.000000
 0.649444 0.265534 0.927633 0.303179 1.264311 1.940581 0.000000
 0.650556 0.265539 0.927636 0.303180 1.264301 1.940536 0.000000
 0.651667 0.265544 0.927638 0.303182 1.264292 1.940495 0.000000
 0.652778 0.265548 0.927641 0.303183 1.264284 1.940457 0.000000
 0.653889 0.265552 0.927644 0.303184 1.264276 1.940422 0.000000
 0.655000 0.265556 0.927647 0.303185 1.264270 1.940390 0.000000
 0.656111 0.265560 0.927651 0.303186 1.264264 1.940360 0.000000
 0.657222 0.265563 0.927654 0.303187 1.264258 1.940333 0.000000
 0.658333 0.265566 0.927658 0.303189 1.264253 1.940308 0.000000
 0.659444 0.265570 0.927661 0.303190 1.264248 1.940285 0.000000
 0.660556 0.265573 0.927665 0.303192 1.264244 1.940263 0.000000
 0.661667 0.265575 0.927669 0.303193 1.264241 1.940243 0.000000
 0.662778 0.265578 0.927674 0.303195 1.264237 1.940225 0.000000
 0.663889 0.265581 0.927678 0.303196 1.264234 1.940208 0.000000
 0.665000 0.265584 0.927683 0.303198 1.264231 1.940192 0.000000
 0.666111 0.265586 0.927688 0.303200 1.264229 1.940177 0.000000
 0.667222 0.265589 0.927693 0.303202 1.264227 1.940163 0.000000
 0.668333 0.265591 0.927699 0.303204 1.264225 1.940150 0.000000
 0.669444 0.265594 0.927704 0.303206 1.264224 1.940138 0.000000
 0.670556 0.265596 0.927710 0.303208 1.264222 1.940127 0.000000
 0.671667 0.265598 0.927717 0.303210 1.264221 1.940117 0.000000
 0.672778 0.265601 0.927723 0.303212 1.264220 1.940107 0.000000
 0.673889 0.265603 0.927730 0.303215 1.264219 1.940098 0.000000
 0.675000 0.265605 0.927736 0.303217 1.264219 1.940089 0.000000
 0.676111 0.265607 0.927740 0.303218 1.264218 1.940081 0.000000
 0.677222 0.265608 0.927741 0.303219 1.264216 1.940073 0.000000
 0.678333 0.265607 0.927733 0.303216 1.264213 1.940066 0.000000
 0.679444 0.265603 0.927708 0.303208 1.264206 1.940059 0.000000
 0.680556 0.265590 0.927646 0.303187 1.264193 1.940052 0.000000
 0.681667 0.265562 0.927510 0.303142 1.264164 1.940046 0.000000
 0.682778 0.265502 0.927221 0.303044 1.264105 1.940040 0.000000
 0.683889 0.265376 0.926618 0.302842 1.263983 1.940035 0.000000
 0.685000 0.265116 0.925375 0.302426 1.263733 1.940029 0.000000
 0.686111 0.264584 0.922831 0.301575 1.263223 1.940020 0.000000
 0.687222 0.263503 0.917649 0.299849 1.262183 1.940002 0.000000
 0.688333 0.261331 0.907159 0.296384 1.260074 1.939939 0.000000
 0.689444 0.257040 0.886147 0.289558 1.255832 1.939701 0.000000
 0.690556 0.248854 0.844916 0.276600 1.247433 1.938782 0.000000
 0.691667 0.234232 0.767305 0.253677 1.231351 1.935429 0.000000
 0.692778 0.211110 0.633159 0.218119 1.202697 1.924780 0.000000
 0.693889 0.181390 0.437916 0.174053 1.159040 1.899433 0.000000
 0.695000 0.153411 0.230222 0.135125 1.110460 1.864381 0.000000
 0.696111 0.135774 0.089266 0.112604 1.077540 1.843369 0.000000
 0.697222 0.128338 0.028007 0.103793 1.064068 1.838518 0.000000
 0.698333 0.125947 0.007991 0.101065 1.059913 1.837967 0.000000
 0.699444 0.125261 0.002208 0.100293 1.058743 1.837921 0.000000
 0.700556 0.125071 0.000604 0.100080 1.058422 1.837918 0.000000
 0.701667 0.125019 0.000165 0.100022 1.058334 1.837917 0.000000
 0.702778 0.125005 0.000045 0.100006 1.058310 1.837917 0.000000
 0.703889 0.125001 0.000012 0.100002 1.058303 1.837917 0.000000
 0.705000 0.125000 0.000003 0.100000 1.058301 1.837917 0.000000
 0.706111 0.125000 0.000001 0.100000 1.058301 1.837917 0.000000
 0.707222 0.125000 0.000000 0.100000 1.058301 1.837917 0.000000
 0.708333 0.125000 0.000000 0.100000 1.058301 1.837917 0.000000
 0.709444 0.125000 0.000000 0.100000 1.058301 1.837917 0.000000
 0.710556 0.125000 0.000000 0.100000 1.058301 1.837917 0.000000
 0.711667 0.125000 0.000000 0.100000 1.058301 1.837917 0.000000
 0.712778 0.125000 0.000000 0.100000 1.058301 1.837917 0.000000
 0.713889 0.125000 0.000000 0.100000 1.058301 1.837917 0.000000
 0.715000 0.125000 0.000000 0.100000 1.058301 1.837917 0.000000
 0.716111 0.125000 0.000000 0.100000 1.058301 1.837917 0.000000
 0.717222 0.125000 0.000000 0.100000 1.058301 1.837917 0.000000
 0.718333 0.125000 0.000000 0.100000 1.058301 1.837917 0.000000
 0.719444 0.125000 0.000000 0.100000 1.058301 1.837917 0.000000
 0.720556 0.125000 0.000000 0.100000 1.058301 1.837917 0.000000
 0.721667 0.125000 0.000000 0.100000 1.058301 1.837917 0.000000
 0.722778 0.125000 0.000000 0.100000 1.058301 1.837917 0.000000
 0.723889 0.125000 0.000000 0.100000 1.058301 1.837917 0.000000
 0.725000 0.125000 0.000000 0.100000 1.058301 1.837917 0.000000
 0.726111 0.125000 0.000000 0.100000 1.058301 1.837917 0.000000
 0.727222 0.125000 0.000000 0.100000 1.058301 1.837917 0.000000
 0.728333 0.125000 0.000000 0.100000 1.058301 1.837917 0.000000
 0.729444 0.125000 0.000000 0.100000 1.058301 1.837917 0.000000
 0.730556 0.125000 0.000000 0.100000 1.058301 1.837917 0.000000
 0.731667 0.125000 0.000000 0.100000 1.058301 1.837917 0.000000
 0.732778 0.125000 0.000000 0.100000 1.058301 1.837917 0.000000
 0.733889 0.125000 0.000000 0.100000 1.058301 1.837917 0.000000
 0.735000 0.125000 0.000000 0.100000 1.058301 1.837917 0.000000
 0.736111 0.125000 0.000000 0.100000 1.058301 1.837917 0.000000
 0.737222 0.125000 0.000000 0.100000 1.058301 1.837917 0.000000
 0.738333 0.125000 0.000000 0.100000 1.058301 1.837917 0.000000
 0.739444 0.125000 0.000000 0.100000 1.058301 1.837917 0.000000
 0.740556 0.125000 0.000000 0.100000 1.058301 1.837917 0.000000
 0.741667 0.125000 0.000000 0.100000 1.058301 1.837917 0.000000
 0.742778 0.125000 0.000000 0.100000 1.058301 1.837917 0.000000
 0.743889 0.125000 0.000000 0.100000 1.058301 1.837917 0.000000
 0.745000 0.125000 0.000000 0.100000 1.058301 1.837917 0.000000
 0.746111 0.125000 0.000000 0.100000 1.058301 1.837917 0.000000
 0.747222 0.125000 0.000000 0.100000 1.058301 1.837917 0.000000
 0.748333 0.125000 0.000000 0.100000 1.058301 1.837917 0.000000
 0.749444 0.125000 0.000000 0.100000 1.058301 1.837917 0.000000
 0.750556 0.125000 0.000000 0.100000 1.058301 1.837917 0.000000
 0.751667 0.125000 0.000000 0.100000 1.058301 1.837917 0.000000
 0.752778 0.125000 0.000000 0.100000 1.058301 1.837917 0.000000
 0.753889 0.125000 0.000000 0.100000 1.058301 1.837917 0.000000
 0.755000 0.125000 0.000000 0.100000 1.058301 1.837917 0.000000
 0.756111 0.125000 0.000000 0.100000 1.058301 1.837917 0.000000
 0.757222 0.125000 0.000000 0.100000 1.058301 1.837917 0.000000
 0.758333 0.125000 0.000000 0.100000 1.058301 1.837917 0.000000
 0.759444 0.125000 0.000000 0.100000 1.058301 1.837917 0.000000
 0.760556 0.125000 0.000000 0.100000 1.058301 1.837917 0.000000
 0.761667 0.125000 0.000000 0.100000 1.058301 1.837917 0.000000
 0.762778 0.125000 0.000000 0.100000 1.058301 1.837917 0.000000
 0.763889 0.125000 0.000000 0.100000 1.058301 1.837917 0.000000
 0.765000 0.125000 0.000000 0.100000 1.058301 1.837917 0.000000
 0.766111 0.125000 0.000000 0.100000 1.058301 1.837917 0.000000
 0.767222 0.125000 0.000000 0.100000 1.058301 1.837917 0.000000
 0.768333 0.125000 0.000000 0.100000 1.058301 1.837917 0.000000
 0.769444 0.125000 0.000000 0.100000 1.058301 1.837917 0.000000
 0.770556 0.125000 0.000000 0.100000 1.058301 1.837917 0.000000
 0.771667 0.125000 0.000000 0.100000 1.058301 1.837917 0.000000
 0.772778 0.125000 0.000000 0.100000 1.058301 1.837917 0.000000
 0.773889 0.125000 0.000000 0.100000 1.058301 1.837917 0.000000
 0.775000 0.125000 0.000000 0.100000 1.058301 1.837917 0.000000
 0.776111 0.125000 0.000000 0.100000 1.058301 1.837917 0.000000
 0.777222 0.125000 0.000000 0.100000 1.058301 1.837917 0.000000
 0.778333 0.125000 0.000000 0.100000 1.058301 1.837917 0.000000
 0.779444 0.125000 0.000000 0.100000 1.058301 1.837917 0.000000
 0.780556 0.125000 0.000000 0.100000 1.058301 1.837917 0.000000
 0.781667 0.125000 0.000000 0.100000 1.058301 1.837917 0.000000
 0.782778 0.125000 0.000000 0.100000 1.058301 1.837917 0.000000
 0.783889 0.125000 0.000000 0.100000 1.058301 1.837917 0.000000
 0.785000 0.125000 0.000000 0.100000 1.058301 1.837917 0.000000
 0.786111 0.125000 0.000000 0.100000 1.058301 1.837917 0.000000
 0.787222 0.125000 0.000000 0.100000 1.058301 1.837917 0.000000
 0.788333 0.125000 0.000000 0.100000 1.058301 1.837917 0.000000
 0.789444 0.125000 0.000000 0.100000 1.058301 1.837917 0.000000
 0.790556 0.125000 0.000000 0.100000 1.058301 1.837917 0.000000
 0.791667 0.125000 0.000000 0.100000 1.058301 1.837917 0.000000
 0.792778 0.125000 0.000000 0.100000 1.058301 1.837917 0.000000
 0.793889 0.125000 0.000000 0.100000 1.058301 1.837917 0.000000
 0.795000 0.125000 0.000000 0.100000 1.058301 1.837917 0.000000
 0.796111 0.125000 0.000000 0.100000 1.058301 1.837917 0.000000
 0.797222 0.125000 0.000000 0.100000 1.058301 1.837917 0.000000
 0.798333 0.125000 0.000000 0.100000 1.058301 1.837917 0.000000
 0.799444 0.125000 0.000000 0.100000 1.058301 1.837917 0.000000
 0.800556 0.125000 0.000000 0.100000 1.058301 1.837917 0.000000
 0.801667 0.125000 0.000000 0.100000 1.058301 1.837917 0.000000
 0.802778 0.125000 0.000000 0.100000 1.058301 1.837917 0.000000
 0.803889 0.125000 0.000000 0.100000 1.058301 1.837917 0.000000
 0.805000 0.125000 0.000000 0.100000 1.058301 1.837917 0.000000
 0.806111 0.125000 0.000000 0.100000 1.058301 1.837917 0.000000
 0.807222 0.125000 0.000000 0.100000 1.058301 1.837917 0.000000
 0.808333 0.125000 0.000000 0.100000 1.058301 1.837917 0.000000
 0.809444 0.125000 0.000000 0.100000 1.058301 1.837917 0.000000
 0.810556 0.125000 0.000000 0.100000 1.058301 1.837917 0.000000
 0.811667 0.125000 0.000000 0.100000 1.058301 1.837917 0.000000
 0.812778 0.125000 0.000000 0.100000 1.058301 1.837917 0.000000
 0.813889 0.125000 0.000000 0.100000 1.058301 1.837917 0.000000
 0.815000 0.125000 0.000000 0.100000 1.058301 1.837917 0.000000
 0.816111 0.125000 0.000000 0.100000 1.058301 1.837917 0.000000
 0.817222 0.125000 0.000000 0.100000 1.058301 1.837917 0.000000
 0.818333 0.125000 0.000000 0.100000 1.058301 1.837917 0.000000
 0.819444 0.125000 0.000000 0.100000 1.058301 1.837917 0.000000
 0.820556 0.125000 0.000000 0.100000 1.058301 1.837917 0.000000
 0.821667 0.125000 0.000000 0.100000 1.058301 1.837917 0.000000
 0.822778 0.125000 0.000000 0.100000 1.058301 1.837917 0.000000
 0.823889 0.125000 0.000000 0.100000 1.058301 1.837917 0.000000
 0.825000 0.125000 0.000000 0.100000 1.058301 1.837917 0.000000
 0.826111 0.125000 0.000000 0.100000 1.058301 1.837917 0.000000
 0.827222 0.125000 0.000000 0.100000 1.058301 1.837917 0.000000
 0.828333 0.125000 0.000000 0.100000 1.058301 1.837917 0.000000
 0.829444 0.125000 0.000000 0.100000 1.058301 1.837917 0.000000
 0.830556 0.125000 0.000000 0.100000 1.058301 1.837917 0.000000
 0.831667 0.125000 0.000000 0.100000 1.058301 1.837917 0.000000
 0.832778 0.125000 0.000000 0.100000 1.058301 1.837917 0.000000
 0.833889 0.125000 0.000000 0.100000 1.058301 1.837917 0.000000
 0.835000 0.125000 0.000000 0.100000 1.058301 1.837917 0.000000
 0.836111 0.125000 0.000000 0.100000 1.058301 1.837917 0.000000
 0.837222 0.125000 0.000000 0.100000 1.058301 1.837917 0.000000
 0.838333 0.125000 0.000000 0.100000 1.058301 1.837917 0.000000
 0.839444 0.125000 0.000000 0.100000 1.058301 1.837917 0.000000
 0.840556 0.125000 0.000000 0.100000 1.058301 1.837917 0.000000
 0.841667 0.125000 0.000000 0.100000 1.058301 1.837917 0.000000
 0.842778 0.125000 0.000000 0.100000 1.058301 1.837917 0.000000
 0.843889 0.125000 0.000000 0.100000 1.058301 1.837917 0.000000
 0.845000 0.125000 0.000000 0.100000 1.058301 1.837917 0.000000
 0.846111 0.125000 0.000000 0.100000 1.058301 1.837917 0.000000
 0.847222 0.125000 0.000000 0.100000 1.058301 1.837917 0.000000
 0.848333 0.125000 0.000000 0.100000 1.058301 1.837917 0.000000
 0.849444 0.125000 0.000000 0.100000 1.058301 1.837917 0.000000
 0.850556 0.125000 0.000000 0.100000 1.058301 1.837917 0.000000
 0.851667 0.125000 0.000000 0.100000 1.058301 1.837917 0.000000
 0.852778 0.125000 0.000000 0.100000 1.058301 1.837917 0.000000
 0.853889 0.125000 0.000000 0.100000 1.058301 1.837917 0.000000
 0.855000 0.125000 0.000000 0.100000 1.058301 1.837917 0.000000
 0.856111 0.125000 0.000000 0.100000 1.058301 1.837917 0.000000
 0.857222 0.125000 0.000000 0.100000 1.058301 1.837917 0.000000
 0.858333 0.125000 0.000000 0.100000 1.058301 1.837917 0.000000
 0.859444 0.125000 0.000000 0.100000 1.058301 1.837917 0.000000
 0.860556 0.125000 0.000000 0.100000 1.058301 1.837917 0.000000
 0.861667 0.125000 0.000000 0.100000 1.058301 1.837917 0.000000
 0.862778 0.125000 0.000000 0.100000 1.058301 1.837917 0.000000
 0.863889 0.125000 0.000000 0.100000 1.058301 1.837917 0.000000
 0.865000 0.125000 0.000000 0.100000 1.058301 1.837917 0.000000
 0.866111 0.125000 0.000000 0.100000 1.058301 1.837917 0.000000
 0.867222 0.125000 0.000000 0.100000 1.058301 1.837917 0.000000
 0.868333 0.125000 0.000000 0.100000 1.058301 1.837917 0.000000
 0.869444 0.125000 0.000000 0.100000 1.058301 1.837917 0.000000
 0.870556 0.125000 0.000000 0.100000 1.058301 1.837917 0.000000
 0.871667 0.125000 0.000000 0.100000 1.058301 1.837917 0.000000
 0.872778 0.125000 0.000000 0.100000 1.058301 1.837917 0.000000
 0.873889 0.125000 0.000000 0.100000 1.058301 1.837917 0.000000
 0.875000 0.125000 0.000000 0.100000 1.058301 1.837917 0.000000
 0.876111 0.125000 0.000000 0.100000 1.058301 1.837917 0.000000
 0.877222 0.125000 0.000000 0.100000 1.058301 1.837917 0.000000
 0.878333 0.125000 0.000000 0.100000 1.058301 1.837917 0.000000
 0.879444 0.125000 0.000000 0.100000 1.058301 1.837917 0.000000
 0.880556 0.125000 0.000000 0.100000 1.058301 1.837917 0.000000
 0.881667 0.125000 0.000000 0.100000 1.058301 1.837917 0.000000
 0.882778 0.125000 0.000000 0.100000 1.058301 1.837917 0.000000
 0.883889 0.125000 0.000000 0.100000 1.058301 1.837917 0.000000
 0.885000 0.125000 0.000000 0.100000 1.058301 1.837917 0.000000
 0.886111 0.125000 0.000000 0.100000 1.058301 1.837917 0.000000
 0.887222 0.125000 0.000000 0.100000 1.058301 1.837917 0.000000
 0.888333 0.125000 0.000000 0.100000 1.058301 1.837917 0.000000
 0.889444 0.125000 0.000000 0.100000 1.058301 1.837917 0.000000
 0.890556 0.125000 0.000000 0.100000 1.058301 1.837917 0.000000
 0.891667 0.125000 0.000000 0.100000 1.058301 1.837917 0.000000
 0.892778 0.125000 0.000000 0.100000 1.058301 1.837917 0.000000
 0.893889 0.125000 0.000000 0.100000 1.058301 1.837917 0.000000
 0.895000 0.125000 0.000000 0.100000 1.058301 1.837917 0.000000
 0.896111 0.125000 0.000000 0.100000 1.058301 1.837917 0.000000
 0.897222 0.125000 0.000000 0.100000 1.058301 1.837917 0.000000
 0.898333 0.125000 0.000000 0.100000 1.058301 1.837917 0.000000
 0.899444 0.125000 0.000000 0.100000 1.058301 1.837917 0.000000
 0.900556 0.125000 0.000000 0.100000 1.058301 1.837917 0.000000
 0.901667 0.125000 0.000000 0.100000 1.058301 1.837917 0.000000
 0.902778 0.125000 0.000000 0.100000 1.058301 1.837917 0.000000
 0.903889 0.125000 0.000000 0.100000 1.058301 1.837917 0.000000
 0.905000 0.125000 0.000000 0.100000 1.058301 1.837917 0.000000
 0.906111 0.125000 0.000000 0.100000 1.058301 1.837917 0.000000
 0.907222 0.125000 0.000000 0.100000 1.058301 1.837917 0.000000
 0.908333 0.125000 0.000000 0.100000 1.058301 1.837917 0.000000
 0.909444 0.125000 0.000000 0.100000 1.058301 1.837917 0.000000
 0.910556 0.125000 0.000000 0.100000 1.058301 1.837917 0.000000
 0.911667 0.125000 0.000000 0.100000 1.058301 1.837917 0.000000
 0.912778 0.125000 0.000000 0.100000 1.058301 1.837917 0.000000
 0.913889 0.125000 0.000000 0.100000 1.058301 1.837917 0.000000
 0.915000 0.125000 0.000000 0.100000 1.058301 1.837917 0.000000
 0.916111 0.125000 0.000000 0.100000 1.058301 1.837917 0.000000
 0.917222 0.125000 0.000000 0.100000 1.058301 1.837917 0.000000
 0.918333 0.125000 0.000000 0.100000 1.058301 1.837917 0.000000
 0.919444 0.125000 0.000000 0.100000 1.058301 1.837917 0.000000
 0.920556 0.125000 0.000000 0.100000 1.058301 1.837917 0.000000
 0.921667 0.125000 0.000000 0.100000 1.058301 1.837917 0.000000
 0.922778 0.125000 0.000000 0.100000 1.058301 1.837917 0.000000
 0.923889 0.125000 0.000000 0.100000 1.058301 1.837917 0.000000
 0.925000 0.125000 0.000000 0.100000 1.058301 1.837917 0.000000
 0.926111 0.125000 0.000000 0.100000 1.058301 1.837917 0.000000
 0.927222 0.125000 0.000000 0.100000 1.058301 1.837917 0.000000
 0.928333 0.125000 0.000000 0.100000 1.058301 1.837917 0.000000
 0.929444 0.125000 0.000000 0.100000 1.058301 1.837917 0.000000
 0.930556 0.125000 0.000000 0.100000 1.058301 1.837917 0.000000
 0.931667 0.125000 0.000000 0.100000 1.058301 1.837917 0.000000
 0.932778 0.125000 0.000000 0.100000 1.058301 1.837917 0.000000
 0.933889 0.125000 0.000000 0.100000 1.058301 1.837917 0.000000
 0.935000 0.125000 0.000000 0.100000 1.058301 1.837917 0.000000
 0.936111 0.125000 0.000000 0.100000 1.058301 1.837917 0.000000
 0.937222 0.125000 0.000000 0.100000 1.058301 1.837917 0.000000
 0.938333 0.125000 0.000000 0.100000 1.058301 1.837917 0.000000
 0.939444 0.125000 0.000000 0.100000 1.058301 1.837917 0.000000
 0.940556 0.125000 0.000000 0.100000 1.058301 1.837917 0.000000
 0.941667 0.125000 0.000000 0.100000 1.058301 1.837917 0.000000
 0.942778 0.125000 0.000000 0.100000 1.058301 1.837917 0.000000
 0.943889 0.125000 0.000000 0.100000 1.058301 1.837917 0.000000
 0.945000 0.125000 0.000000 0.100000 1.058301 1.837917 0.000000
 0.946111 0.125000 0.000000 0.100000 1.058301 1.837917 0.000000
 0.947222 0.125000 0.000000 0.100000 1.058301 1.837917 0.000000
 0.948333 0.125000 0.000000 0.100000 1.058301 1.837917 0.000000
 0.949444 0.125000 0.000000 0.100000 1.058301 1.837917 0.000000
 0.950556 0.125000 0.000000 0.100000 1.058301 1.837917 0.000000
 0.951667 0.125000 0.000000 0.100000 1.058301 1.837917 0.000000
 0.952778 0.125000 0.000000 0.100000 1.058301 1.837917 0.000000
 0.953889 0.125000 0.000000 0.100000 1.058301 1.837917 0.000000
 0.955000 0.125000 0.000000 0.100000 1.058301 1.837917 0.000000
 0.956111 0.125000 0.000000 0.100000 1.058301 1.837917 0.000000
 0.957222 0.125000 0.000000 0.100000 1.058301 1.837917 0.000000
 0.958333 0.125000 0.000000 0.100000 1.058301 1.837917 0.000000
 0.959444 0.125000 0.000000 0.100000 1.058301 1.837917 0.000000
 0.960556 0.125000 0.000000 0.100000 1.058301 1.837917 0.000000
 0.961667 0.125000 0.000000 0.100000 1.058301 1.837917 0.000000
 0.962778 0.125000 0.000000 0.100000 1.058301 1.837917 0.000000
 0.963889 0.125000 0.000000 0.100000 1.058301 1.837917 0.000000
 0.965000 0.125000 0.000000 0.100000 1.058301 1.837917 0.000000
 0.966111 0.125000 0.000000 0.100000 1.058301 1.837917 0.000000
 0.967222 0.125000 0.000000 0.100000 1.058301 1.837917 0.000000
 0.968333 0.125000 0.000000 0.100000 1.058301 1.837917 0.000000
 0.969444 0.125000 0.000000 0.100000 1.058301 1.837917 0.000000
 0.970556 0.125000 0.000000 0.100000 1.058301 1.837917 0.000000
 0.971667 0.125000 0.000000 0.100000 1.058301 1.837917 0.000000
 0.972778 0.125000 0.000000 0.100000 1.058301 1.837917 0.000000
 0.973889 0.125000 0.000000 0.100000 1.058301 1.837917 0.000000
 0.975000 0.125000 0.000000 0.100000 1.058301 1.837917 0.000000
 0.976111 0.125000 0.000000 0.100000 1.058301 1.837917 0.000000
 0.977222 0.125000 0.000000 0.100000 1.058301 1.837917 0.000000
 0.978333 0.125000 0.000000 0.100000 1.058301 1.837917 0.000000
 0.979444 0.125000 0.000000 0.100000 1.058301 1.837917 0.000000
 0.980556 0.125000 0.000000 0.100000 1.058301 1.837917 0.000000
 0.981667 0.125000 0.000000 0.100000 1.058301 1.837917 0.000000
 0.982778 0.125000 0.000000 0.100000 1.058301 1.837917 0.000000
 0.983889 0.125000 0.000000 0.100000 1.058301 1.837917 0.000000
 0.985000 0.125000 0.000000 0.100000 1.058301 1.837917 0.000000
 0.986111 0.125000 0.000000 0.100000 1.058301 1.837917 0.000000
 0.987222 0.125000 0.000000 0.100000 1.058301 1.837917 0.000000
 0.988333 0.125000 0.000000 0.100000 1.058301 1.837917 0.000000
 0.989444 0.125000 0.000000 0.100000 1.058301 1.837917 0.000000
 0.990556 0.125000 0.000000 0.100000 1.058301 1.837917 0.000000
 0.991667 0.125000 0.000000 0.100000 1.058301 1.837917 0.000000
 0.992778 0.125000 0.000000 0.100000 1.058301 1.837917 0.000000
 0.993889 0.125000 0.000000 0.100000 1.058301 1.837917 0.000000
 0.995000 0.125000 0.000000 0.100000 1.058301 1.837917 0.000000
 0.996111 0.125000 0.000000 0.100000 1.058301 1.837917 0.000000
 0.997222 0.125000 0.000000 0.100000 1.058301 1.837917 0.000000
 0.998333 0.125000 0.000000 0.100000 1.058301 1.837917 0.000000
 0.999444 0.125000 0.000000 0.100000 1.058301 1.837917 0.000000
