Timer: 0.612694
 0.179961 1.263867 0.292870 1.401790 1.246105 0.009903 -0.000000
 0.180859 1.263867 0.292870 1.401790 1.246105 0.009903 0.000000
 0.181747 1.263867 0.292870 1.401790 1.246105 0.009903 0.000000
 0.182631 1.263867 0.292870 1.401790 1.246105 0.009903 0.000000
 0.183513 1.263867 0.292870 1.401790 1.246105 0.009903 0.000000
 0.184393 1.263867 0.292870 1.401790 1.246105 0.009903 0.000000
 0.185273 1.263867 0.292870 1.401790 1.246105 0.009903 0.000000
 0.186152 1.263867 0.292870 1.401790 1.246105 0.009903 0.000000
 0.187030 1.263867 0.292870 1.401790 1.246105 0.009903 0.000000
 0.187908 1.263867 0.292870 1.401790 1.246105 0.009903 0.000000
 0.188786 1.263867 0.292870 1.401790 1.246105 0.009903 0.000000
 0.189663 1.263867 0.292870 1.401790 1.246105 0.009903 0.000000
 0.190540 1.263867 0.292870 1.401790 1.246105 0.009903 0.000000
 0.191417 1.263867 0.292870 1.401790 1.246105 0.009903 0.000000
 0.192294 1.263867 0.292870 1.401790 1.246105 0.009903 0.000000
 0.193171 1.263867 0.292870 1.401790 1.246105 0.009903 0.000000
 0.194047 1.263868 0.292870 1.401790 1.246105 0.009903 0.000000
 0.194923 1.263868 0.292870 1.401790 1.246105 0.009903 0.000000
 0.195800 1.263868 0.292870 1.401790 1.246105 0.009903 0.000000
 0.196676 1.263868 0.292870 1.401790 1.246105 0.009903 0.000000
 0.197552 1.263868 0.292870 1.401790 1.246105 0.009903 0.000000
 0.198428 1.263868 0.292870 1.401790 1.246105 0.009903 0.000000
 0.199303 1.263868 0.292870 1.401790 1.246105 0.009903 -0.000000
 0.200179 1.263868 0.292870 1.401790 1.246105 0.009903 -0.000000
 0.201055 1.263868 0.292870 1.401790 1.246105 0.009903 0.000000
 0.201930 1.263868 0.292870 1.401790 1.246105 0.009903 0.000000
 0.202806 1.263868 0.292870 1.401790 1.246105 0.009903 0.000000
 0.203681 1.263868 0.292870 1.401790 1.246105 0.009903 0.000000
 0.204557 1.263868 0.292870 1.401790 1.246105 0.009903 0.000000
 0.205432 1.263868 0.292870 1.401790 1.246105 0.009903 0.000000
 0.206307 1.263868 0.292870 1.401790 1.246105 0.009903 -0.000000
 0.207183 1.263868 0.292870 1.401790 1.246105 0.009903 0.000000
 0.208058 1.263868 0.292870 1.401790 1.246105 0.009903 0.000000
 0.208933 1.263868 0.292870 1.401790 1.246105 0.009903 -0.000000
 0.209808 1.263868 0.292870 1.401790 1.246105 0.009903 0.000000
 0.210683 1.263868 0.292870 1.401790 1.246105 0.009903 0.000000
 0.211558 1.263868 0.292870 1.401790 1.246105 0.009903 0.000000
 0.212433 1.263868 0.292870 1.401790 1.246105 0.009903 0.000000
 0.213308 1.263868 0.292870 1.401790 1.246105 0.009903 0.000000
 0.214183 1.263868 0.292870 1.401790 1.246105 0.009903 0.000000
 0.215058 1.263868 0.292870 1.401790 1.246105 0.009903 0.000000
 0.215933 1.263868 0.292870 1.401790 1.246105 0.009903 0.000000
 0.216808 1.263868 0.292870 1.401790 1.246105 0.009903 0.000000
 0.217683 1.263868 0.292870 1.401790 1.246105 0.009903 0.000000
 0.218558 1.263868 0.292870 1.401790 1.246105 0.009903 0.000000
 0.219433 1.263868 0.292870 1.401790 1.246105 0.009903 0.000000
 0.220307 1.263868 0.292870 1.401790 1.246105 0.009903 0.000000
 0.221182 1.263868 0.292870 1.401790 1.246105 0.009903 -0.000000
 0.222057 1.263868 0.292870 1.401790 1.246105 0.009903 0.000000
 0.222932 1.263868 0.292870 1.401790 1.246105 0.009903 -0.000000
 0.223806 1.263868 0.292870 1.401790 1.246105 0.009903 -0.000000
 0.224681 1.263868 0.292870 1.401791 1.246105 0.009903 0.000000
 0.225556 1.263868 0.292870 1.401791 1.246105 0.009903 -0.000000
 0.226430 1.263868 0.292870 1.401791 1.246105 0.009903 0.000000
 0.227305 1.263868 0.292870 1.401791 1.246105 0.009903 -0.000000
 0.228179 1.263868 0.292870 1.401791 1.246105 0.009903 0.000000
 0.229054 1.263868 0.292870 1.401791 1.246105 0.009903 -0.000000
 0.229929 1.263868 0.292870 1.401791 1.246105 0.009903 0.000000
 0.230803 1.263868 0.292870 1.401791 1.246105 0.009903 0.000000
 0.231678 1.263868 0.292870 1.401791 1.246105 0.009903 0.000000
 0.232552 1.263868 0.292870 1.401791 1.246105 0.009903 -0.000000
 0.233427 1.263868 0.292870 1.401791 1.246105 0.009903 0.000000
 0.234301 1.263868 0.292870 1.401791 1.246105 0.009903 0.000000
 0.235176 1.263868 0.292870 1.401791 1.246105 0.009903 0.000000
 0.236050 1.263868 0.292870 1.401791 1.246105 0.009903 0.000000
 0.236925 1.263868 0.292870 1.401791 1.246105 0.009903 0.000000
 0.237799 1.263868 0.292870 1.401791 1.246105 0.009903 0.000000
 0.238674 1.263868 0.292870 1.401791 1.246105 0.009903 0.000000
 0.239548 1.263868 0.292870 1.401791 1.246105 0.009903 0.000000
 0.240423 1.263868 0.292870 1.401791 1.246105 0.009903 0.000000
 0.241297 1.263868 0.292870 1.401791 1.246105 0.009903 0.000000
 0.242171 1.263868 0.292870 1.401791 1.246105 0.009903 0.000000
 0.243046 1.263868 0.292870 1.401791 1.246105 0.009903 0.000000
 0.243920 1.263868 0.292870 1.401791 1.246105 0.009903 0.000000
 0.244794 1.263868 0.292870 1.401791 1.246105 0.009903 0.000000
 0.245669 1.263868 0.292870 1.401791 1.246105 0.009903 0.000000
 0.246543 1.263868 0.292870 1.401791 1.246105 0.009903 0.000000
 0.247418 1.263868 0.292870 1.401791 1.246105 0.009903 0.000000
 0.248292 1.263868 0.292870 1.401791 1.246105 0.009903 0.000000
 0.249166 1.263868 0.292870 1.401791 1.246105 0.009903 0.000000
 0.250041 1.263868 0.292870 1.401791 1.246105 0.009903 0.000000
 0.250915 1.263868 0.292870 1.401791 1.246105 0.009903 0.000000
 0.251789 1.263868 0.292870 1.401791 1.246105 0.009903 0.000000
 0.252663 1.263868 0.292870 1.401791 1.246105 0.009903 0.000000
 0.253538 1.263868 0.292870 1.401791 1.246105 0.009903 0.000000
 0.254412 1.263868 0.292870 1.401791 1.246105 0.009903 0.000000
 0.255286 1.263868 0.292870 1.401791 1.246105 0.009903 0.000000
 0.256161 1.263868 0.292870 1.401791 1.246105 0.009903 0.000000
 0.257035 1.263868 0.292870 1.401791 1.246105 0.009903 0.000000
 0.257909 1.263868 0.292870 1.401791 1.246105 0.009903 0.000000
 0.258783 1.263868 0.292870 1.401791 1.246105 0.009903 0.000000
 0.259658 1.263868 0.292870 1.401791 1.246105 0.009903 0.000000
 0.260532 1.263868 0.292870 1.401791 1.246105 0.009903 0.000000
 0.261406 1.263868 0.292870 1.401791 1.246105 0.009903 0.000000
 0.262280 1.263868 0.292870 1.401791 1.246105 0.009903 0.000000
 0.263154 1.263868 0.292870 1.401791 1.246105 0.009903 0.000000
 0.264029 1.263868 0.292870 1.401791 1.246105 0.009903 0.000000
 0.264903 1.263868 0.292870 1.401791 1.246105 0.009903 0.000000
 0.265777 1.263868 0.292870 1.401791 1.246105 0.009903 0.000000
 0.266651 1.263868 0.292870 1.401791 1.246105 0.009903 0.000000
 0.267526 1.263868 0.292870 1.401791 1.246105 0.009903 0.000000
 0.268400 1.263868 0.292870 1.401791 1.246105 0.009903 0.000000
 0.269274 1.263868 0.292870 1.401791 1.246105 0.009903 0.000000
 0.270148 1.263868 0.292870 1.401791 1.246105 0.009903 0.000000
 0.271022 1.263868 0.292870 1.401791 1.246105 0.009903 0.000000
 0.271896 1.263868 0.292870 1.401791 1.246105 0.009903 0.000000
 0.272771 1.263868 0.292870 1.401791 1.246105 0.009903 0.000000
 0.273645 1.263868 0.292870 1.401791 1.246105 0.009903 0.000000
 0.274519 1.263868 0.292870 1.401791 1.246105 0.009903 0.000000
 0.275393 1.263868 0.292870 1.401791 1.246105 0.009903 0.000000
 0.276267 1.263868 0.292870 1.401791 1.246105 0.009903 0.000000
 0.277141 1.263868 0.292870 1.401791 1.246105 0.009903 0.000000
 0.278015 1.263868 0.292870 1.401791 1.246105 0.009903 0.000000
 0.278890 1.263868 0.292870 1.401791 1.246105 0.009903 0.000000
 0.279764 1.263868 0.292870 1.401791 1.246105 0.009903 0.000000
 0.280638 1.263868 0.292870 1.401791 1.246105 0.009903 0.000000
 0.281512 1.263869 0.292870 1.401791 1.246105 0.009903 0.000000
 0.282386 1.263869 0.292870 1.401791 1.246105 0.009903 0.000000
 0.283260 1.263869 0.292870 1.401791 1.246105 0.009903 0.000000
 0.284134 1.263869 0.292870 1.401791 1.246105 0.009902 0.000000
 0.285008 1.263869 0.292870 1.401791 1.246105 0.009902 0.000000
 0.285883 1.263869 0.292870 1.401791 1.246105 0.009902 0.000000
 0.286757 1.263870 0.292870 1.401791 1.246105 0.009902 0.000000
 0.287631 1.263870 0.292870 1.401792 1.246105 0.009901 0.000000
 0.288505 1.263871 0.292870 1.401792 1.246104 0.009900 0.000000
 0.289379 1.263872 0.292870 1.401792 1.246104 0.009899 0.000000
 0.290253 1.263873 0.292870 1.401792 1.246103 0.009898 0.000000
 0.291127 1.263875 0.292870 1.401792 1.246102 0.009896 0.000000
 0.292001 1.263877 0.292870 1.401792 1.246101 0.009894 0.000000
 0.292875 1.263880 0.292870 1.401792 1.246100 0.009891 0.000000
 0.293749 1.263883 0.292870 1.401792 1.246098 0.009887 0.000000
 0.294624 1.263888 0.292870 1.401792 1.246096 0.009882 0.000000
 0.295498 1.263893 0.292870 1.401792 1.246093 0.009875 0.000000
 0.296372 1.263901 0.292870 1.401792 1.246090 0.009867 0.000001
 0.297246 1.263910 0.292870 1.401792 1.246085 0.009858 0.000001
 0.298120 1.263921 0.292870 1.401792 1.246080 0.009845 0.000001
 0.298994 1.263934 0.292870 1.401792 1.246073 0.009830 0.000001
 0.299868 1.263951 0.292870 1.401792 1.246065 0.009812 0.000001
 0.300742 1.263970 0.292870 1.401792 1.246055 0.009790 0.000002
 0.301616 1.263994 0.292870 1.401792 1.246043 0.009764 0.000002
 0.302490 1.264023 0.292870 1.401792 1.246030 0.009732 0.000002
 0.303364 1.264056 0.292870 1.401792 1.246013 0.009695 0.000003
 0.304238 1.264095 0.292870 1.401792 1.245994 0.009652 0.000003
 0.305112 1.264141 0.292870 1.401792 1.245971 0.009601 0.000004
 0.305986 1.264194 0.292870 1.401792 1.245945 0.009543 0.000004
 0.306860 1.264254 0.292870 1.401792 1.245916 0.009476 0.000005
 0.307734 1.264322 0.292870 1.401792 1.245882 0.009400 0.000006
 0.308608 1.264400 0.292870 1.401792 1.245844 0.009315 0.000007
 0.309483 1.264487 0.292870 1.401792 1.245801 0.009219 0.000007
 0.310357 1.264583 0.292870 1.401792 1.245753 0.009112 0.000008
 0.311231 1.264690 0.292870 1.401792 1.245701 0.008993 0.000009
 0.312105 1.264808 0.292870 1.401792 1.245643 0.008863 0.000010
 0.312979 1.264936 0.292870 1.401792 1.245580 0.008722 0.000011
 0.313853 1.265074 0.292870 1.401792 1.245512 0.008568 0.000012
 0.314727 1.265223 0.292870 1.401792 1.245438 0.008403 0.000013
 0.315601 1.265383 0.292870 1.401792 1.245360 0.008227 0.000013
 0.316475 1.265552 0.292870 1.401792 1.245277 0.008040 0.000014
 0.317349 1.265730 0.292870 1.401792 1.245189 0.007843 0.000015
 0.318223 1.265916 0.292870 1.401792 1.245097 0.007637 0.000016
 0.319097 1.266110 0.292870 1.401792 1.245002 0.007422 0.000016
 0.319971 1.266311 0.292870 1.401792 1.244903 0.007200 0.000017
 0.320845 1.266517 0.292870 1.401792 1.244802 0.006972 0.000017
 0.321719 1.266728 0.292870 1.401792 1.244698 0.006739 0.000018
 0.322593 1.266942 0.292870 1.401792 1.244593 0.006503 0.000018
 0.323467 1.267157 0.292870 1.401792 1.244488 0.006265 0.000018
 0.324341 1.267373 0.292870 1.401792 1.244382 0.006027 0.000018
 0.325215 1.267588 0.292870 1.401792 1.244276 0.005789 0.000018
 0.326089 1.267801 0.292870 1.401792 1.244172 0.005554 0.000018
 0.326963 1.268011 0.292870 1.401792 1.244069 0.005322 0.000018
 0.327837 1.268217 0.292870 1.401792 1.243968 0.005095 0.000017
 0.328711 1.268417 0.292870 1.401792 1.243870 0.004874 0.000017
 0.329585 1.268610 0.292871 1.401792 1.243775 0.004661 0.000016
 0.330459 1.268797 0.292871 1.401792 1.243683 0.004455 0.000016
 0.331333 1.268976 0.292871 1.401792 1.243596 0.004257 0.000015
 0.332207 1.269146 0.292871 1.401792 1.243512 0.004069 0.000014
 0.333081 1.269308 0.292871 1.401792 1.243433 0.003891 0.000014
 0.333955 1.269461 0.292871 1.401792 1.243358 0.003723 0.000013
 0.334829 1.269604 0.292871 1.401792 1.243288 0.003565 0.000012
 0.335703 1.269738 0.292871 1.401792 1.243222 0.003417 0.000011
 0.336577 1.269863 0.292871 1.401792 1.243161 0.003279 0.000010
 0.337451 1.269979 0.292871 1.401792 1.243104 0.003151 0.000010
 0.338325 1.270086 0.292871 1.401792 1.243052 0.003033 0.000009
 0.339199 1.270185 0.292871 1.401792 1.243004 0.002924 0.000008
 0.340073 1.270276 0.292871 1.401792 1.242959 0.002824 0.000008
 0.340947 1.270358 0.292871 1.401792 1.242919 0.002733 0.000007
 0.341821 1.270434 0.292871 1.401793 1.242882 0.002650 0.000006
 0.342695 1.270503 0.292871 1.401793 1.242848 0.002574 0.000006
 0.343569 1.270566 0.292871 1.401793 1.242817 0.002505 0.000005
 0.344443 1.270623 0.292871 1.401793 1.242790 0.002442 0.000005
 0.345317 1.270674 0.292871 1.401793 1.242764 0.002385 0.000004
 0.346191 1.270721 0.292871 1.401793 1.242741 0.002334 0.000004
 0.347065 1.270763 0.292871 1.401793 1.242721 0.002287 0.000004
 0.347939 1.270802 0.292871 1.401793 1.242702 0.002245 0.000003
 0.348813 1.270836 0.292871 1.401793 1.242685 0.002207 0.000003
 0.349687 1.270868 0.292871 1.401793 1.242670 0.002172 0.000003
 0.350561 1.270896 0.292871 1.401793 1.242656 0.002140 0.000002
 0.351435 1.270923 0.292871 1.401793 1.242643 0.002112 0.000002
 0.352309 1.270946 0.292871 1.401793 1.242631 0.002085 0.000002
 0.353183 1.270968 0.292871 1.401793 1.242621 0.002062 0.000002
 0.354057 1.270988 0.292871 1.401793 1.242611 0.002040 0.000002
 0.354931 1.271006 0.292871 1.401793 1.242602 0.002019 0.000002
 0.355805 1.271023 0.292871 1.401793 1.242594 0.002001 0.000001
 0.356679 1.271039 0.292871 1.401793 1.242586 0.001984 0.000001
 0.357553 1.271053 0.292871 1.401793 1.242579 0.001968 0.000001
 0.358427 1.271067 0.292871 1.401793 1.242572 0.001953 0.000001
 0.359300 1.271080 0.292871 1.401793 1.242566 0.001939 0.000001
 0.360174 1.271091 0.292871 1.401793 1.242561 0.001926 0.000001
 0.361048 1.271103 0.292871 1.401793 1.242555 0.001914 0.000001
 0.361922 1.271113 0.292871 1.401793 1.242550 0.001902 0.000001
 0.362796 1.271123 0.292871 1.401793 1.242545 0.001891 0.000001
 0.363670 1.271132 0.292871 1.401793 1.242541 0.001881 0.000001
 0.364544 1.271141 0.292871 1.401793 1.242536 0.001871 0.000001
 0.365418 1.271150 0.292871 1.401793 1.242532 0.001862 0.000001
 0.366292 1.271158 0.292871 1.401793 1.242528 0.001853 0.000001
 0.367166 1.271165 0.292871 1.401793 1.242524 0.001844 0.000001
 0.368040 1.271173 0.292871 1.401793 1.242521 0.001836 0.000001
 0.368914 1.271180 0.292871 1.401793 1.242517 0.001829 0.000001
 0.369788 1.271186 0.292871 1.401793 1.242514 0.001821 0.000001
 0.370662 1.271193 0.292871 1.401793 1.242511 0.001814 0.000001
 0.371536 1.271199 0.292871 1.401793 1.242508 0.001807 0.000001
 0.372410 1.271205 0.292871 1.401793 1.242505 0.001801 0.000000
 0.373284 1.271211 0.292871 1.401793 1.242502 0.001795 0.000000
 0.374158 1.271216 0.292871 1.401793 1.242500 0.001788 0.000000
 0.375032 1.271222 0.292871 1.401793 1.242497 0.001783 0.000000
 0.375906 1.271227 0.292871 1.401793 1.242495 0.001777 0.000000
 0.376780 1.271232 0.292871 1.401793 1.242492 0.001772 0.000000
 0.377654 1.271236 0.292871 1.401793 1.242490 0.001766 0.000000
 0.378528 1.271241 0.292871 1.401793 1.242488 0.001761 0.000000
 0.379402 1.271245 0.292871 1.401793 1.242485 0.001756 0.000000
 0.380276 1.271250 0.292871 1.401793 1.242483 0.001752 0.000000
 0.381150 1.271254 0.292871 1.401793 1.242481 0.001747 0.000000
 0.382024 1.271258 0.292871 1.401793 1.242479 0.001743 0.000000
 0.382897 1.271262 0.292871 1.401793 1.242477 0.001738 0.000000
 0.383771 1.271266 0.292871 1.401793 1.242476 0.001734 0.000000
 0.384645 1.271269 0.292871 1.401793 1.242474 0.001730 0.000000
 0.385519 1.271273 0.292871 1.401793 1.242472 0.001726 0.000000
 0.386393 1.271276 0.292871 1.401794 1.242470 0.001723 0.000000
 0.387267 1.271280 0.292871 1.401794 1.242469 0.001719 0.000000
 0.388141 1.271283 0.292871 1.401794 1.242467 0.001715 0.000000
 0.389015 1.271286 0.292871 1.401794 1.242466 0.001712 0.000000
 0.389889 1.271289 0.292871 1.401794 1.242464 0.001709 0.000000
 0.390763 1.271292 0.292871 1.401794 1.242463 0.001705 0.000000
 0.391637 1.271295 0.292871 1.401794 1.242461 0.001702 0.000000
 0.392511 1.271298 0.292871 1.401794 1.242460 0.001699 0.000000
 0.393385 1.271300 0.292871 1.401794 1.242459 0.001696 0.000000
 0.394259 1.271303 0.292871 1.401794 1.242457 0.001693 0.000000
 0.395133 1.271306 0.292871 1.401794 1.242456 0.001691 0.000000
 0.396007 1.271308 0.292871 1.401794 1.242455 0.001688 0.000000
 0.396881 1.271311 0.292871 1.401794 1.242454 0.001685 0.000000
 0.397755 1.271313 0.292871 1.401794 1.242453 0.001683 0.000000
 0.398629 1.271315 0.292871 1.401794 1.242452 0.001680 0.000000
 0.399503 1.271317 0.292871 1.401794 1.242451 0.001678 0.000000
 0.400376 1.271320 0.292871 1.401794 1.242449 0.001675 0.000000
 0.401250 1.271322 0.292871 1.401794 1.242448 0.001673 0.000000
 0.402124 1.271324 0.292871 1.401794 1.242447 0.001671 0.000000
 0.402998 1.271326 0.292871 1.401794 1.242446 0.001668 0.000000
 0.403872 1.271328 0.292871 1.401794 1.242446 0.001666 0.000000
 0.404746 1.271330 0.292871 1.401794 1.242445 0.001664 0.000000
 0.405620 1.271332 0.292871 1.401794 1.242444 0.001662 0.000000
 0.406494 1.271333 0.292871 1.401794 1.242443 0.001660 0.000000
 0.407368 1.271335 0.292871 1.401794 1.242442 0.001658 0.000000
 0.408242 1.271337 0.292871 1.401794 1.242441 0.001656 0.000000
 0.409116 1.271339 0.292871 1.401794 1.242440 0.001655 0.000000
 0.409990 1.271340 0.292871 1.401794 1.242440 0.001653 0.000000
 0.410864 1.271342 0.292871 1.401794 1.242439 0.001651 0.000000
 0.411738 1.271343 0.292872 1.401794 1.242438 0.001649 0.000000
 0.412612 1.271345 0.292872 1.401794 1.242437 0.001648 0.000000
 0.413486 1.271346 0.292872 1.401794 1.242437 0.001646 0.000000
 0.414360 1.271348 0.292872 1.401794 1.242436 0.001644 0.000000
 0.415233 1.271349 0.292872 1.401794 1.242435 0.001643 0.000000
 0.416107 1.271351 0.292872 1.401794 1.242435 0.001641 0.000000
 0.416981 1.271352 0.292872 1.401794 1.242434 0.001640 0.000000
 0.417855 1.271353 0.292872 1.401794 1.242433 0.001638 0.000000
 0.418729 1.271355 0.292872 1.401794 1.242433 0.001637 0.000000
 0.419603 1.271356 0.292872 1.401794 1.242432 0.001636 0.000000
 0.420477 1.271357 0.292872 1.401794 1.242431 0.001634 0.000000
 0.421351 1.271358 0.292872 1.401794 1.242431 0.001633 0.000000
 0.422225 1.271359 0.292872 1.401795 1.242430 0.001632 0.000000
 0.423099 1.271361 0.292872 1.401795 1.242430 0.001631 0.000000
 0.423973 1.271362 0.292872 1.401795 1.242429 0.001629 0.000000
 0.424847 1.271363 0.292872 1.401795 1.242429 0.001628 0.000000
 0.425721 1.271364 0.292872 1.401795 1.242428 0.001627 0.000000
 0.426595 1.271365 0.292872 1.401795 1.242428 0.001626 0.000000
 0.427469 1.271366 0.292872 1.401795 1.242427 0.001625 0.000000
 0.428343 1.271367 0.292872 1.401795 1.242427 0.001624 0.000000
 0.429216 1.271368 0.292872 1.401795 1.242426 0.001623 0.000000
 0.430090 1.271369 0.292872 1.401795 1.242426 0.001622 0.000000
 0.430964 1.271370 0.292872 1.401795 1.242425 0.001621 0.000000
 0.431838 1.271371 0.292872 1.401795 1.242425 0.001620 0.000000
 0.432712 1.271372 0.292872 1.401795 1.242424 0.001619 0.000000
 0.433586 1.271373 0.292872 1.401795 1.242424 0.001618 0.000000
 0.434460 1.271373 0.292872 1.401795 1.242424 0.001617 0.000000
 0.435334 1.271374 0.292872 1.401795 1.242423 0.001616 0.000000
 0.436208 1.271375 0.292872 1.401795 1.242423 0.001615 0.000000
 0.437082 1.271376 0.292872 1.401795 1.242422 0.001614 0.000000
 0.437956 1.271377 0.292872 1.401795 1.242422 0.001613 0.000000
 0.438830 1.271377 0.292872 1.401795 1.242422 0.001612 0.000000
 0.439704 1.271378 0.292872 1.401795 1.242421 0.001612 0.000000
 0.440578 1.271379 0.292872 1.401795 1.242421 0.001611 0.000000
 0.441452 1.271380 0.292872 1.401795 1.242421 0.001610 0.000000
 0.442325 1.271380 0.292872 1.401795 1.242420 0.001609 0.000000
 0.443199 1.271381 0.292872 1.401795 1.242420 0.001608 0.000000
 0.444073 1.271382 0.292872 1.401795 1.242420 0.001608 0.000000
 0.444947 1.271382 0.292872 1.401795 1.242419 0.001607 0.000000
 0.445821 1.271383 0.292872 1.401795 1.242419 0.001606 0.000000
 0.446695 1.271384 0.292872 1.401795 1.242419 0.001606 0.000000
 0.447569 1.271384 0.292872 1.401795 1.242418 0.001605 0.000000
 0.448443 1.271385 0.292872 1.401795 1.242418 0.001604 0.000000
 0.449317 1.271386 0.292872 1.401795 1.242418 0.001604 0.000000
 0.450191 1.271386 0.292872 1.401795 1.242418 0.001603 0.000000
 0.451065 1.271387 0.292872 1.401795 1.242417 0.001602 0.000000
 0.451939 1.271387 0.292872 1.401796 1.242417 0.001602 0.000000
 0.452813 1.271388 0.292872 1.401796 1.242417 0.001601 0.000000
 0.453687 1.271388 0.292872 1.401796 1.242417 0.001601 0.000000
 0.454561 1.271389 0.292872 1.401796 1.242416 0.001600 0.000000
 0.455434 1.271390 0.292872 1.401796 1.242416 0.001599 0.000000
 0.456308 1.271390 0.292872 1.401796 1.242416 0.001599 0.000000
 0.457182 1.271391 0.292872 1.401796 1.242416 0.001598 0.000000
 0.458056 1.271391 0.292872 1.401796 1.242415 0.001598 0.000000
 0.458930 1.271392 0.292872 1.401796 1.242415 0.001597 0.000000
 0.459804 1.271392 0.292872 1.401796 1.242415 0.001597 0.000000
 0.460678 1.271392 0.292872 1.401796 1.242415 0.001596 0.000000
 0.461552 1.271393 0.292872 1.401796 1.242415 0.001596 0.000000
 0.462426 1.271393 0.292873 1.401796 1.242414 0.001595 0.000000
 0.463300 1.271394 0.292873 1.401796 1.242414 0.001595 0.000000
 0.464174 1.271394 0.292873 1.401796 1.242414 0.001594 0.000000
 0.465048 1.271395 0.292873 1.401796 1.242414 0.001594 0.000000
 0.465922 1.271395 0.292873 1.401796 1.242414 0.001594 0.000000
 0.466796 1.271396 0.292873 1.401796 1.242413 0.001593 0.000000
 0.467669 1.271396 0.292873 1.401796 1.242413 0.001593 0.000000
 0.468543 1.271396 0.292873 1.401796 1.242413 0.001592 0.000000
 0.469417 1.271397 0.292873 1.401796 1.242413 0.001592 0.000000
 0.470291 1.271397 0.292873 1.401796 1.242413 0.001592 0.000000
 0.471165 1.271397 0.292873 1.401796 1.242412 0.001591 0.000000
 0.472039 1.271398 0.292873 1.401796 1.242412 0.001591 0.000000
 0.472913 1.271398 0.292873 1.401796 1.242412 0.001590 0.000000
 0.473787 1.271399 0.292873 1.401796 1.242412 0.001590 0.000000
 0.474661 1.271399 0.292873 1.401796 1.242412 0.001590 0.000000
 0.475535 1.271399 0.292873 1.401796 1.242412 0.001589 0.000000
 0.476409 1.271400 0.292873 1.401797 1.242412 0.001589 0.000000
 0.477283 1.271400 0.292873 1.401797 1.242411 0.001589 0.000000
 0.478157 1.271400 0.292873 1.401797 1.242411 0.001588 0.000000
 0.479030 1.271401 0.292873 1.401797 1.242411 0.001588 0.000000
 0.479904 1.271401 0.292873 1.401797 1.242411 0.001588 0.000000
 0.480778 1.271401 0.292873 1.401797 1.242411 0.001587 0.000000
 0.481652 1.271401 0.292873 1.401797 1.242411 0.001587 0.000000
 0.482526 1.271402 0.292873 1.401797 1.242411 0.001587 0.000000
 0.483400 1.271402 0.292873 1.401797 1.242410 0.001586 0.000000
 0.484274 1.271402 0.292873 1.401797 1.242410 0.001586 0.000000
 0.485148 1.271403 0.292873 1.401797 1.242410 0.001586 0.000000
 0.486022 1.271403 0.292873 1.401797 1.242410 0.001586 0.000000
 0.486896 1.271403 0.292873 1.401797 1.242410 0.001585 0.000000
 0.487770 1.271403 0.292873 1.401797 1.242410 0.001585 0.000000
 0.488644 1.271404 0.292873 1.401797 1.242410 0.001585 0.000000
 0.489518 1.271404 0.292873 1.401797 1.242410 0.001585 0.000000
 0.490392 1.271404 0.292873 1.401797 1.242410 0.001584 0.000000
 0.491265 1.271404 0.292873 1.401797 1.242409 0.001584 0.000000
 0.492139 1.271405 0.292873 1.401797 1.242409 0.001584 0.000000
 0.493013 1.271405 0.292873 1.401797 1.242409 0.001584 0.000000
 0.493887 1.271405 0.292873 1.401797 1.242409 0.001583 0.000000
 0.494761 1.271405 0.292873 1.401797 1.242409 0.001583 0.000000
 0.495635 1.271406 0.292873 1.401797 1.242409 0.001583 0.000000
 0.496509 1.271406 0.292873 1.401797 1.242409 0.001583 0.000000
 0.497383 1.271406 0.292873 1.401798 1.242409 0.001582 0.000000
 0.498257 1.271406 0.292873 1.401798 1.242409 0.001582 0.000000
 0.499131 1.271407 0.292874 1.401798 1.242409 0.001582 0.000000
 0.500005 1.271407 0.292874 1.401798 1.242408 0.001582 0.000000
 0.500879 1.271407 0.292874 1.401798 1.242408 0.001582 0.000000
 0.501753 1.271407 0.292874 1.401798 1.242408 0.001581 0.000000
 0.502626 1.271407 0.292874 1.401798 1.242408 0.001581 0.000000
 0.503500 1.271408 0.292874 1.401798 1.242408 0.001581 0.000000
 0.504374 1.271408 0.292874 1.401798 1.242408 0.001581 0.000000
 0.505248 1.271408 0.292874 1.401798 1.242408 0.001581 0.000000
 0.506122 1.271408 0.292874 1.401798 1.242408 0.001580 0.000000
 0.506996 1.271408 0.292874 1.401798 1.242408 0.001580 0.000000
 0.507870 1.271409 0.292874 1.401798 1.242408 0.001580 0.000000
 0.508744 1.271409 0.292874 1.401798 1.242408 0.001580 0.000000
 0.509618 1.271409 0.292874 1.401798 1.242408 0.001580 0.000000
 0.510492 1.271409 0.292874 1.401798 1.242408 0.001580 0.000000
 0.511366 1.271409 0.292874 1.401798 1.242408 0.001579 0.000000
 0.512240 1.271410 0.292874 1.401798 1.242407 0.001579 0.000000
 0.513114 1.271410 0.292874 1.401798 1.242407 0.001579 0.000000
 0.513987 1.271410 0.292874 1.401798 1.242407 0.001579 0.000000
 0.514861 1.271410 0.292874 1.401798 1.242407 0.001579 0.000000
 0.515735 1.271410 0.292874 1.401798 1.242407 0.001579 0.000000
 0.516609 1.271410 0.292874 1.401799 1.242407 0.001579 0.000000
 0.517483 1.271411 0.292874 1.401799 1.242407 0.001578 0.000000
 0.518357 1.271411 0.292874 1.401799 1.242407 0.001578 0.000000
 0.519231 1.271411 0.292874 1.401799 1.242407 0.001578 0.000000
 0.520105 1.271411 0.292874 1.401799 1.242407 0.001578 0.000000
 0.520979 1.271411 0.292874 1.401799 1.242407 0.001578 0.000000
 0.521853 1.271411 0.292874 1.401799 1.242407 0.001578 0.000000
 0.522727 1.271411 0.292874 1.401799 1.242407 0.001578 0.000000
 0.523601 1.271412 0.292874 1.401799 1.242407 0.001577 0.000000
 0.524474 1.271412 0.292874 1.401799 1.242407 0.001577 0.000000
 0.525348 1.271412 0.292874 1.401799 1.242407 0.001577 0.000000
 0.526222 1.271412 0.292874 1.401799 1.242407 0.001577 0.000000
 0.527096 1.271412 0.292874 1.401799 1.242407 0.001577 0.000000
 0.527970 1.271412 0.292875 1.401799 1.242407 0.001577 0.000000
 0.528844 1.271412 0.292875 1.401799 1.242406 0.001577 0.000000
 0.529718 1.271413 0.292875 1.401799 1.242406 0.001577 0.000000
 0.530592 1.271413 0.292875 1.401799 1.242406 0.001577 0.000000
 0.531466 1.271413 0.292875 1.401799 1.242406 0.001576 0.000000
 0.532340 1.271413 0.292875 1.401799 1.242406 0.001576 0.000000
 0.533214 1.271413 0.292875 1.401800 1.242406 0.001576 0.000000
 0.534088 1.271413 0.292875 1.401800 1.242406 0.001576 0.000000
 0.534962 1.271413 0.292875 1.401800 1.242406 0.001576 0.000000
 0.535835 1.271413 0.292875 1.401800 1.242406 0.001576 0.000000
 0.536709 1.271414 0.292875 1.401800 1.242406 0.001576 0.000000
 0.537583 1.271414 0.292875 1.401800 1.242406 0.001576 0.000000
 0.538457 1.271414 0.292875 1.401800 1.242406 0.001576 0.000000
 0.539331 1.271414 0.292875 1.401800 1.242406 0.001576 0.000000
 0.540205 1.271414 0.292875 1.401800 1.242406 0.001575 0.000000
 0.541079 1.271414 0.292875 1.401800 1.242406 0.001575 0.000000
 0.541953 1.271414 0.292875 1.401800 1.242406 0.001575 0.000000
 0.542827 1.271414 0.292875 1.401800 1.242406 0.001575 0.000000
 0.543701 1.271415 0.292875 1.401800 1.242406 0.001575 0.000000
 0.544575 1.271415 0.292875 1.401800 1.242406 0.001575 0.000000
 0.545449 1.271415 0.292875 1.401800 1.242406 0.001575 0.000000
 0.546322 1.271415 0.292875 1.401800 1.242406 0.001575 0.000000
 0.547196 1.271415 0.292875 1.401800 1.242406 0.001575 0.000000
 0.548070 1.271415 0.292875 1.401801 1.242406 0.001575 0.000000
 0.548944 1.271415 0.292875 1.401801 1.242406 0.001575 0.000000
 0.549818 1.271415 0.292875 1.401801 1.242406 0.001575 0.000000
 0.550692 1.271415 0.292875 1.401801 1.242406 0.001575 0.000000
 0.551566 1.271416 0.292875 1.401801 1.242406 0.001574 0.000000
 0.552440 1.271416 0.292876 1.401801 1.242406 0.001574 0.000000
 0.553314 1.271416 0.292876 1.401801 1.242406 0.001574 0.000000
 0.554188 1.271416 0.292876 1.401801 1.242406 0.001574 0.000000
 0.555062 1.271416 0.292876 1.401801 1.242406 0.001574 0.000000
 0.555936 1.271416 0.292876 1.401801 1.242406 0.001574 0.000000
 0.556810 1.271416 0.292876 1.401801 1.242405 0.001574 0.000000
 0.557683 1.271416 0.292876 1.401801 1.242405 0.001574 0.000000
 0.558557 1.271416 0.292876 1.401801 1.242405 0.001574 0.000000
 0.559431 1.271416 0.292876 1.401801 1.242405 0.001574 0.000000
 0.560305 1.271417 0.292876 1.401801 1.242405 0.001574 0.000000
 0.561179 1.271417 0.292876 1.401802 1.242405 0.001574 0.000000
 0.562053 1.271417 0.292876 1.401802 1.242405 0.001574 0.000000
 0.562927 1.271417 0.292876 1.401802 1.242405 0.001574 0.000000
 0.563801 1.271417 0.292876 1.401802 1.242405 0.001574 0.000000
 0.564675 1.271417 0.292876 1.401802 1.242405 0.001574 0.000000
 0.565549 1.271417 0.292876 1.401802 1.242405 0.001573 0.000000
 0.566423 1.271417 0.292876 1.401802 1.242405 0.001573 0.000000
 0.567297 1.271417 0.292876 1.401802 1.242405 0.001573 0.000000
 0.568170 1.271417 0.292876 1.401802 1.242405 0.001573 0.000000
 0.569044 1.271418 0.292876 1.401802 1.242405 0.001573 0.000000
 0.569918 1.271418 0.292876 1.401802 1.242405 0.001573 0.000000
 0.570792 1.271418 0.292876 1.401802 1.242405 0.001573 0.000000
 0.571666 1.271418 0.292876 1.401802 1.242405 0.001573 0.000000
 0.572540 1.271418 0.292877 1.401802 1.242405 0.001573 0.000000
 0.573414 1.271418 0.292877 1.401803 1.242405 0.001573 0.000000
 0.574288 1.271418 0.292877 1.401803 1.242405 0.001573 0.000000
 0.575162 1.271418 0.292877 1.401803 1.242405 0.001573 0.000000
 0.576036 1.271418 0.292877 1.401803 1.242405 0.001573 0.000000
 0.576910 1.271418 0.292877 1.401803 1.242405 0.001573 0.000000
 0.577784 1.271418 0.292877 1.401803 1.242405 0.001573 0.000000
 0.578657 1.271419 0.292877 1.401803 1.242405 0.001573 0.000000
 0.579531 1.271419 0.292877 1.401803 1.242405 0.001573 0.000000
 0.580405 1.271419 0.292877 1.401803 1.242405 0.001573 0.000000
 0.581279 1.271419 0.292877 1.401803 1.242405 0.001573 0.000000
 0.582153 1.271419 0.292877 1.401803 1.242405 0.001573 0.000000
 0.583027 1.271419 0.292877 1.401803 1.242405 0.001573 0.000000
 0.583901 1.271419 0.292877 1.401803 1.242405 0.001572 0.000000
 0.584775 1.271419 0.292877 1.401804 1.242405 0.001572 0.000000
 0.585649 1.271419 0.292877 1.401804 1.242405 0.001572 0.000000
 0.586523 1.271419 0.292877 1.401804 1.242405 0.001572 0.000000
 0.587397 1.271419 0.292877 1.401804 1.242405 0.001572 0.000000
 0.588271 1.271420 0.292877 1.401804 1.242405 0.001572 0.000000
 0.589144 1.271420 0.292877 1.401804 1.242405 0.001572 0.000000
 0.590018 1.271420 0.292878 1.401804 1.242405 0.001572 0.000000
 0.590892 1.271420 0.292878 1.401804 1.242405 0.001572 0.000000
 0.591766 1.271420 0.292878 1.401804 1.242405 0.001572 0.000000
 0.592640 1.271420 0.292878 1.401804 1.242405 0.001572 0.000000
 0.593514 1.271420 0.292878 1.401804 1.242405 0.001572 0.000000
 0.594388 1.271420 0.292878 1.401804 1.242405 0.001572 0.000000
 0.595262 1.271420 0.292878 1.401805 1.242405 0.001572 0.000000
 0.596136 1.271420 0.292878 1.401805 1.242405 0.001572 0.000000
 0.597010 1.271420 0.292878 1.401805 1.242405 0.001572 0.000000
 0.597884 1.271420 0.292878 1.401805 1.242405 0.001572 0.000000
 0.598758 1.271421 0.292878 1.401805 1.242405 0.001572 0.000000
 0.599631 1.271421 0.292878 1.401805 1.242405 0.001572 0.000000
 0.600505 1.271421 0.292878 1.401805 1.242405 0.001572 0.000000
 0.601379 1.271421 0.292878 1.401805 1.242405 0.001572 0.000000
 0.602253 1.271421 0.292878 1.401805 1.242405 0.001572 0.000000
 0.603127 1.271421 0.292878 1.401805 1.242405 0.001572 0.000000
 0.604001 1.271421 0.292878 1.401806 1.242405 0.001572 0.000000
 0.604875 1.271421 0.292878 1.401806 1.242405 0.001572 0.000000
 0.605749 1.271421 0.292879 1.401806 1.242405 0.001572 0.000000
 0.606623 1.271421 0.292879 1.401806 1.242405 0.001572 0.000000
 0.607497 1.271421 0.292879 1.401806 1.242405 0.001572 0.000000
 0.608371 1.271422 0.292879 1.401806 1.242405 0.001572 0.000000
 0.609244 1.271422 0.292879 1.401806 1.242405 0.001572 0.000000
 0.610118 1.271422 0.292879 1.401806 1.242405 0.001572 0.000000
 0.610992 1.271422 0.292879 1.401806 1.242405 0.001572 0.000000
 0.611866 1.271422 0.292879 1.401806 1.242405 0.001571 0.000000
 0.612740 1.271422 0.292879 1.401806 1.242405 0.001571 0.000000
 0.613614 1.271422 0.292879 1.401807 1.242405 0.001571 0.000000
 0.614488 1.271422 0.292879 1.401807 1.242405 0.001571 0.000000
 0.615362 1.271422 0.292879 1.401807 1.242405 0.001571 0.000000
 0.616236 1.271422 0.292879 1.401807 1.242405 0.001571 0.000000
 0.617110 1.271422 0.292879 1.401807 1.242405 0.001571 0.000000
 0.617984 1.271422 0.292879 1.401807 1.242405 0.001571 0.000000
 0.618858 1.271423 0.292880 1.401807 1.242405 0.001571 0.000000
 0.619731 1.271423 0.292880 1.401807 1.242405 0.001571 0.000000
 0.620605 1.271423 0.292880 1.401807 1.242405 0.001571 0.000000
 0.621479 1.271423 0.292880 1.401808 1.242405 0.001571 0.000000
 0.622353 1.271423 0.292880 1.401808 1.242405 0.001571 0.000000
 0.623227 1.271423 0.292880 1.401808 1.242405 0.001571 0.000000
 0.624101 1.271423 0.292880 1.401808 1.242405 0.001571 0.000000
 0.624975 1.271423 0.292880 1.401808 1.242405 0.001571 0.000000
 0.625849 1.271423 0.292880 1.401808 1.242405 0.001571 0.000000
 0.626723 1.271423 0.292880 1.401808 1.242405 0.001571 0.000000
 0.627597 1.271423 0.292880 1.401808 1.242405 0.001571 0.000000
 0.628471 1.271424 0.292880 1.401808 1.242405 0.001571 0.000000
 0.629345 1.271424 0.292880 1.401809 1.242405 0.001571 0.000000
 0.630218 1.271424 0.292880 1.401809 1.242405 0.001571 0.000000
 0.631092 1.271424 0.292881 1.401809 1.242405 0.001571 0.000000
 0.631966 1.271424 0.292881 1.401809 1.242405 0.001571 0.000000
 0.632840 1.271424 0.292881 1.401809 1.242405 0.001571 0.000000
 0.633714 1.271424 0.292881 1.401809 1.242405 0.001571 0.000000
 0.634588 1.271424 0.292881 1.401809 1.242405 0.001571 0.000000
 0.635462 1.271424 0.292881 1.401809 1.242405 0.001571 0.000000
 0.636336 1.271424 0.292881 1.401810 1.242405 0.001571 0.000000
 0.637210 1.271424 0.292881 1.401810 1.242405 0.001571 0.000000
 0.638084 1.271425 0.292881 1.401810 1.242405 0.001571 0.000000
 0.638958 1.271425 0.292881 1.401810 1.242405 0.001571 0.000000
 0.639831 1.271425 0.292881 1.401810 1.242405 0.001571 0.000000
 0.640705 1.271425 0.292881 1.401810 1.242405 0.001571 0.000000
 0.641579 1.271425 0.292881 1.401810 1.242405 0.001571 0.000000
 0.642453 1.271425 0.292882 1.401810 1.242405 0.001571 0.000000
 0.643327 1.271425 0.292882 1.401811 1.242405 0.001571 0.000000
 0.644201 1.271425 0.292882 1.401811 1.242405 0.001571 0.000000
 0.645075 1.271425 0.292882 1.401811 1.242405 0.001571 0.000000
 0.645949 1.271425 0.292882 1.401811 1.242405 0.001571 0.000000
 0.646823 1.271426 0.292882 1.401811 1.242405 0.001571 0.000000
 0.647697 1.271426 0.292882 1.401811 1.242405 0.001571 0.000000
 0.648571 1.271426 0.292882 1.401811 1.242405 0.001571 0.000000
 0.649444 1.271426 0.292882 1.401812 1.242405 0.001571 0.000000
 0.650318 1.271426 0.292882 1.401812 1.242405 0.001571 0.000000
 0.651192 1.271426 0.292882 1.401812 1.242405 0.001571 0.000000
 0.652066 1.271426 0.292882 1.401812 1.242405 0.001571 0.000000
 0.652940 1.271426 0.292883 1.401812 1.242405 0.001571 0.000000
 0.653814 1.271426 0.292883 1.401812 1.242405 0.001571 0.000000
 0.654688 1.271426 0.292883 1.401812 1.242405 0.001571 0.000000
 0.655562 1.271427 0.292883 1.401812 1.242405 0.001571 0.000000
 0.656436 1.271427 0.292883 1.401813 1.242405 0.001571 0.000000
 0.657310 1.271427 0.292883 1.401813 1.242405 0.001571 0.000000
 0.658184 1.271427 0.292883 1.401813 1.242405 0.001571 0.000000
 0.659058 1.271427 0.292883 1.401813 1.242405 0.001571 0.000000
 0.659931 1.271427 0.292883 1.401813 1.242405 0.001571 0.000000
 0.660805 1.271427 0.292883 1.401813 1.242406 0.001571 0.000000
 0.661679 1.271427 0.292883 1.401814 1.242406 0.001571 0.000000
 0.662553 1.271427 0.292884 1.401814 1.242406 0.001571 0.000000
 0.663427 1.271428 0.292884 1.401814 1.242406 0.001571 0.000000
 0.664301 1.271428 0.292884 1.401814 1.242406 0.001571 0.000000
 0.665175 1.271428 0.292884 1.401814 1.242406 0.001571 0.000000
 0.666049 1.271428 0.292884 1.401814 1.242406 0.001571 0.000000
 0.666923 1.271428 0.292884 1.401814 1.242406 0.001571 0.000000
 0.667797 1.271428 0.292884 1.401815 1.242406 0.001570 0.000000
 0.668671 1.271428 0.292884 1.401815 1.242406 0.001570 0.000000
 0.669544 1.271428 0.292884 1.401815 1.242406 0.001570 0.000000
 0.670418 1.271428 0.292885 1.401815 1.242406 0.001570 0.000000
 0.671292 1.271429 0.292885 1.401815 1.242406 0.001570 0.000000
 0.672166 1.271429 0.292885 1.401815 1.242406 0.001570 0.000000
 0.673040 1.271429 0.292885 1.401816 1.242406 0.001570 0.000000
 0.673914 1.271429 0.292885 1.401816 1.242406 0.001570 0.000000
 0.674788 1.271429 0.292885 1.401816 1.242406 0.001570 0.000000
 0.675662 1.271429 0.292885 1.401816 1.242406 0.001570 0.000000
 0.676536 1.271429 0.292885 1.401816 1.242406 0.001570 0.000000
 0.677410 1.271429 0.292885 1.401817 1.242406 0.001570 0.000000
 0.678284 1.271430 0.292885 1.401817 1.242406 0.001570 0.000000
 0.679157 1.271430 0.292886 1.401817 1.242406 0.001570 0.000000
 0.680031 1.271430 0.292886 1.401817 1.242406 0.001570 0.000000
 0.680905 1.271430 0.292886 1.401817 1.242406 0.001570 0.000000
 0.681779 1.271430 0.292886 1.401817 1.242406 0.001570 0.000000
 0.682653 1.271430 0.292886 1.401818 1.242406 0.001570 0.000000
 0.683527 1.271430 0.292886 1.401818 1.242406 0.001570 0.000000
 0.684401 1.271430 0.292886 1.401818 1.242406 0.001570 0.000000
 0.685275 1.271431 0.292886 1.401818 1.242406 0.001570 0.000000
 0.686149 1.271431 0.292887 1.401818 1.242406 0.001570 0.000000
 0.687023 1.271431 0.292887 1.401819 1.242406 0.001570 0.000000
 0.687897 1.271431 0.292887 1.401819 1.242406 0.001570 0.000000
 0.688770 1.271431 0.292887 1.401819 1.242406 0.001570 0.000000
 0.689644 1.271431 0.292887 1.401819 1.242406 0.001570 0.000000
 0.690518 1.271431 0.292887 1.401819 1.242406 0.001570 0.000000
 0.691392 1.271432 0.292887 1.401820 1.242406 0.001570 0.000000
 0.692266 1.271432 0.292887 1.401820 1.242406 0.001570 0.000000
 0.693140 1.271432 0.292888 1.401820 1.242406 0.001570 0.000000
 0.694014 1.271432 0.292888 1.401820 1.242406 0.001570 0.000000
 0.694888 1.271432 0.292888 1.401820 1.242406 0.001570 0.000000
 0.695762 1.271432 0.292888 1.401821 1.242406 0.001570 0.000000
 0.696636 1.271432 0.292888 1.401821 1.242406 0.001570 0.000000
 0.697509 1.271433 0.292888 1.401821 1.242406 0.001570 0.000000
 0.698383 1.271433 0.292888 1.401821 1.242406 0.001570 0.000000
 0.699257 1.271433 0.292888 1.401821 1.242406 0.001570 0.000000
 0.700131 1.271433 0.292889 1.401822 1.242406 0.001570 0.000000
 0.701005 1.271433 0.292889 1.401822 1.242406 0.001570 0.000000
 0.701879 1.271433 0.292889 1.401822 1.242406 0.001570 0.000000
 0.702753 1.271433 0.292889 1.401822 1.242406 0.001570 0.000000
 0.703627 1.271434 0.292889 1.401823 1.242406 0.001570 0.000000
 0.704501 1.271434 0.292889 1.401823 1.242407 0.001570 0.000000
 0.705375 1.271434 0.292889 1.401823 1.242407 0.001570 0.000000
 0.706249 1.271434 0.292890 1.401823 1.242407 0.001570 0.000000
 0.707122 1.271434 0.292890 1.401823 1.242407 0.001570 0.000000
 0.707996 1.271434 0.292890 1.401824 1.242407 0.001570 0.000000
 0.708870 1.271434 0.292890 1.401824 1.242407 0.001570 0.000000
 0.709744 1.271435 0.292890 1.401824 1.242407 0.001570 0.000000
 0.710618 1.271435 0.292890 1.401824 1.242407 0.001570 0.000000
 0.711492 1.271435 0.292891 1.401825 1.242407 0.001570 0.000000
 0.712366 1.271435 0.292891 1.401825 1.242407 0.001570 0.000000
 0.713240 1.271435 0.292891 1.401825 1.242407 0.001570 0.000000
 0.714114 1.271435 0.292891 1.401825 1.242407 0.001570 0.000000
 0.714988 1.271436 0.292891 1.401826 1.242407 0.001570 0.000000
 0.715862 1.271436 0.292891 1.401826 1.242407 0.001570 0.000000
 0.716735 1.271436 0.292891 1.401826 1.242407 0.001570 0.000000
 0.717609 1.271436 0.292892 1.401826 1.242407 0.001570 0.000000
 0.718483 1.271436 0.292892 1.401827 1.242407 0.001570 0.000000
 0.719357 1.271437 0.292892 1.401827 1.242407 0.001570 0.000000
 0.720231 1.271437 0.292892 1.401827 1.242407 0.001570 0.000000
 0.721105 1.271437 0.292892 1.401828 1.242407 0.001570 0.000000
 0.721979 1.271437 0.292892 1.401828 1.242407 0.001570 0.000000
 0.722853 1.271437 0.292893 1.401828 1.242407 0.001570 0.000000
 0.723727 1.271437 0.292893 1.401828 1.242407 0.001570 0.000000
 0.724601 1.271438 0.292893 1.401829 1.242407 0.001570 0.000000
 0.725474 1.271438 0.292893 1.401829 1.242407 0.001570 0.000000
 0.726348 1.271438 0.292893 1.401829 1.242407 0.001570 0.000000
 0.727222 1.271438 0.292894 1.401830 1.242407 0.001570 0.000000
 0.728096 1.271438 0.292894 1.401830 1.242407 0.001570 0.000000
 0.728970 1.271439 0.292894 1.401830 1.242407 0.001570 0.000000
 0.729844 1.271439 0.292894 1.401830 1.242407 0.001570 0.000000
 0.730718 1.271439 0.292894 1.401831 1.242407 0.001570 0.000000
 0.731592 1.271439 0.292895 1.401831 1.242407 0.001570 0.000000
 0.732466 1.271439 0.292895 1.401831 1.242408 0.001570 0.000000
 0.733340 1.271440 0.292895 1.401832 1.242408 0.001570 0.000000
 0.734213 1.271440 0.292895 1.401832 1.242408 0.001570 0.000000
 0.735087 1.271440 0.292895 1.401832 1.242408 0.001570 0.000000
 0.735961 1.271440 0.292895 1.401833 1.242408 0.001570 0.000000
 0.736835 1.271440 0.292896 1.401833 1.242408 0.001570 0.000000
 0.737709 1.271441 0.292896 1.401833 1.242408 0.001570 0.000000
 0.738583 1.271441 0.292896 1.401834 1.242408 0.001570 0.000000
 0.739457 1.271441 0.292896 1.401834 1.242408 0.001570 0.000000
 0.740331 1.271441 0.292897 1.401834 1.242408 0.001570 0.000000
 0.741205 1.271441 0.292897 1.401835 1.242408 0.001570 0.000000
 0.742079 1.271442 0.292897 1.401835 1.242408 0.001570 0.000000
 0.742952 1.271442 0.292897 1.401835 1.242408 0.001570 0.000000
 0.743826 1.271442 0.292897 1.401836 1.242408 0.001570 0.000000
 0.744700 1.271442 0.292898 1.401836 1.242408 0.001570 0.000000
 0.745574 1.271443 0.292898 1.401836 1.242408 0.001570 0.000000
 0.746448 1.271443 0.292898 1.401837 1.242408 0.001570 0.000000
 0.747322 1.271443 0.292898 1.401837 1.242408 0.001570 0.000000
 0.748196 1.271443 0.292899 1.401837 1.242408 0.001570 0.000000
 0.749070 1.271444 0.292899 1.401838 1.242408 0.001570 0.000000
 0.749944 1.271444 0.292899 1.401838 1.242408 0.001570 0.000000
 0.750818 1.271444 0.292899 1.401838 1.242408 0.001570 0.000000
 0.751691 1.271444 0.292899 1.401839 1.242408 0.001570 0.000000
 0.752565 1.271445 0.292900 1.401839 1.242408 0.001570 0.000000
 0.753439 1.271445 0.292900 1.401840 1.242409 0.001570 0.000000
 0.754313 1.271445 0.292900 1.401840 1.242409 0.001570 0.000000
 0.755187 1.271445 0.292900 1.401840 1.242409 0.001570 0.000000
 0.756061 1.271446 0.292901 1.401841 1.242409 0.001570 0.000000
 0.756935 1.271446 0.292901 1.401841 1.242409 0.001570 0.000000
 0.757809 1.271446 0.292901 1.401842 1.242409 0.001570 0.000000
 0.758683 1.271446 0.292901 1.401842 1.242409 0.001570 0.000000
 0.759557 1.271447 0.292902 1.401842 1.242409 0.001570 0.000000
 0.760430 1.271447 0.292902 1.401843 1.242409 0.001570 0.000000
 0.761304 1.271447 0.292902 1.401843 1.242409 0.001570 0.000000
 0.762178 1.271448 0.292903 1.401844 1.242409 0.001570 0.000000
 0.763052 1.271448 0.292903 1.401844 1.242409 0.001570 0.000000
 0.763926 1.271448 0.292903 1.401845 1.242409 0.001570 0.000000
 0.764800 1.271448 0.292903 1.401845 1.242409 0.001570 0.000000
 0.765674 1.271449 0.292904 1.401845 1.242409 0.001570 0.000000
 0.766548 1.271449 0.292904 1.401846 1.242409 0.001570 0.000000
 0.767422 1.271449 0.292904 1.401846 1.242409 0.001570 0.000000
 0.768295 1.271450 0.292905 1.401847 1.242409 0.001570 0.000000
 0.769169 1.271450 0.292905 1.401847 1.242409 0.001570 0.000000
 0.770043 1.271450 0.292905 1.401848 1.242410 0.001570 0.000000
 0.770917 1.271451 0.292905 1.401848 1.242410 0.001570 0.000000
 0.771791 1.271451 0.292906 1.401849 1.242410 0.001570 0.000000
 0.772665 1.271451 0.292906 1.401849 1.242410 0.001570 0.000000
 0.773539 1.271451 0.292906 1.401850 1.242410 0.001570 0.000000
 0.774413 1.271452 0.292907 1.401850 1.242410 0.001570 0.000000
 0.775287 1.271452 0.292907 1.401851 1.242410 0.001570 0.000000
 0.776161 1.271452 0.292907 1.401851 1.242410 0.001570 0.000000
 0.777034 1.271453 0.292908 1.401852 1.242410 0.001570 0.000000
 0.777908 1.271453 0.292908 1.401852 1.242410 0.001570 0.000000
 0.778782 1.271454 0.292908 1.401853 1.242410 0.001570 0.000000
 0.779656 1.271454 0.292909 1.401853 1.242410 0.001570 0.000000
 0.780530 1.271454 0.292909 1.401854 1.242410 0.001570 0.000000
 0.781404 1.271455 0.292909 1.401854 1.242410 0.001570 0.000000
 0.782278 1.271455 0.292910 1.401855 1.242410 0.001570 0.000000
 0.783152 1.271455 0.292910 1.401856 1.242410 0.001570 0.000000
 0.784026 1.271456 0.292910 1.401856 1.242411 0.001570 0.000000
 0.784899 1.271456 0.292911 1.401857 1.242411 0.001570 0.000000
 0.785773 1.271456 0.292911 1.401857 1.242411 0.001570 0.000000
 0.786647 1.271457 0.292912 1.401858 1.242411 0.001570 0.000000
 0.787521 1.271457 0.292912 1.401859 1.242411 0.001570 0.000000
 0.788395 1.271458 0.292912 1.401859 1.242411 0.001570 0.000000
 0.789269 1.271458 0.292913 1.401860 1.242411 0.001570 0.000000
 0.790143 1.271458 0.292913 1.401860 1.242411 0.001570 0.000000
 0.791017 1.271459 0.292913 1.401861 1.242411 0.001570 0.000000
 0.791891 1.271459 0.292914 1.401862 1.242411 0.001570 0.000000
 0.792764 1.271460 0.292914 1.401862 1.242411 0.001570 0.000000
 0.793638 1.271460 0.292915 1.401863 1.242411 0.001570 0.000000
 0.794512 1.271461 0.292915 1.401864 1.242411 0.001570 0.000000
 0.795386 1.271461 0.292916 1.401864 1.242412 0.001570 0.000000
 0.796260 1.271461 0.292916 1.401865 1.242412 0.001570 0.000000
 0.797134 1.271462 0.292916 1.401866 1.242412 0.001570 0.000000
 0.798008 1.271462 0.292917 1.401866 1.242412 0.001570 0.000000
 0.798882 1.271463 0.292917 1.401867 1.242412 0.001570 0.000000
 0.799756 1.271463 0.292918 1.401868 1.242412 0.001570 0.000000
 0.800629 1.271464 0.292918 1.401869 1.242412 0.001570 0.000000
 0.801503 1.271464 0.292919 1.401869 1.242412 0.001570 0.000000
 0.802377 1.271465 0.292919 1.401870 1.242412 0.001570 0.000000
 0.803251 1.271465 0.292920 1.401871 1.242412 0.001570 0.000000
 0.804125 1.271466 0.292920 1.401872 1.242412 0.001570 0.000000
 0.804999 1.271466 0.292921 1.401872 1.242413 0.001570 0.000000
 0.805873 1.271467 0.292921 1.401873 1.242413 0.001570 0.000000
 0.806747 1.271467 0.292922 1.401874 1.242413 0.001570 0.000000
 0.807620 1.271468 0.292922 1.401875 1.242413 0.001570 0.000000
 0.808494 1.271468 0.292922 1.401875 1.242413 0.001570 0.000000
 0.809368 1.271469 0.292923 1.401876 1.242413 0.001570 0.000000
 0.810242 1.271469 0.292923 1.401876 1.242413 0.001570 0.000000
 0.811116 1.271469 0.292924 1.401877 1.242413 0.001570 0.000000
 0.811990 1.271469 0.292924 1.401877 1.242413 0.001570 0.000000
 0.812864 1.271470 0.292924 1.401877 1.242413 0.001570 0.000000
 0.813738 1.271469 0.292924 1.401877 1.242413 0.001570 0.000000
 0.814612 1.271469 0.292923 1.401876 1.242413 0.001570 0.000000
 0.815485 1.271468 0.292922 1.401875 1.242413 0.001570 0.000000
 0.816359 1.271466 0.292921 1.401872 1.242413 0.001570 0.000000
 0.817233 1.271464 0.292918 1.401868 1.242412 0.001570 0.000000
 0.818107 1.271460 0.292914 1.401862 1.242411 0.001570 0.000000
 0.818981 1.271454 0.292908 1.401853 1.242410 0.001570 0.000000
 0.819855 1.271445 0.292900 1.401839 1.242408 0.001570 0.000000
 0.820729 1.271432 0.292887 1.401819 1.242406 0.001570 0.000000
 0.821603 1.271412 0.292868 1.401789 1.242402 0.001570 0.000000
 0.822477 1.271384 0.292841 1.401746 1.242397 0.001570 0.000000
 0.823350 1.271344 0.292801 1.401683 1.242389 0.001570 0.000000
 0.824224 1.271285 0.292744 1.401593 1.242377 0.001570 0.000000
 0.825099 1.271200 0.292661 1.401462 1.242361 0.001570 0.000000
 0.825973 1.271078 0.292541 1.401273 1.242337 0.001570 0.000000
 0.826847 1.270902 0.292369 1.401001 1.242302 0.001570 0.000000
 0.827721 1.270648 0.292121 1.400609 1.242253 0.001570 0.000000
 0.828596 1.270282 0.291763 1.400045 1.242181 0.001570 0.000000
 0.829471 1.269758 0.291250 1.399235 1.242078 0.001569 0.000000
 0.830346 1.269004 0.290513 1.398073 1.241931 0.001569 0.000000
 0.831222 1.267926 0.289456 1.396410 1.241720 0.001569 0.000000
 0.832098 1.266386 0.287946 1.394034 1.241417 0.001569 0.000000
 0.832976 1.264194 0.285794 1.390656 1.240987 0.001567 0.000001
 0.833856 1.261091 0.282742 1.385877 1.240376 0.001565 0.000001
 0.834738 1.256732 0.278442 1.379170 1.239514 0.001561 0.000002
 0.835624 1.250672 0.272440 1.369856 1.238311 0.001552 0.000005
 0.836515 1.242369 0.264171 1.357118 1.236652 0.001535 0.000009
 0.837412 1.231219 0.252986 1.340055 1.234405 0.001505 0.000016
 0.838319 1.216649 0.238230 1.317837 1.231437 0.001451 0.000027
 0.839238 1.198288 0.219406 1.289962 1.227643 0.001362 0.000043
 0.840172 1.176198 0.196423 1.256622 1.223000 0.001226 0.000061
 0.841125 1.151102 0.169871 1.219021 1.217623 0.001040 0.000077
 0.842099 1.124455 0.141160 1.179433 1.211797 0.000816 0.000084
 0.843096 1.098201 0.112357 1.140796 1.205944 0.000584 0.000078
 0.844117 1.074273 0.085659 1.105922 1.200519 0.000378 0.000062
 0.845159 1.054045 0.062754 1.076710 1.195870 0.000221 0.000042
 0.846220 1.038059 0.044432 1.053811 1.192159 0.000119 0.000025
 0.847295 1.026116 0.030616 1.036814 1.189368 0.000059 0.000014
 0.848382 1.017577 0.020667 1.024723 1.187363 0.000028 0.000007
 0.849476 1.011668 0.013747 1.016386 1.185972 0.000013 0.000003
 0.850576 1.007671 0.009051 1.010761 1.185029 0.000006 0.000001
 0.851680 1.005011 0.005918 1.007024 1.184401 0.000002 0.000001
 0.852787 1.003259 0.003851 1.004566 1.183987 0.000001 0.000000
 0.853895 1.002114 0.002499 1.002961 1.183716 0.000000 0.000000
 0.855004 1.001368 0.001618 1.001916 1.183540 0.000000 0.000000
 0.856113 1.000885 0.001046 1.001239 1.183425 0.000000 0.000000
 0.857224 1.000571 0.000676 1.000800 1.183351 0.000000 0.000000
 0.858334 1.000369 0.000437 1.000517 1.183303 0.000000 0.000000
 0.859445 1.000238 0.000282 1.000334 1.183272 0.000000 0.000000
 0.860556 1.000154 0.000182 1.000215 1.183252 0.000000 0.000000
 0.861667 1.000099 0.000117 1.000139 1.183239 0.000000 0.000000
 0.862778 1.000064 0.000076 1.000090 1.183231 0.000000 0.000000
 0.863889 1.000041 0.000049 1.000058 1.183226 0.000000 0.000000
 0.865000 1.000027 0.000032 1.000037 1.183222 0.000000 0.000000
 0.866111 1.000017 0.000020 1.000024 1.183220 0.000000 0.000000
 0.867222 1.000011 0.000013 1.000016 1.183219 0.000000 0.000000
 0.868333 1.000007 0.000008 1.000010 1.183218 0.000000 0.000000
 0.869444 1.000005 0.000005 1.000006 1.183217 0.000000 0.000000
 0.870556 1.000003 0.000004 1.000004 1.183217 0.000000 0.000000
 0.871667 1.000002 0.000002 1.000003 1.183216 0.000000 0.000000
 0.872778 1.000001 0.000001 1.000002 1.183216 0.000000 0.000000
 0.873889 1.000001 0.000001 1.000001 1.183216 0.000000 0.000000
 0.875000 1.000001 0.000001 1.000001 1.183216 0.000000 0.000000
 0.876111 1.000000 0.000000 1.000000 1.183216 0.000000 0.000000
 0.877222 1.000000 0.000000 1.000000 1.183216 0.000000 0.000000
 0.878333 1.000000 0.000000 1.000000 1.183216 0.000000 0.000000
 0.879444 1.000000 0.000000 1.000000 1.183216 -0.000000 0.000000
 0.880556 1.000000 0.000000 1.000000 1.183216 -0.000000 0.000000
 0.881667 1.000000 0.000000 1.000000 1.183216 0.000000 0.000000
 0.882778 1.000000 0.000000 1.000000 1.183216 -0.000000 0.000000
 0.883889 1.000000 0.000000 1.000000 1.183216 -0.000000 0.000000
 0.885000 1.000000 0.000000 1.000000 1.183216 0.000000 0.000000
 0.886111 1.000000 0.000000 1.000000 1.183216 -0.000000 0.000000
 0.887222 1.000000 0.000000 1.000000 1.183216 0.000000 -0.000000
 0.888333 1.000000 0.000000 1.000000 1.183216 0.000000 0.000000
 0.889444 1.000000 0.000000 1.000000 1.183216 -0.000000 0.000000
 0.890556 1.000000 0.000000 1.000000 1.183216 0.000000 0.000000
 0.891667 1.000000 0.000000 1.000000 1.183216 -0.000000 0.000000
 0.892778 1.000000 0.000000 1.000000 1.183216 -0.000000 0.000000
 0.893889 1.000000 0.000000 1.000000 1.183216 0.000000 -0.000000
 0.895000 1.000000 0.000000 1.000000 1.183216 -0.000000 0.000000
 0.896111 1.000000 0.000000 1.000000 1.183216 0.000000 -0.000000
 0.897222 1.000000 0.000000 1.000000 1.183216 0.000000 0.000000
 0.898333 1.000000 0.000000 1.000000 1.183216 0.000000 0.000000
 0.899444 1.000000 0.000000 1.000000 1.183216 0.000000 -0.000000
 0.900556 1.000000 0.000000 1.000000 1.183216 -0.000000 0.000000
 0.901667 1.000000 0.000000 1.000000 1.183216 0.000000 0.000000
 0.902778 1.000000 0.000000 1.000000 1.183216 -0.000000 0.000000
 0.903889 1.000000 0.000000 1.000000 1.183216 -0.000000 0.000000
 0.905000 1.000000 0.000000 1.000000 1.183216 0.000000 0.000000
 0.906111 1.000000 0.000000 1.000000 1.183216 -0.000000 -0.000000
 0.907222 1.000000 0.000000 1.000000 1.183216 0.000000 0.000000
 0.908333 1.000000 0.000000 1.000000 1.183216 -0.000000 0.000000
 0.909444 1.000000 0.000000 1.000000 1.183216 -0.000000 -0.000000
 0.910556 1.000000 0.000000 1.000000 1.183216 0.000000 0.000000
 0.911667 1.000000 0.000000 1.000000 1.183216 0.000000 -0.000000
 0.912778 1.000000 0.000000 1.000000 1.183216 0.000000 0.000000
 0.913889 1.000000 0.000000 1.000000 1.183216 0.000000 0.000000
 0.915000 1.000000 0.000000 1.000000 1.183216 -0.000000 0.000000
 0.916111 1.000000 0.000000 1.000000 1.183216 0.000000 0.000000
 0.917222 1.000000 0.000000 1.000000 1.183216 0.000000 -0.000000
 0.918333 1.000000 0.000000 1.000000 1.183216 0.000000 0.000000
 0.919444 1.000000 0.000000 1.000000 1.183216 0.000000 -0.000000
 0.920556 1.000000 0.000000 1.000000 1.183216 -0.000000 -0.000000
 0.921667 1.000000 0.000000 1.000000 1.183216 -0.000000 0.000000
 0.922778 1.000000 0.000000 1.000000 1.183216 0.000000 0.000000
 0.923889 1.000000 0.000000 1.000000 1.183216 0.000000 0.000000
 0.925000 1.000000 0.000000 1.000000 1.183216 -0.000000 0.000000
 0.926111 1.000000 0.000000 1.000000 1.183216 0.000000 0.000000
 0.927222 1.000000 0.000000 1.000000 1.183216 0.000000 0.000000
 0.928333 1.000000 0.000000 1.000000 1.183216 0.000000 0.000000
 0.929444 1.000000 0.000000 1.000000 1.183216 0.000000 0.000000
 0.930556 1.000000 0.000000 1.000000 1.183216 0.000000 0.000000
 0.931667 1.000000 0.000000 1.000000 1.183216 0.000000 0.000000
 0.932778 1.000000 0.000000 1.000000 1.183216 0.000000 0.000000
 0.933889 1.000000 0.000000 1.000000 1.183216 0.000000 0.000000
 0.935000 1.000000 0.000000 1.000000 1.183216 0.000000 0.000000
 0.936111 1.000000 0.000000 1.000000 1.183216 0.000000 0.000000
 0.937222 1.000000 0.000000 1.000000 1.183216 0.000000 0.000000
 0.938333 1.000000 0.000000 1.000000 1.183216 0.000000 0.000000
 0.939444 1.000000 0.000000 1.000000 1.183216 0.000000 0.000000
 0.940556 1.000000 0.000000 1.000000 1.183216 0.000000 0.000000
 0.941667 1.000000 0.000000 1.000000 1.183216 0.000000 0.000000
 0.942778 1.000000 0.000000 1.000000 1.183216 0.000000 0.000000
 0.943889 1.000000 0.000000 1.000000 1.183216 0.000000 0.000000
 0.945000 1.000000 0.000000 1.000000 1.183216 0.000000 0.000000
 0.946111 1.000000 0.000000 1.000000 1.183216 0.000000 0.000000
 0.947222 1.000000 0.000000 1.000000 1.183216 0.000000 0.000000
 0.948333 1.000000 0.000000 1.000000 1.183216 0.000000 0.000000
 0.949444 1.000000 0.000000 1.000000 1.183216 0.000000 0.000000
 0.950556 1.000000 0.000000 1.000000 1.183216 0.000000 0.000000
 0.951667 1.000000 0.000000 1.000000 1.183216 0.000000 0.000000
 0.952778 1.000000 0.000000 1.000000 1.183216 0.000000 0.000000
 0.953889 1.000000 0.000000 1.000000 1.183216 0.000000 0.000000
 0.955000 1.000000 0.000000 1.000000 1.183216 0.000000 0.000000
 0.956111 1.000000 0.000000 1.000000 1.183216 0.000000 0.000000
 0.957222 1.000000 0.000000 1.000000 1.183216 0.000000 0.000000
 0.958333 1.000000 0.000000 1.000000 1.183216 0.000000 0.000000
 0.959444 1.000000 0.000000 1.000000 1.183216 0.000000 0.000000
 0.960556 1.000000 0.000000 1.000000 1.183216 0.000000 0.000000
 0.961667 1.000000 0.000000 1.000000 1.183216 0.000000 0.000000
 0.962778 1.000000 0.000000 1.000000 1.183216 0.000000 0.000000
 0.963889 1.000000 0.000000 1.000000 1.183216 0.000000 0.000000
 0.965000 1.000000 0.000000 1.000000 1.183216 0.000000 0.000000
 0.966111 1.000000 0.000000 1.000000 1.183216 0.000000 0.000000
 0.967222 1.000000 0.000000 1.000000 1.183216 0.000000 0.000000
 0.968333 1.000000 0.000000 1.000000 1.183216 0.000000 0.000000
 0.969444 1.000000 0.000000 1.000000 1.183216 0.000000 0.000000
 0.970556 1.000000 0.000000 1.000000 1.183216 0.000000 0.000000
 0.971667 1.000000 0.000000 1.000000 1.183216 0.000000 0.000000
 0.972778 1.000000 0.000000 1.000000 1.183216 0.000000 0.000000
 0.973889 1.000000 0.000000 1.000000 1.183216 0.000000 0.000000
 0.975000 1.000000 0.000000 1.000000 1.183216 0.000000 0.000000
 0.976111 1.000000 0.000000 1.000000 1.183216 0.000000 0.000000
 0.977222 1.000000 0.000000 1.000000 1.183216 0.000000 0.000000
 0.978333 1.000000 0.000000 1.000000 1.183216 0.000000 0.000000
 0.979444 1.000000 0.000000 1.000000 1.183216 0.000000 0.000000
 0.980556 1.000000 0.000000 1.000000 1.183216 0.000000 0.000000
 0.981667 1.000000 0.000000 1.000000 1.183216 0.000000 0.000000
 0.982778 1.000000 0.000000 1.000000 1.183216 0.000000 0.000000
 0.983889 1.000000 0.000000 1.000000 1.183216 0.000000 0.000000
 0.985000 1.000000 0.000000 1.000000 1.183216 0.000000 0.000000
 0.986111 1.000000 0.000000 1.000000 1.183216 0.000000 0.000000
 0.987222 1.000000 0.000000 1.000000 1.183216 0.000000 0.000000
 0.988333 1.000000 0.000000 1.000000 1.183216 0.000000 0.000000
 0.989444 1.000000 0.000000 1.000000 1.183216 0.000000 0.000000
 0.990556 1.000000 0.000000 1.000000 1.183216 0.000000 0.000000
 0.991667 1.000000 0.000000 1.000000 1.183216 0.000000 0.000000
 0.992778 1.000000 0.000000 1.000000 1.183216 0.000000 0.000000
 0.993889 1.000000 0.000000 1.000000 1.183216 0.000000 0.000000
 0.995000 1.000000 0.000000 1.000000 1.183216 0.000000 0.000000
 0.996111 1.000000 0.000000 1.000000 1.183216 0.000000 0.000000
 0.997222 1.000000 0.000000 1.000000 1.183216 0.000000 0.000000
 0.998333 1.000000 0.000000 1.000000 1.183216 0.000000 0.000000
 0.999444 1.000000 0.000000 1.000000 1.183216 0.000000 0.000000
