Timer: 0.209837
 0.000556 2.000000 0.000000 2.000000 1.183216 0.757858 0.000000
 0.001667 2.000000 0.000000 2.000000 1.183216 0.757858 0.000000
 0.002778 2.000000 0.000000 2.000000 1.183216 0.757858 0.000000
 0.003889 2.000000 0.000000 2.000000 1.183216 0.757858 0.000000
 0.005000 2.000000 0.000000 2.000000 1.183216 0.757858 0.000000
 0.006111 2.000000 0.000000 2.000000 1.183216 0.757858 0.000000
 0.007222 2.000000 0.000000 2.000000 1.183216 0.757858 0.000000
 0.008333 2.000000 0.000000 2.000000 1.183216 0.757858 0.000000
 0.009444 2.000000 0.000000 2.000000 1.183216 0.757858 0.000000
 0.010556 2.000000 0.000000 2.000000 1.183216 0.757858 0.000000
 0.011667 2.000000 0.000000 2.000000 1.183216 0.757858 0.000000
 0.012778 2.000000 0.000000 2.000000 1.183216 0.757858 0.000000
 0.013889 2.000000 0.000000 2.000000 1.183216 0.757858 0.000000
 0.015000 2.000000 0.000000 2.000000 1.183216 0.757858 0.000000
 0.016111 2.000000 0.000000 2.000000 1.183216 0.757858 0.000000
 0.017222 2.000000 0.000000 2.000000 1.183216 0.757858 0.000000
 0.018333 2.000000 0.000000 2.000000 1.183216 0.757858 0.000000
 0.019444 2.000000 0.000000 2.000000 1.183216 0.757858 0.000000
 0.020556 2.000000 0.000000 2.000000 1.183216 0.757858 0.000000
 0.021667 2.000000 0.000000 2.000000 1.183216 0.757858 0.000000
 0.022778 2.000000 0.000000 2.000000 1.183216 0.757858 0.000000
 0.023889 2.000000 0.000000 2.000000 1.183216 0.757858 0.000000
 0.025000 2.000000 0.000000 2.000000 1.183216 0.757858 0.000000
 0.026111 2.000000 0.000000 2.000000 1.183216 0.757858 0.000000
 0.027222 2.000000 0.000000 2.000000 1.183216 0.757858 0.000000
 0.028333 2.000000 0.000000 2.000000 1.183216 0.757858 0.000000
 0.029444 2.000000 0.000000 2.000000 1.183216 0.757858 0.000000
 0.030556 2.000000 0.000000 2.000000 1.183216 0.757858 0.000000
 0.031667 2.000000 0.000000 2.000000 1.183216 0.757858 0.000000
 0.032778 2.000000 0.000000 2.000000 1.183216 0.757858 0.000000
 0.033889 2.000000 0.000000 2.000000 1.183216 0.757858 0.000000
 0.035000 2.000000 0.000000 2.000000 1.183216 0.757858 0.000000
 0.036111 2.000000 0.000000 2.000000 1.183216 0.757858 0.000000
 0.037222 2.000000 0.000000 2.000000 1.183216 0.757858 0.000000
 0.038333 2.000000 0.000000 2.000000 1.183216 0.757858 0.000000
 0.039444 2.000000 0.000000 2.000000 1.183216 0.757858 0.000000
 0.040556 2.000000 0.000000 2.000000 1.183216 0.757858 0.000000
 0.041667 2.000000 0.000000 2.000000 1.183216 0.757858 0.000000
 0.042778 2.000000 0.000000 2.000000 1.183216 0.757858 0.000000
 0.043889 2.000000 0.000000 2.000000 1.183216 0.757858 0.000000
 0.045000 2.000000 0.000000 2.000000 1.183216 0.757858 0.000000
 0.046111 2.000000 0.000000 2.000000 1.183216 0.757858 0.000000
 0.047222 2.000000 0.000000 2.000000 1.183216 0.757858 0.000000
 0.048333 2.000000 0.000000 2.000000 1.183216 0.757858 0.000000
 0.049444 2.000000 0.000000 2.000000 1.183216 0.757858 0.000000
 0.050556 2.000000 0.000000 2.000000 1.183216 0.757858 0.000000
 0.051667 2.000000 0.000000 2.000000 1.183216 0.757858 0.000000
 0.052778 2.000000 0.000000 2.000000 1.183216 0.757858 0.000000
 0.053889 2.000000 0.000000 2.000000 1.183216 0.757858 0.000000
 0.055000 2.000000 0.000000 2.000000 1.183216 0.757858 0.000000
 0.056111 2.000000 0.000000 2.000000 1.183216 0.757858 0.000000
 0.057222 2.000000 0.000000 2.000000 1.183216 0.757858 0.000000
 0.058333 2.000000 0.000000 2.000000 1.183216 0.757858 0.000000
 0.059444 2.000000 0.000000 2.000000 1.183216 0.757858 0.000000
 0.060556 2.000000 0.000000 2.000000 1.183216 0.757858 0.000000
 0.061667 2.000000 0.000000 2.000000 1.183216 0.757858 0.000000
 0.062778 2.000000 0.000000 2.000000 1.183216 0.757858 0.000000
 0.063889 2.000000 0.000000 2.000000 1.183216 0.757858 0.000000
 0.065000 2.000000 0.000000 2.000000 1.183216 0.757858 0.000000
 0.066111 2.000000 0.000000 2.000000 1.183216 0.757858 0.000000
 0.067222 2.000000 0.000000 2.000000 1.183216 0.757858 0.000000
 0.068333 2.000000 0.000000 2.000000 1.183216 0.757858 0.000000
 0.069444 2.000000 0.000000 2.000000 1.183216 0.757858 0.000000
 0.070556 2.000000 0.000000 2.000000 1.183216 0.757858 0.000000
 0.071667 2.000000 0.000000 2.000000 1.183216 0.757858 0.000000
 0.072778 2.000000 0.000000 2.000000 1.183216 0.757858 0.000000
 0.073889 2.000000 0.000000 2.000000 1.183216 0.757858 0.000000
 0.075000 2.000000 0.000000 2.000000 1.183216 0.757858 0.000000
 0.076111 2.000000 0.000000 2.000000 1.183216 0.757858 0.000000
 0.077222 2.000000 0.000000 2.000000 1.183216 0.757858 0.000000
 0.078333 2.000000 0.000000 2.000000 1.183216 0.757858 0.000000
 0.079444 2.000000 0.000000 2.000000 1.183216 0.757858 0.000000
 0.080556 2.000000 0.000000 2.000000 1.183216 0.757858 0.000000
 0.081667 2.000000 0.000000 2.000000 1.183216 0.757858 0.000000
 0.082778 2.000000 0.000000 2.000000 1.183216 0.757858 0.000000
 0.083889 2.000000 0.000000 2.000000 1.183216 0.757858 0.000000
 0.085000 2.000000 0.000000 2.000000 1.183216 0.757858 0.000000
 0.086111 2.000000 0.000000 2.000000 1.183216 0.757858 0.000000
 0.087222 2.000000 0.000000 2.000000 1.183216 0.757858 0.000000
 0.088333 2.000000 0.000000 2.000000 1.183216 0.757858 0.000000
 0.089444 2.000000 0.000000 2.000000 1.183216 0.757858 0.000000
 0.090556 2.000000 0.000000 2.000000 1.183216 0.757858 0.000000
 0.091667 2.000000 0.000000 2.000000 1.183216 0.757858 0.000000
 0.092778 2.000000 0.000000 2.000000 1.183216 0.757858 0.000000
 0.093889 2.000000 0.000000 2.000000 1.183216 0.757858 0.000000
 0.095000 2.000000 0.000000 2.000000 1.183216 0.757858 0.000000
 0.096111 2.000000 0.000000 2.000000 1.183216 0.757858 0.000000
 0.097222 2.000000 0.000000 2.000000 1.183216 0.757858 0.000000
 0.098333 2.000000 0.000000 2.000000 1.183216 0.757858 0.000000
 0.099444 2.000000 0.000000 2.000000 1.183216 0.757858 0.000000
 0.100556 2.000000 0.000000 2.000000 1.183216 0.757858 0.000000
 0.101667 2.000000 0.000000 2.000000 1.183216 0.757858 0.000000
 0.102778 2.000000 0.000000 2.000000 1.183216 0.757858 0.000000
 0.103889 2.000000 0.000000 2.000000 1.183216 0.757858 0.000000
 0.105000 2.000000 0.000000 2.000000 1.183216 0.757858 0.000000
 0.106111 2.000000 0.000000 2.000000 1.183216 0.757858 0.000000
 0.107222 2.000000 0.000000 2.000000 1.183216 0.757858 0.000000
 0.108333 2.000000 0.000000 2.000000 1.183216 0.757858 0.000000
 0.109444 2.000000 0.000000 2.000000 1.183216 0.757858 0.000000
 0.110556 2.000000 0.000000 2.000000 1.183216 0.757858 0.000000
 0.111667 2.000000 0.000000 2.000000 1.183216 0.757858 0.000000
 0.112778 2.000000 0.000000 2.000000 1.183216 0.757858 0.000000
 0.113889 2.000000 0.000000 2.000000 1.183216 0.757858 0.000000
 0.115000 2.000000 0.000000 2.000000 1.183216 0.757858 0.000000
 0.116111 2.000000 0.000000 2.000000 1.183216 0.757858 0.000000
 0.117222 2.000000 0.000000 2.000000 1.183216 0.757858 0.000000
 0.118333 2.000000 0.000000 2.000000 1.183216 0.757858 0.000000
 0.119444 2.000000 0.000000 2.000000 1.183216 0.757858 0.000000
 0.120556 2.000000 0.000000 2.000000 1.183216 0.757858 0.000000
 0.121667 2.000000 0.000000 2.000000 1.183216 0.757858 0.000000
 0.122778 2.000000 0.000000 2.000000 1.183216 0.757858 0.000000
 0.123889 2.000000 0.000000 2.000000 1.183216 0.757858 0.000000
 0.125000 2.000000 0.000000 2.000000 1.183216 0.757858 0.000000
 0.126111 2.000000 0.000000 2.000000 1.183216 0.757858 0.000000
 0.127222 2.000000 0.000000 2.000000 1.183216 0.757858 0.000000
 0.128333 2.000000 0.000000 2.000000 1.183216 0.757858 0.000000
 0.129444 2.000000 0.000000 2.000000 1.183216 0.757858 0.000000
 0.130556 2.000000 0.000000 2.000000 1.183216 0.757858 0.000000
 0.131667 2.000000 0.000000 2.000000 1.183216 0.757858 0.000000
 0.132778 2.000000 0.000000 2.000000 1.183216 0.757858 0.000000
 0.133889 2.000000 0.000000 2.000000 1.183216 0.757858 0.000000
 0.135000 2.000000 0.000000 2.000000 1.183216 0.757858 0.000000
 0.136111 2.000000 0.000000 2.000000 1.183216 0.757858 0.000000
 0.137222 2.000000 0.000000 2.000000 1.183216 0.757858 0.000000
 0.138333 2.000000 0.000000 2.000000 1.183216 0.757858 0.000000
 0.139444 2.000000 0.000000 2.000000 1.183216 0.757858 0.000000
 0.140556 2.000000 0.000000 2.000000 1.183216 0.757858 0.000000
 0.141667 2.000000 0.000000 2.000000 1.183216 0.757858 0.000000
 0.142778 2.000000 0.000000 2.000000 1.183216 0.757858 0.000000
 0.143889 2.000000 0.000000 2.000000 1.183216 0.757858 0.000000
 0.145000 2.000000 0.000000 2.000000 1.183216 0.757858 0.000000
 0.146111 2.000000 0.000000 2.000000 1.183216 0.757858 0.000000
 0.147222 2.000000 0.000000 2.000000 1.183216 0.757858 0.000000
 0.148333 2.000000 0.000000 2.000000 1.183216 0.757858 0.000000
 0.149444 2.000000 0.000000 2.000000 1.183216 0.757858 0.000000
 0.150556 2.000000 0.000000 2.000000 1.183216 0.757858 0.000000
 0.151667 2.000000 0.000000 2.000000 1.183216 0.757858 0.000000
 0.152778 2.000000 0.000000 2.000000 1.183216 0.757858 0.000000
 0.153889 2.000000 0.000000 2.000000 1.183216 0.757858 0.000000
 0.155000 2.000000 0.000000 2.000000 1.183216 0.757858 0.000000
 0.156111 2.000000 0.000000 2.000000 1.183216 0.757858 0.000000
 0.157222 2.000000 0.000000 2.000000 1.183216 0.757858 0.000000
 0.158333 2.000000 0.000000 2.000000 1.183216 0.757858 0.000000
 0.159444 2.000000 0.000000 2.000000 1.183216 0.757858 0.000000
 0.160556 2.000000 0.000000 2.000000 1.183216 0.757858 0.000000
 0.161667 2.000000 0.000000 2.000000 1.183216 0.757858 0.000000
 0.162778 2.000000 0.000000 2.000000 1.183216 0.757858 0.000000
 0.163889 2.000000 0.000000 2.000000 1.183216 0.757858 0.000000
 0.165000 2.000000 0.000000 2.000000 1.183216 0.757858 0.000000
 0.166111 2.000000 0.000000 2.000000 1.183216 0.757858 0.000000
 0.167222 2.000000 0.000000 2.000000 1.183216 0.757858 0.000000
 0.168333 2.000000 0.000000 2.000000 1.183216 0.757858 0.000000
 0.169444 2.000000 0.000000 2.000000 1.183216 0.757858 0.000000
 0.170556 2.000000 0.000000 2.000000 1.183216 0.757858 0.000000
 0.171667 2.000000 0.000000 2.000000 1.183216 0.757858 0.000000
 0.172778 2.000000 0.000000 2.000000 1.183216 0.757858 0.000000
 0.173889 2.000000 0.000000 2.000000 1.183216 0.757858 0.000000
 0.175000 2.000000 0.000000 2.000000 1.183216 0.757858 0.000000
 0.176111 2.000000 0.000000 2.000000 1.183216 0.757858 0.000000
 0.177222 2.000000 0.000000 2.000000 1.183216 0.757858 0.000000
 0.178333 2.000000 0.000000 2.000000 1.183216 0.757858 0.000000
 0.179444 2.000000 0.000000 2.000000 1.183216 0.757858 0.000000
 0.180556 2.000000 0.000000 2.000000 1.183216 0.757858 0.000000
 0.181667 2.000000 0.000000 2.000000 1.183216 0.757858 0.000000
 0.182778 2.000000 0.000000 2.000000 1.183216 0.757858 0.000000
 0.183889 2.000000 0.000000 2.000000 1.183216 0.757858 0.000000
 0.185000 2.000000 0.000000 2.000000 1.183216 0.757858 0.000000
 0.186111 2.000000 0.000000 2.000000 1.183216 0.757858 0.000000
 0.187222 2.000000 0.000000 1.999999 1.183216 0.757858 0.000000
 0.188333 1.999999 0.000000 1.999999 1.183216 0.757858 0.000000
 0.189444 1.999999 0.000001 1.999999 1.183216 0.757858 0.000000
 0.190556 1.999999 0.000001 1.999998 1.183216 0.757858 0.000000
 0.191667 1.999998 0.000001 1.999997 1.183216 0.757858 0.000000
 0.192778 1.999997 0.000002 1.999996 1.183216 0.757858 0.000000
 0.193889 1.999996 0.000002 1.999995 1.183216 0.757858 0.000000
 0.195000 1.999995 0.000003 1.999993 1.183215 0.757858 0.000000
 0.196111 1.999993 0.000004 1.999990 1.183215 0.757858 0.000000
 0.197222 1.999990 0.000006 1.999987 1.183215 0.757858 0.000000
 0.198333 1.999987 0.000008 1.999982 1.183214 0.757858 0.000000
 0.199444 1.999982 0.000010 1.999975 1.183214 0.757858 0.000000
 0.200556 1.999976 0.000014 1.999967 1.183213 0.757858 0.000000
 0.201667 1.999968 0.000019 1.999956 1.183212 0.757858 0.000000
 0.202778 1.999958 0.000025 1.999941 1.183211 0.757858 0.000000
 0.203889 1.999944 0.000033 1.999922 1.183209 0.757858 0.000000
 0.205000 1.999927 0.000043 1.999897 1.183207 0.757858 0.000000
 0.206111 1.999904 0.000057 1.999866 1.183205 0.757858 0.000000
 0.207222 1.999876 0.000074 1.999826 1.183201 0.757858 0.000000
 0.208333 1.999839 0.000095 1.999775 1.183197 0.757858 0.000000
 0.209444 1.999794 0.000122 1.999711 1.183192 0.757858 0.000000
 0.210556 1.999736 0.000156 1.999631 1.183185 0.757858 0.000000
 0.211667 1.999665 0.000198 1.999532 1.183176 0.757858 0.000000
 0.212778 1.999578 0.000250 1.999409 1.183166 0.757858 0.000000
 0.213889 1.999470 0.000314 1.999258 1.183153 0.757858 0.000000
 0.215000 1.999339 0.000391 1.999074 1.183138 0.757858 0.000000
 0.216111 1.999180 0.000485 1.998852 1.183119 0.757858 0.000000
 0.217222 1.998988 0.000599 1.998584 1.183096 0.757858 0.000000
 0.218333 1.998760 0.000734 1.998264 1.183069 0.757858 0.000000
 0.219444 1.998487 0.000895 1.997883 1.183037 0.757858 0.000000
 0.220556 1.998166 0.001085 1.997433 1.182999 0.757858 0.000000
 0.221667 1.997789 0.001309 1.996905 1.182954 0.757858 0.000000
 0.222778 1.997349 0.001569 1.996289 1.182902 0.757858 0.000000
 0.223889 1.996839 0.001871 1.995576 1.182842 0.757858 0.000000
 0.225000 1.996251 0.002219 1.994754 1.182772 0.757858 0.000000
 0.226111 1.995578 0.002618 1.993812 1.182692 0.757858 0.000000
 0.227222 1.994812 0.003072 1.992741 1.182602 0.757858 0.000000
 0.228333 1.993945 0.003586 1.991529 1.182499 0.757859 0.000000
 0.229444 1.992970 0.004165 1.990165 1.182383 0.757859 0.000000
 0.230556 1.991878 0.004812 1.988640 1.182254 0.757859 0.000000
 0.231667 1.990664 0.005533 1.986943 1.182110 0.757859 0.000000
 0.232778 1.989320 0.006331 1.985066 1.181950 0.757859 0.000000
 0.233889 1.987841 0.007210 1.983000 1.181774 0.757859 0.000000
 0.235000 1.986221 0.008173 1.980739 1.181582 0.757859 0.000000
 0.236111 1.984455 0.009224 1.978274 1.181372 0.757860 0.000000
 0.237222 1.982540 0.010364 1.975603 1.181144 0.757860 0.000000
 0.238333 1.980472 0.011596 1.972720 1.180898 0.757860 0.000000
 0.239444 1.978250 0.012921 1.969622 1.180633 0.757861 0.000000
 0.240556 1.975871 0.014341 1.966308 1.180349 0.757861 0.000000
 0.241667 1.973335 0.015856 1.962777 1.180046 0.757862 0.000000
 0.242778 1.970643 0.017466 1.959030 1.179725 0.757862 0.000000
 0.243889 1.967794 0.019172 1.955069 1.179384 0.757863 0.000000
 0.245000 1.964792 0.020971 1.950896 1.179024 0.757863 0.000000
 0.246111 1.961638 0.022864 1.946515 1.178646 0.757864 0.000000
 0.247222 1.958334 0.024849 1.941930 1.178250 0.757865 0.000000
 0.248333 1.954886 0.026925 1.937146 1.177835 0.757866 0.000000
 0.249444 1.951295 0.029088 1.932170 1.177403 0.757867 0.000000
 0.250556 1.947568 0.031338 1.927007 1.176954 0.757868 0.000000
 0.251667 1.943707 0.033671 1.921664 1.176488 0.757869 0.000000
 0.252778 1.939719 0.036085 1.916149 1.176005 0.757871 0.000000
 0.253889 1.935608 0.038578 1.910470 1.175508 0.757872 0.000000
 0.255000 1.931379 0.041146 1.904633 1.174995 0.757873 0.000000
 0.256111 1.927039 0.043788 1.898646 1.174467 0.757875 0.000000
 0.257222 1.922591 0.046499 1.892518 1.173926 0.757877 0.000000
 0.258333 1.918042 0.049277 1.886257 1.173371 0.757878 0.000000
 0.259444 1.913397 0.052119 1.879869 1.172803 0.757880 0.000000
 0.260556 1.908661 0.055022 1.873363 1.172224 0.757882 0.000000
 0.261667 1.903840 0.057983 1.866746 1.171632 0.757884 0.000000
 0.262778 1.898938 0.061000 1.860026 1.171030 0.757886 0.000000
 0.263889 1.893962 0.064070 1.853210 1.170417 0.757888 0.000000
 0.265000 1.888914 0.067189 1.846305 1.169794 0.757890 0.000000
 0.266111 1.883802 0.070356 1.839317 1.169162 0.757892 0.000000
 0.267222 1.878628 0.073568 1.832254 1.168521 0.757894 0.000000
 0.268333 1.873397 0.076822 1.825122 1.167871 0.757897 0.000000
 0.269444 1.868114 0.080115 1.817926 1.167214 0.757899 0.000000
 0.270556 1.862783 0.083447 1.810673 1.166549 0.757902 0.000000
 0.271667 1.857408 0.086814 1.803368 1.165877 0.757904 0.000000
 0.272778 1.851992 0.090214 1.796017 1.165198 0.757907 0.000000
 0.273889 1.846539 0.093645 1.788625 1.164513 0.757909 0.000000
 0.275000 1.841054 0.097105 1.781197 1.163823 0.757912 0.000000
 0.276111 1.835538 0.100592 1.773737 1.163126 0.757915 0.000000
 0.277222 1.829996 0.104104 1.766251 1.162425 0.757918 0.000000
 0.278333 1.824431 0.107640 1.758742 1.161720 0.757920 0.000000
 0.279444 1.818845 0.111197 1.751214 1.161010 0.757923 0.000000
 0.280556 1.813242 0.114774 1.743673 1.160296 0.757926 0.000000
 0.281667 1.807624 0.118370 1.736121 1.159578 0.757929 0.000000
 0.282778 1.801994 0.121982 1.728562 1.158857 0.757932 0.000000
 0.283889 1.796355 0.125609 1.721001 1.158133 0.757935 0.000000
 0.285000 1.790709 0.129249 1.713440 1.157407 0.757938 0.000000
 0.286111 1.785059 0.132902 1.705883 1.156678 0.757941 0.000000
 0.287222 1.779407 0.136565 1.698333 1.155947 0.757944 0.000000
 0.288333 1.773756 0.140236 1.690793 1.155214 0.757947 0.000000
 0.289444 1.768108 0.143915 1.683267 1.154479 0.757951 0.000000
 0.290556 1.762465 0.147601 1.675758 1.153744 0.757954 0.000000
 0.291667 1.756829 0.151290 1.668269 1.153008 0.757957 0.000000
 0.292778 1.751204 0.154983 1.660802 1.152271 0.757960 0.000000
 0.293889 1.745591 0.158677 1.653361 1.151534 0.757963 0.000000
 0.295000 1.739992 0.162370 1.645948 1.150796 0.757966 0.000000
 0.296111 1.734410 0.166063 1.638567 1.150059 0.757970 0.000000
 0.297222 1.728847 0.169752 1.631221 1.149323 0.757973 0.000000
 0.298333 1.723306 0.173436 1.623913 1.148588 0.757976 0.000000
 0.299444 1.717788 0.177114 1.616646 1.147854 0.757979 0.000000
 0.300556 1.712297 0.180784 1.609423 1.147122 0.757983 0.000000
 0.301667 1.706835 0.184443 1.602247 1.146391 0.757986 0.000000
 0.302778 1.701405 0.188091 1.595121 1.145663 0.757989 0.000000
 0.303889 1.696009 0.191725 1.588050 1.144938 0.757992 0.000000
 0.305000 1.690650 0.195343 1.581036 1.144216 0.757995 0.000000
 0.306111 1.685332 0.198943 1.574084 1.143498 0.757998 0.000000
 0.307222 1.680056 0.202522 1.567196 1.142783 0.758002 0.000000
 0.308333 1.674827 0.206080 1.560378 1.142073 0.758005 0.000000
 0.309444 1.669648 0.209612 1.553633 1.141368 0.758008 0.000000
 0.310556 1.664522 0.213116 1.546966 1.140669 0.758011 0.000000
 0.311667 1.659453 0.216590 1.540381 1.139976 0.758014 0.000000
 0.312778 1.654446 0.220030 1.533883 1.139289 0.758017 0.000000
 0.313889 1.649503 0.223434 1.527478 1.138610 0.758020 0.000000
 0.315000 1.644630 0.226798 1.521169 1.137938 0.758023 0.000000
 0.316111 1.639830 0.230119 1.514964 1.137276 0.758025 0.000000
 0.317222 1.635110 0.233393 1.508867 1.136622 0.758028 0.000000
 0.318333 1.630473 0.236616 1.502886 1.135979 0.758031 0.000000
 0.319444 1.625925 0.239785 1.497025 1.135346 0.758034 0.000000
 0.320556 1.621471 0.242895 1.491292 1.134726 0.758036 0.000000
 0.321667 1.617117 0.245942 1.485694 1.134117 0.758039 0.000000
 0.322778 1.612868 0.248921 1.480237 1.133523 0.758041 0.000000
 0.323889 1.608731 0.251828 1.474929 1.132942 0.758044 0.000000
 0.325000 1.604712 0.254659 1.469776 1.132377 0.758046 0.000000
 0.326111 1.600816 0.257408 1.464787 1.131829 0.758048 0.000000
 0.327222 1.597049 0.260070 1.459969 1.131297 0.758050 0.000000
 0.328333 1.593419 0.262642 1.455328 1.130784 0.758052 0.000000
 0.329444 1.589930 0.265117 1.450873 1.130290 0.758054 0.000000
 0.330556 1.586588 0.267493 1.446609 1.129815 0.758056 0.000000
 0.331667 1.583399 0.269763 1.442543 1.129362 0.758058 0.000000
 0.332778 1.580367 0.271925 1.438680 1.128931 0.758059 0.000000
 0.333889 1.577496 0.273975 1.435026 1.128521 0.758061 0.000000
 0.335000 1.574791 0.275910 1.431585 1.128135 0.758063 0.000000
 0.336111 1.572254 0.277726 1.428360 1.127773 0.758064 0.000000
 0.337222 1.569887 0.279424 1.425352 1.127434 0.758065 0.000000
 0.338333 1.567690 0.281001 1.422563 1.127119 0.758067 0.000000
 0.339444 1.565663 0.282457 1.419991 1.126828 0.758068 0.000000
 0.340556 1.563804 0.283794 1.417634 1.126561 0.758069 0.000000
 0.341667 1.562111 0.285013 1.415488 1.126318 0.758070 0.000000
 0.342778 1.560579 0.286116 1.413547 1.126098 0.758071 0.000000
 0.343889 1.559203 0.287108 1.411805 1.125900 0.758072 0.000000
 0.345000 1.557977 0.287993 1.410252 1.125724 0.758073 0.000000
 0.346111 1.556892 0.288775 1.408880 1.125568 0.758074 0.000000
 0.347222 1.555941 0.289462 1.407676 1.125431 0.758075 0.000000
 0.348333 1.555113 0.290060 1.406630 1.125312 0.758076 0.000000
 0.349444 1.554400 0.290575 1.405728 1.125209 0.758077 0.000000
 0.350556 1.553790 0.291015 1.404958 1.125122 0.758078 0.000000
 0.351667 1.553274 0.291388 1.404307 1.125048 0.758079 0.000000
 0.352778 1.552842 0.291700 1.403761 1.124986 0.758080 0.000000
 0.353889 1.552482 0.291959 1.403308 1.124934 0.758081 0.000000
 0.355000 1.552187 0.292172 1.402936 1.124892 0.758082 0.000000
 0.356111 1.551947 0.292345 1.402634 1.124858 0.758083 0.000000
 0.357222 1.551753 0.292484 1.402391 1.124831 0.758084 0.000000
 0.358333 1.551599 0.292595 1.402198 1.124809 0.758085 0.000000
 0.359444 1.551478 0.292682 1.402046 1.124792 0.758086 0.000000
 0.360556 1.551383 0.292749 1.401929 1.124779 0.758087 0.000000
 0.361667 1.551311 0.292801 1.401838 1.124770 0.758088 0.000000
 0.362778 1.551255 0.292840 1.401770 1.124762 0.758089 0.000000
 0.363889 1.551214 0.292869 1.401720 1.124757 0.758090 0.000000
 0.365000 1.551183 0.292890 1.401683 1.124754 0.758091 0.000000
 0.366111 1.551161 0.292905 1.401657 1.124751 0.758092 0.000000
 0.367222 1.551145 0.292915 1.401639 1.124750 0.758093 0.000000
 0.368333 1.551134 0.292922 1.401626 1.124749 0.758094 0.000000
 0.369444 1.551126 0.292926 1.401619 1.124748 0.758095 0.000000
 0.370556 1.551121 0.292929 1.401614 1.124748 0.758096 0.000000
 0.371667 1.551118 0.292930 1.401612 1.124749 0.758098 0.000000
 0.372778 1.551116 0.292930 1.401612 1.124749 0.758099 0.000000
 0.373889 1.551115 0.292929 1.401613 1.124750 0.758100 0.000000
 0.375000 1.551115 0.292928 1.401614 1.124751 0.758101 0.000000
 0.376111 1.551115 0.292927 1.401616 1.124752 0.758102 0.000000
 0.377222 1.551115 0.292926 1.401619 1.124753 0.758103 0.000000
 0.378333 1.551115 0.292924 1.401621 1.124753 0.758104 0.000000
 0.379444 1.551115 0.292922 1.401624 1.124754 0.758106 0.000000
 0.380556 1.551116 0.292921 1.401627 1.124755 0.758107 0.000000
 0.381667 1.551116 0.292919 1.401629 1.124756 0.758108 0.000000
 0.382778 1.551116 0.292918 1.401632 1.124757 0.758109 0.000000
 0.383889 1.551117 0.292916 1.401634 1.124758 0.758111 0.000000
 0.385000 1.551117 0.292915 1.401637 1.124759 0.758112 0.000000
 0.386111 1.551117 0.292913 1.401639 1.124760 0.758113 0.000000
 0.387222 1.551117 0.292912 1.401641 1.124761 0.758114 0.000000
 0.388333 1.551117 0.292910 1.401644 1.124762 0.758116 0.000000
 0.389444 1.551116 0.292909 1.401646 1.124763 0.758117 0.000000
 0.390556 1.551116 0.292908 1.401648 1.124764 0.758118 0.000000
 0.391667 1.551116 0.292906 1.401650 1.124765 0.758120 0.000000
 0.392778 1.551115 0.292905 1.401652 1.124766 0.758121 0.000000
 0.393889 1.551115 0.292904 1.401654 1.124767 0.758122 0.000000
 0.395000 1.551114 0.292903 1.401656 1.124768 0.758124 0.000000
 0.396111 1.551114 0.292902 1.401658 1.124769 0.758125 0.000000
 0.397222 1.551113 0.292901 1.401659 1.124769 0.758126 0.000000
 0.398333 1.551112 0.292900 1.401661 1.124770 0.758128 0.000000
 0.399444 1.551111 0.292899 1.401663 1.124771 0.758129 0.000000
 0.400556 1.551111 0.292898 1.401664 1.124772 0.758131 0.000000
 0.401667 1.551110 0.292897 1.401666 1.124773 0.758132 0.000000
 0.402778 1.551109 0.292896 1.401667 1.124774 0.758134 0.000000
 0.403889 1.551108 0.292895 1.401669 1.124775 0.758135 0.000000
 0.405000 1.551106 0.292894 1.401670 1.124776 0.758137 0.000000
 0.406111 1.551105 0.292893 1.401672 1.124777 0.758138 0.000000
 0.407222 1.551104 0.292892 1.401673 1.124778 0.758140 0.000000
 0.408333 1.551103 0.292891 1.401674 1.124779 0.758141 0.000000
 0.409444 1.551101 0.292890 1.401675 1.124780 0.758143 0.000000
 0.410556 1.551100 0.292890 1.401677 1.124781 0.758145 0.000000
 0.411667 1.551099 0.292889 1.401678 1.124782 0.758146 0.000000
 0.412778 1.551097 0.292888 1.401679 1.124783 0.758148 0.000000
 0.413889 1.551096 0.292887 1.401680 1.124784 0.758150 0.000000
 0.415000 1.551094 0.292887 1.401681 1.124785 0.758151 0.000000
 0.416111 1.551092 0.292886 1.401682 1.124786 0.758153 0.000000
 0.417222 1.551091 0.292885 1.401683 1.124787 0.758155 0.000000
 0.418333 1.551089 0.292884 1.401685 1.124788 0.758157 0.000000
 0.419444 1.551087 0.292884 1.401686 1.124789 0.758158 0.000000
 0.420556 1.551085 0.292883 1.401687 1.124791 0.758160 0.000000
 0.421667 1.551083 0.292882 1.401687 1.124792 0.758162 0.000000
 0.422778 1.551081 0.292882 1.401688 1.124793 0.758164 0.000000
 0.423889 1.551079 0.292881 1.401689 1.124794 0.758166 0.000000
 0.425000 1.551077 0.292881 1.401690 1.124795 0.758168 0.000000
 0.426111 1.551075 0.292880 1.401691 1.124796 0.758170 0.000000
 0.427222 1.551073 0.292879 1.401692 1.124797 0.758172 0.000000
 0.428333 1.551070 0.292879 1.401693 1.124798 0.758174 0.000000
 0.429444 1.551068 0.292878 1.401694 1.124800 0.758176 0.000000
 0.430556 1.551066 0.292878 1.401694 1.124801 0.758178 0.000000
 0.431667 1.551063 0.292877 1.401695 1.124802 0.758180 0.000000
 0.432778 1.551061 0.292877 1.401696 1.124803 0.758182 0.000000
 0.433889 1.551058 0.292876 1.401697 1.124804 0.758184 0.000000
 0.435000 1.551055 0.292875 1.401697 1.124806 0.758186 0.000000
 0.436111 1.551053 0.292875 1.401698 1.124807 0.758189 0.000000
 0.437222 1.551050 0.292874 1.401699 1.124808 0.758191 0.000000
 0.438333 1.551047 0.292874 1.401699 1.124809 0.758193 0.000000
 0.439444 1.551044 0.292873 1.401700 1.124811 0.758196 0.000000
 0.440556 1.551041 0.292873 1.401701 1.124812 0.758198 0.000000
 0.441667 1.551038 0.292872 1.401701 1.124813 0.758200 0.000000
 0.442778 1.551035 0.292872 1.401702 1.124815 0.758203 0.000000
 0.443889 1.551032 0.292872 1.401703 1.124816 0.758205 0.000000
 0.445000 1.551029 0.292871 1.401703 1.124818 0.758208 0.000000
 0.446111 1.551026 0.292871 1.401704 1.124819 0.758210 0.000000
 0.447222 1.551022 0.292870 1.401704 1.124820 0.758213 0.000000
 0.448333 1.551019 0.292870 1.401705 1.124822 0.758216 0.000000
 0.449444 1.551015 0.292869 1.401705 1.124823 0.758218 0.000000
 0.450556 1.551012 0.292869 1.401706 1.124825 0.758221 0.000000
 0.451667 1.551008 0.292869 1.401706 1.124826 0.758224 0.000000
 0.452778 1.551004 0.292868 1.401707 1.124828 0.758227 0.000000
 0.453889 1.551001 0.292868 1.401707 1.124830 0.758229 0.000000
 0.455000 1.550997 0.292867 1.401708 1.124831 0.758232 0.000000
 0.456111 1.550993 0.292867 1.401708 1.124833 0.758235 0.000000
 0.457222 1.550989 0.292867 1.401709 1.124834 0.758238 0.000000
 0.458333 1.550985 0.292866 1.401709 1.124836 0.758241 0.000000
 0.459444 1.550980 0.292866 1.401710 1.124838 0.758245 0.000000
 0.460556 1.550976 0.292865 1.401710 1.124840 0.758248 0.000000
 0.461667 1.550972 0.292865 1.401711 1.124841 0.758251 0.000000
 0.462778 1.550967 0.292865 1.401711 1.124843 0.758254 0.000000
 0.463889 1.550963 0.292864 1.401711 1.124845 0.758258 0.000000
 0.465000 1.550958 0.292864 1.401712 1.124847 0.758261 0.000000
 0.466111 1.550953 0.292864 1.401712 1.124849 0.758265 0.000000
 0.467222 1.550948 0.292863 1.401713 1.124851 0.758268 0.000000
 0.468333 1.550943 0.292863 1.401713 1.124853 0.758272 0.000000
 0.469444 1.550938 0.292863 1.401713 1.124855 0.758276 0.000000
 0.470556 1.550933 0.292862 1.401714 1.124857 0.758279 0.000000
 0.471667 1.550927 0.292862 1.401714 1.124859 0.758283 0.000000
 0.472778 1.550922 0.292862 1.401714 1.124861 0.758287 0.000000
 0.473889 1.550916 0.292861 1.401715 1.124863 0.758291 0.000000
 0.475000 1.550910 0.292861 1.401715 1.124865 0.758295 0.000000
 0.476111 1.550904 0.292861 1.401715 1.124868 0.758300 0.000000
 0.477222 1.550898 0.292860 1.401716 1.124870 0.758304 0.000000
 0.478333 1.550892 0.292860 1.401716 1.124872 0.758308 0.000000
 0.479444 1.550886 0.292860 1.401716 1.124875 0.758313 0.000000
 0.480556 1.550879 0.292860 1.401716 1.124877 0.758317 0.000000
 0.481667 1.550873 0.292859 1.401717 1.124880 0.758322 0.000000
 0.482778 1.550866 0.292859 1.401717 1.124882 0.758327 0.000000
 0.483889 1.550859 0.292859 1.401717 1.124885 0.758332 0.000000
 0.485000 1.550852 0.292858 1.401718 1.124888 0.758337 0.000000
 0.486111 1.550844 0.292858 1.401718 1.124890 0.758342 0.000000
 0.487222 1.550837 0.292858 1.401718 1.124893 0.758347 0.000000
 0.488333 1.550829 0.292858 1.401718 1.124896 0.758353 0.000000
 0.489444 1.550821 0.292857 1.401718 1.124899 0.758358 0.000000
 0.490556 1.550813 0.292857 1.401719 1.124902 0.758364 0.000000
 0.491667 1.550804 0.292857 1.401719 1.124905 0.758370 0.000000
 0.492778 1.550796 0.292856 1.401719 1.124909 0.758376 0.000000
 0.493889 1.550787 0.292856 1.401719 1.124912 0.758382 0.000000
 0.495000 1.550777 0.292856 1.401720 1.124915 0.758389 0.000000
 0.496111 1.550768 0.292856 1.401720 1.124919 0.758395 0.000000
 0.497222 1.550758 0.292855 1.401720 1.124922 0.758402 0.000000
 0.498333 1.550748 0.292855 1.401720 1.124926 0.758409 0.000000
 0.499444 1.550738 0.292855 1.401720 1.124930 0.758416 0.000000
 0.500556 1.550727 0.292855 1.401720 1.124934 0.758424 0.000000
 0.501667 1.550716 0.292854 1.401721 1.124938 0.758431 0.000000
 0.502778 1.550705 0.292854 1.401721 1.124942 0.758439 0.000000
 0.503889 1.550693 0.292854 1.401721 1.124947 0.758447 0.000000
 0.505000 1.550681 0.292854 1.401721 1.124951 0.758456 0.000000
 0.506111 1.550668 0.292853 1.401721 1.124956 0.758464 0.000000
 0.507222 1.550655 0.292853 1.401721 1.124960 0.758473 0.000000
 0.508333 1.550642 0.292853 1.401722 1.124965 0.758483 0.000000
 0.509444 1.550628 0.292853 1.401722 1.124970 0.758492 0.000000
 0.510556 1.550613 0.292852 1.401722 1.124976 0.758502 0.000000
 0.511667 1.550598 0.292852 1.401722 1.124981 0.758513 0.000000
 0.512778 1.550583 0.292852 1.401722 1.124987 0.758523 0.000000
 0.513889 1.550566 0.292852 1.401722 1.124993 0.758535 0.000000
 0.515000 1.550549 0.292852 1.401722 1.124999 0.758546 0.000000
 0.516111 1.550532 0.292851 1.401722 1.125006 0.758559 0.000000
 0.517222 1.550513 0.292851 1.401723 1.125012 0.758571 0.000000
 0.518333 1.550494 0.292851 1.401723 1.125020 0.758585 0.000000
 0.519444 1.550473 0.292851 1.401723 1.125027 0.758599 0.000000
 0.520556 1.550452 0.292850 1.401723 1.125035 0.758613 0.000000
 0.521667 1.550430 0.292850 1.401723 1.125043 0.758629 0.000000
 0.522778 1.550406 0.292850 1.401723 1.125051 0.758645 0.000000
 0.523889 1.550382 0.292850 1.401723 1.125060 0.758662 0.000000
 0.525000 1.550355 0.292850 1.401723 1.125070 0.758680 0.000000
 0.526111 1.550328 0.292849 1.401723 1.125080 0.758699 0.000000
 0.527222 1.550298 0.292849 1.401723 1.125091 0.758719 0.000000
 0.528333 1.550266 0.292849 1.401723 1.125102 0.758741 0.000000
 0.529444 1.550232 0.292849 1.401723 1.125115 0.758764 0.000000
 0.530556 1.550195 0.292849 1.401723 1.125128 0.758790 0.000000
 0.531667 1.550153 0.292848 1.401723 1.125144 0.758819 0.000000
 0.532778 1.550104 0.292848 1.401724 1.125161 0.758852 0.000000
 0.533889 1.550046 0.292848 1.401724 1.125182 0.758892 0.000000
 0.535000 1.549973 0.292848 1.401724 1.125209 0.758942 0.000000
 0.536111 1.549876 0.292847 1.401724 1.125244 0.759008 0.000000
 0.537222 1.549743 0.292847 1.401724 1.125292 0.759100 0.000000
 0.538333 1.549554 0.292847 1.401724 1.125361 0.759229 0.000000
 0.539444 1.549281 0.292847 1.401724 1.125460 0.759417 0.000000
 0.540556 1.548884 0.292847 1.401724 1.125605 0.759689 0.000000
 0.541667 1.548309 0.292846 1.401724 1.125813 0.760084 0.000000
 0.542778 1.547486 0.292846 1.401724 1.126113 0.760650 0.000000
 0.543889 1.546326 0.292846 1.401724 1.126535 0.761449 0.000000
 0.545000 1.544721 0.292846 1.401724 1.127120 0.762557 0.000000
 0.546111 1.542546 0.292846 1.401724 1.127914 0.764063 0.000000
 0.547222 1.539661 0.292845 1.401724 1.128971 0.766068 0.000000
 0.548333 1.535918 0.292845 1.401724 1.130346 0.768683 0.000000
 0.549444 1.531169 0.292845 1.401724 1.132097 0.772022 0.000000
 0.550556 1.525278 0.292845 1.401724 1.134281 0.776200 0.000000
 0.551667 1.518131 0.292845 1.401724 1.136948 0.781321 0.000000
 0.552778 1.509649 0.292844 1.401724 1.140138 0.787474 0.000000
 0.553889 1.499801 0.292844 1.401724 1.143875 0.794722 0.000000
 0.555000 1.488612 0.292844 1.401724 1.148166 0.803098 0.000000
 0.556111 1.476166 0.292844 1.401724 1.152996 0.812593 0.000000
 0.557222 1.462609 0.292844 1.401724 1.158327 0.823157 0.000000
 0.558333 1.448145 0.292843 1.401724 1.164097 0.834690 0.000000
 0.559444 1.433025 0.292843 1.401724 1.170222 0.847047 0.000000
 0.560556 1.417531 0.292843 1.401724 1.176600 0.860037 0.000000
 0.561667 1.401965 0.292843 1.401723 1.183114 0.873434 0.000000
 0.562778 1.386629 0.292843 1.401723 1.189639 0.886988 0.000000
 0.563889 1.371806 0.292843 1.401723 1.196049 0.900435 0.000000
 0.565000 1.357747 0.292842 1.401723 1.202225 0.913515 0.000000
 0.566111 1.344660 0.292842 1.401723 1.208061 0.925987 0.000000
 0.567222 1.332699 0.292842 1.401723 1.213470 0.937643 0.000000
 0.568333 1.321964 0.292842 1.401723 1.218387 0.948319 0.000000
 0.569444 1.312502 0.292842 1.401723 1.222771 0.957905 0.000000
 0.570556 1.304307 0.292841 1.401723 1.226606 0.966341 0.000000
 0.571667 1.297334 0.292841 1.401723 1.229898 0.973620 0.000000
 0.572778 1.291503 0.292841 1.401723 1.232671 0.979780 0.000000
 0.573889 1.286711 0.292841 1.401723 1.234965 0.984892 0.000000
 0.575000 1.282840 0.292841 1.401723 1.236827 0.989056 0.000000
 0.576111 1.279765 0.292840 1.401723 1.238311 0.992384 0.000000
 0.577222 1.277366 0.292840 1.401723 1.239474 0.994994 0.000000
 0.578333 1.275525 0.292840 1.401723 1.240368 0.997005 0.000000
 0.579444 1.274139 0.292840 1.401723 1.241043 0.998525 0.000000
 0.580556 1.273112 0.292840 1.401722 1.241543 0.999651 0.000000
 0.581667 1.272367 0.292839 1.401722 1.241906 1.000471 0.000000
 0.582778 1.271838 0.292839 1.401722 1.242165 1.001054 0.000000
 0.583889 1.271469 0.292839 1.401722 1.242344 1.001460 0.000000
 0.585000 1.271220 0.292839 1.401722 1.242466 1.001735 0.000000
 0.586111 1.271057 0.292839 1.401722 1.242546 1.001915 0.000000
 0.587222 1.270954 0.292838 1.401722 1.242596 1.002028 0.000000
 0.588333 1.270894 0.292838 1.401722 1.242625 1.002094 0.000000
 0.589444 1.270863 0.292838 1.401722 1.242641 1.002129 0.000000
 0.590556 1.270851 0.292838 1.401722 1.242647 1.002142 0.000000
 0.591667 1.270851 0.292838 1.401721 1.242647 1.002142 0.000000
 0.592778 1.270858 0.292837 1.401721 1.242643 1.002134 0.000000
 0.593889 1.270870 0.292837 1.401721 1.242637 1.002120 0.000000
 0.595000 1.270885 0.292837 1.401721 1.242630 1.002104 0.000000
 0.596111 1.270901 0.292837 1.401721 1.242622 1.002087 0.000000
 0.597222 1.270917 0.292837 1.401721 1.242614 1.002069 0.000000
 0.598333 1.270932 0.292836 1.401721 1.242606 1.002052 0.000000
 0.599444 1.270948 0.292836 1.401721 1.242599 1.002035 0.000000
 0.600556 1.270963 0.292836 1.401720 1.242591 1.002018 0.000000
 0.601667 1.270977 0.292836 1.401720 1.242584 1.002002 0.000000
 0.602778 1.270990 0.292836 1.401720 1.242578 1.001987 0.000000
 0.603889 1.271003 0.292835 1.401720 1.242571 1.001973 0.000000
 0.605000 1.271015 0.292835 1.401720 1.242565 1.001960 0.000000
 0.606111 1.271027 0.292835 1.401720 1.242560 1.001947 0.000000
 0.607222 1.271038 0.292835 1.401720 1.242554 1.001934 0.000000
 0.608333 1.271048 0.292835 1.401719 1.242549 1.001923 0.000000
 0.609444 1.271058 0.292834 1.401719 1.242544 1.001911 0.000000
 0.610556 1.271068 0.292834 1.401719 1.242539 1.001901 0.000000
 0.611667 1.271077 0.292834 1.401719 1.242535 1.001891 0.000000
 0.612778 1.271086 0.292834 1.401719 1.242530 1.001881 0.000000
 0.613889 1.271094 0.292834 1.401719 1.242526 1.001871 0.000000
 0.615000 1.271102 0.292833 1.401719 1.242522 1.001862 0.000000
 0.616111 1.271110 0.292833 1.401718 1.242518 1.001854 0.000000
 0.617222 1.271117 0.292833 1.401718 1.242515 1.001845 0.000000
 0.618333 1.271125 0.292833 1.401718 1.242511 1.001838 0.000000
 0.619444 1.271131 0.292833 1.401718 1.242508 1.001830 0.000000
 0.620556 1.271138 0.292832 1.401718 1.242504 1.001823 0.000000
 0.621667 1.271144 0.292832 1.401717 1.242501 1.001815 0.000000
 0.622778 1.271150 0.292832 1.401717 1.242498 1.001809 0.000000
 0.623889 1.271156 0.292832 1.401717 1.242495 1.001802 0.000000
 0.625000 1.271162 0.292832 1.401717 1.242492 1.001796 0.000000
 0.626111 1.271167 0.292831 1.401717 1.242490 1.001790 0.000000
 0.627222 1.271172 0.292831 1.401716 1.242487 1.001784 0.000000
 0.628333 1.271177 0.292831 1.401716 1.242485 1.001778 0.000000
 0.629444 1.271182 0.292831 1.401716 1.242482 1.001773 0.000000
 0.630556 1.271187 0.292830 1.401716 1.242480 1.001767 0.000000
 0.631667 1.271191 0.292830 1.401716 1.242477 1.001762 0.000000
 0.632778 1.271196 0.292830 1.401715 1.242475 1.001757 0.000000
 0.633889 1.271200 0.292830 1.401715 1.242473 1.001752 0.000000
 0.635000 1.271204 0.292829 1.401715 1.242471 1.001748 0.000000
 0.636111 1.271208 0.292829 1.401715 1.242469 1.001743 0.000000
 0.637222 1.271212 0.292829 1.401714 1.242467 1.001739 0.000000
 0.638333 1.271215 0.292829 1.401714 1.242465 1.001735 0.000000
 0.639444 1.271219 0.292829 1.401714 1.242463 1.001730 0.000000
 0.640556 1.271222 0.292828 1.401714 1.242461 1.001726 0.000000
 0.641667 1.271226 0.292828 1.401714 1.242460 1.001723 0.000000
 0.642778 1.271229 0.292828 1.401713 1.242458 1.001719 0.000000
 0.643889 1.271232 0.292828 1.401713 1.242456 1.001715 0.000000
 0.645000 1.271235 0.292827 1.401713 1.242455 1.001712 0.000000
 0.646111 1.271238 0.292827 1.401712 1.242453 1.001708 0.000000
 0.647222 1.271241 0.292827 1.401712 1.242452 1.001705 0.000000
 0.648333 1.271244 0.292827 1.401712 1.242450 1.001702 0.000000
 0.649444 1.271246 0.292826 1.401712 1.242449 1.001699 0.000000
 0.650556 1.271249 0.292826 1.401711 1.242447 1.001696 0.000000
 0.651667 1.271251 0.292826 1.401711 1.242446 1.001693 0.000000
 0.652778 1.271254 0.292826 1.401711 1.242445 1.001690 0.000000
 0.653889 1.271256 0.292825 1.401711 1.242443 1.001687 0.000000
 0.655000 1.271259 0.292825 1.401710 1.242442 1.001684 0.000000
 0.656111 1.271261 0.292825 1.401710 1.242441 1.001682 0.000000
 0.657222 1.271263 0.292825 1.401710 1.242440 1.001679 0.000000
 0.658333 1.271265 0.292824 1.401709 1.242439 1.001676 0.000000
 0.659444 1.271267 0.292824 1.401709 1.242438 1.001674 0.000000
 0.660556 1.271269 0.292824 1.401709 1.242436 1.001672 0.000000
 0.661667 1.271271 0.292824 1.401708 1.242435 1.001669 0.000000
 0.662778 1.271273 0.292823 1.401708 1.242434 1.001667 0.000000
 0.663889 1.271274 0.292823 1.401708 1.242433 1.001665 0.000000
 0.665000 1.271276 0.292823 1.401707 1.242432 1.001663 0.000000
 0.666111 1.271278 0.292822 1.401707 1.242431 1.001661 0.000000
 0.667222 1.271279 0.292822 1.401707 1.242430 1.001659 0.000000
 0.668333 1.271281 0.292822 1.401706 1.242429 1.001657 0.000000
 0.669444 1.271283 0.292822 1.401706 1.242429 1.001655 0.000000
 0.670556 1.271284 0.292821 1.401706 1.242428 1.001653 0.000000
 0.671667 1.271285 0.292821 1.401705 1.242427 1.001651 0.000000
 0.672778 1.271287 0.292821 1.401705 1.242426 1.001649 0.000000
 0.673889 1.271288 0.292820 1.401705 1.242425 1.001647 0.000000
 0.675000 1.271289 0.292820 1.401704 1.242424 1.001646 0.000000
 0.676111 1.271291 0.292820 1.401704 1.242424 1.001644 0.000000
 0.677222 1.271292 0.292819 1.401703 1.242423 1.001642 0.000000
 0.678333 1.271293 0.292819 1.401703 1.242422 1.001641 0.000000
 0.679444 1.271294 0.292819 1.401703 1.242421 1.001639 0.000000
 0.680556 1.271295 0.292819 1.401702 1.242421 1.001638 0.000000
 0.681667 1.271296 0.292818 1.401702 1.242420 1.001636 0.000000
 0.682778 1.271297 0.292818 1.401701 1.242419 1.001635 0.000000
 0.683889 1.271298 0.292818 1.401701 1.242419 1.001633 0.000000
 0.685000 1.271299 0.292817 1.401700 1.242418 1.001632 0.000000
 0.686111 1.271300 0.292817 1.401700 1.242417 1.001631 0.000000
 0.687222 1.271301 0.292817 1.401700 1.242417 1.001629 0.000000
 0.688333 1.271302 0.292816 1.401699 1.242416 1.001628 0.000000
 0.689444 1.271303 0.292816 1.401699 1.242415 1.001627 0.000000
 0.690556 1.271304 0.292815 1.401698 1.242415 1.001626 0.000000
 0.691667 1.271305 0.292815 1.401698 1.242414 1.001624 0.000000
 0.692778 1.271305 0.292815 1.401697 1.242414 1.001623 0.000000
 0.693889 1.271306 0.292814 1.401697 1.242413 1.001622 0.000000
 0.695000 1.271307 0.292814 1.401696 1.242412 1.001621 0.000000
 0.696111 1.271307 0.292814 1.401696 1.242412 1.001620 0.000000
 0.697222 1.271308 0.292813 1.401695 1.242411 1.001619 0.000000
 0.698333 1.271309 0.292813 1.401695 1.242411 1.001618 0.000000
 0.699444 1.271309 0.292813 1.401694 1.242410 1.001617 0.000000
 0.700556 1.271310 0.292812 1.401694 1.242410 1.001616 0.000000
 0.701667 1.271310 0.292812 1.401693 1.242409 1.001615 0.000000
 0.702778 1.271311 0.292811 1.401692 1.242409 1.001614 0.000000
 0.703889 1.271311 0.292811 1.401692 1.242408 1.001613 0.000000
 0.705000 1.271312 0.292811 1.401691 1.242408 1.001612 0.000000
 0.706111 1.271312 0.292810 1.401691 1.242407 1.001611 0.000000
 0.707222 1.271312 0.292810 1.401690 1.242407 1.001610 0.000000
 0.708333 1.271313 0.292809 1.401690 1.242407 1.001610 0.000000
 0.709444 1.271313 0.292809 1.401689 1.242406 1.001609 0.000000
 0.710556 1.271313 0.292808 1.401688 1.242406 1.001608 0.000000
 0.711667 1.271314 0.292808 1.401688 1.242405 1.001607 0.000000
 0.712778 1.271314 0.292807 1.401687 1.242405 1.001606 0.000000
 0.713889 1.271314 0.292807 1.401686 1.242404 1.001606 0.000000
 0.715000 1.271315 0.292807 1.401686 1.242404 1.001605 0.000000
 0.716111 1.271315 0.292806 1.401685 1.242404 1.001604 0.000000
 0.717222 1.271315 0.292806 1.401684 1.242403 1.001603 0.000000
 0.718333 1.271315 0.292805 1.401684 1.242403 1.001603 0.000000
 0.719444 1.271315 0.292805 1.401683 1.242402 1.001602 0.000000
 0.720556 1.271315 0.292804 1.401682 1.242402 1.001601 0.000000
 0.721667 1.271316 0.292804 1.401681 1.242402 1.001601 0.000000
 0.722778 1.271316 0.292803 1.401681 1.242401 1.001600 0.000000
 0.723889 1.271316 0.292803 1.401680 1.242401 1.001599 0.000000
 0.725000 1.271316 0.292802 1.401679 1.242400 1.001599 0.000000
 0.726111 1.271316 0.292801 1.401678 1.242400 1.001598 0.000000
 0.727222 1.271316 0.292801 1.401677 1.242400 1.001598 0.000000
 0.728333 1.271316 0.292800 1.401677 1.242399 1.001597 0.000000
 0.729444 1.271316 0.292800 1.401676 1.242399 1.001596 0.000000
 0.730556 1.271316 0.292799 1.401675 1.242399 1.001596 0.000000
 0.731667 1.271316 0.292799 1.401674 1.242398 1.001595 0.000000
 0.732778 1.271316 0.292798 1.401673 1.242398 1.001595 0.000000
 0.733889 1.271315 0.292797 1.401672 1.242398 1.001594 0.000000
 0.735000 1.271315 0.292797 1.401671 1.242397 1.001594 0.000000
 0.736111 1.271315 0.292796 1.401670 1.242397 1.001593 0.000000
 0.737222 1.271315 0.292795 1.401669 1.242397 1.001593 0.000000
 0.738333 1.271315 0.292795 1.401668 1.242396 1.001592 0.000000
 0.739444 1.271314 0.292794 1.401667 1.242396 1.001592 0.000000
 0.740556 1.271314 0.292793 1.401666 1.242396 1.001591 0.000000
 0.741667 1.271314 0.292793 1.401665 1.242395 1.001591 0.000000
 0.742778 1.271314 0.292792 1.401664 1.242395 1.001591 0.000000
 0.743889 1.271313 0.292791 1.401663 1.242395 1.001590 0.000000
 0.745000 1.271313 0.292791 1.401662 1.242394 1.001590 0.000000
 0.746111 1.271313 0.292790 1.401661 1.242394 1.001589 0.000000
 0.747222 1.271312 0.292789 1.401660 1.242394 1.001589 0.000000
 0.748333 1.271312 0.292788 1.401658 1.242393 1.001588 0.000000
 0.749444 1.271311 0.292787 1.401657 1.242393 1.001588 0.000000
 0.750556 1.271310 0.292786 1.401655 1.242393 1.001588 0.000000
 0.751667 1.271310 0.292785 1.401654 1.242392 1.001587 0.000000
 0.752778 1.271309 0.292784 1.401652 1.242392 1.001587 0.000000
 0.753889 1.271308 0.292783 1.401650 1.242391 1.001587 0.000000
 0.755000 1.271306 0.292781 1.401647 1.242391 1.001586 0.000000
 0.756111 1.271305 0.292779 1.401644 1.242390 1.001586 0.000000
 0.757222 1.271302 0.292776 1.401640 1.242390 1.001586 0.000000
 0.758333 1.271299 0.292772 1.401634 1.242389 1.001585 0.000000
 0.759444 1.271294 0.292767 1.401626 1.242388 1.001585 0.000000
 0.760556 1.271287 0.292760 1.401615 1.242386 1.001585 0.000000
 0.761667 1.271277 0.292750 1.401599 1.242384 1.001584 0.000000
 0.762778 1.271263 0.292736 1.401577 1.242381 1.001584 0.000000
 0.763889 1.271242 0.292715 1.401544 1.242377 1.001584 0.000000
 0.765000 1.271211 0.292685 1.401496 1.242370 1.001583 0.000000
 0.766111 1.271166 0.292641 1.401426 1.242361 1.001583 0.000000
 0.767222 1.271101 0.292576 1.401325 1.242349 1.001583 0.000000
 0.768333 1.271005 0.292483 1.401177 1.242330 1.001583 0.000000
 0.769444 1.270866 0.292346 1.400961 1.242302 1.001582 0.000000
 0.770556 1.270663 0.292147 1.400647 1.242262 1.001582 0.000000
 0.771667 1.270367 0.291858 1.400192 1.242204 1.001582 0.000000
 0.772778 1.269939 0.291439 1.399530 1.242120 1.001581 0.000000
 0.773889 1.269319 0.290832 1.398573 1.241999 1.001581 0.000000
 0.775000 1.268423 0.289955 1.397191 1.241823 1.001581 0.000000
 0.776111 1.267134 0.288692 1.395203 1.241570 1.001580 0.000000
 0.777222 1.265286 0.286878 1.392352 1.241207 1.001579 0.000000
 0.778333 1.262649 0.284286 1.388290 1.240688 1.001577 0.000000
 0.779444 1.258915 0.280607 1.382540 1.239952 1.001574 0.000000
 0.780556 1.253677 0.275429 1.374484 1.238914 1.001567 0.000000
 0.781667 1.246425 0.268227 1.363349 1.237470 1.001554 0.000000
 0.782778 1.236567 0.258371 1.348245 1.235491 1.001530 0.000000
 0.783889 1.223488 0.245184 1.328266 1.232840 1.001487 0.000000
 0.785000 1.206695 0.228064 1.302717 1.229392 1.001414 0.000000
 0.786111 1.186030 0.206704 1.271444 1.225081 1.001298 0.000000
 0.787222 1.161922 0.181382 1.235204 1.219958 1.001131 0.000000
 0.788333 1.135546 0.153178 1.195873 1.214239 1.000918 0.000000
 0.789444 1.108723 0.123964 1.156240 1.208305 1.000682 0.000000
 0.790556 1.083494 0.095999 1.119325 1.202621 1.000458 0.000000
 0.791667 1.061541 0.071278 1.087508 1.197600 1.000278 0.000000
 0.792778 1.043762 0.050992 1.061962 1.193487 1.000154 0.000000
 0.793889 1.030225 0.035382 1.042651 1.190330 1.000078 0.000000
 0.795000 1.020414 0.023978 1.028734 1.188030 1.000038 0.000000
 0.796111 1.013563 0.015970 1.019058 1.186419 1.000017 0.000000
 0.797222 1.008908 0.010506 1.012501 1.185321 1.000008 0.000000
 0.798333 1.005803 0.006851 1.008136 1.184588 1.000003 0.000000
 0.799444 1.003759 0.004441 1.005267 1.184105 1.000001 0.000000
 0.800556 1.002425 0.002866 1.003397 1.183790 1.000001 0.000000
 0.801667 1.001560 0.001844 1.002184 1.183585 1.000000 0.000000
 0.802778 1.001001 0.001184 1.001402 1.183453 1.000000 0.000000
 0.803889 1.000641 0.000758 1.000898 1.183368 1.000000 0.000000
 0.805000 1.000410 0.000485 1.000574 1.183313 1.000000 0.000000
 0.806111 1.000262 0.000310 1.000366 1.183278 1.000000 0.000000
 0.807222 1.000167 0.000197 1.000234 1.183255 1.000000 0.000000
 0.808333 1.000106 0.000126 1.000149 1.183241 1.000000 0.000000
 0.809444 1.000067 0.000080 1.000094 1.183232 1.000000 0.000000
 0.810556 1.000043 0.000051 1.000060 1.183226 1.000000 0.000000
 0.811667 1.000027 0.000032 1.000038 1.183222 1.000000 0.000000
 0.812778 1.000017 0.000020 1.000024 1.183220 1.000000 0.000000
 0.813889 1.000011 0.000013 1.000015 1.183219 1.000000 0.000000
 0.815000 1.000007 0.000008 1.000010 1.183218 1.000000 0.000000
 0.816111 1.000004 0.000005 1.000006 1.183217 1.000000 0.000000
 0.817222 1.000003 0.000003 1.000004 1.183217 1.000000 0.000000
 0.818333 1.000002 0.000002 1.000002 1.183216 1.000000 0.000000
 0.819444 1.000001 0.000001 1.000001 1.183216 1.000000 0.000000
 0.820556 1.000001 0.000001 1.000001 1.183216 1.000000 0.000000
 0.821667 1.000000 0.000000 1.000001 1.183216 1.000000 0.000000
 0.822778 1.000000 0.000000 1.000000 1.183216 1.000000 0.000000
 0.823889 1.000000 0.000000 1.000000 1.183216 1.000000 0.000000
 0.825000 1.000000 0.000000 1.000000 1.183216 1.000000 0.000000
 0.826111 1.000000 0.000000 1.000000 1.183216 1.000000 0.000000
 0.827222 1.000000 0.000000 1.000000 1.183216 1.000000 0.000000
 0.828333 1.000000 0.000000 1.000000 1.183216 1.000000 0.000000
 0.829444 1.000000 0.000000 1.000000 1.183216 1.000000 0.000000
 0.830556 1.000000 0.000000 1.000000 1.183216 1.000000 0.000000
 0.831667 1.000000 0.000000 1.000000 1.183216 1.000000 0.000000
 0.832778 1.000000 0.000000 1.000000 1.183216 1.000000 0.000000
 0.833889 1.000000 0.000000 1.000000 1.183216 1.000000 0.000000
 0.835000 1.000000 0.000000 1.000000 1.183216 1.000000 0.000000
 0.836111 1.000000 0.000000 1.000000 1.183216 1.000000 0.000000
 0.837222 1.000000 0.000000 1.000000 1.183216 1.000000 0.000000
 0.838333 1.000000 0.000000 1.000000 1.183216 1.000000 0.000000
 0.839444 1.000000 0.000000 1.000000 1.183216 1.000000 0.000000
 0.840556 1.000000 0.000000 1.000000 1.183216 1.000000 0.000000
 0.841667 1.000000 0.000000 1.000000 1.183216 1.000000 0.000000
 0.842778 1.000000 0.000000 1.000000 1.183216 1.000000 0.000000
 0.843889 1.000000 0.000000 1.000000 1.183216 1.000000 0.000000
 0.845000 1.000000 0.000000 1.000000 1.183216 1.000000 0.000000
 0.846111 1.000000 0.000000 1.000000 1.183216 1.000000 0.000000
 0.847222 1.000000 0.000000 1.000000 1.183216 1.000000 0.000000
 0.848333 1.000000 0.000000 1.000000 1.183216 1.000000 0.000000
 0.849444 1.000000 0.000000 1.000000 1.183216 1.000000 0.000000
 0.850556 1.000000 0.000000 1.000000 1.183216 1.000000 0.000000
 0.851667 1.000000 0.000000 1.000000 1.183216 1.000000 0.000000
 0.852778 1.000000 0.000000 1.000000 1.183216 1.000000 0.000000
 0.853889 1.000000 0.000000 1.000000 1.183216 1.000000 0.000000
 0.855000 1.000000 0.000000 1.000000 1.183216 1.000000 0.000000
 0.856111 1.000000 0.000000 1.000000 1.183216 1.000000 0.000000
 0.857222 1.000000 0.000000 1.000000 1.183216 1.000000 0.000000
 0.858333 1.000000 0.000000 1.000000 1.183216 1.000000 0.000000
 0.859444 1.000000 0.000000 1.000000 1.183216 1.000000 0.000000
 0.860556 1.000000 0.000000 1.000000 1.183216 1.000000 0.000000
 0.861667 1.000000 0.000000 1.000000 1.183216 1.000000 0.000000
 0.862778 1.000000 0.000000 1.000000 1.183216 1.000000 0.000000
 0.863889 1.000000 0.000000 1.000000 1.183216 1.000000 0.000000
 0.865000 1.000000 -0.000000 1.000000 1.183216 1.000000 0.000000
 0.866111 1.000000 0.000000 1.000000 1.183216 1.000000 0.000000
 0.867222 1.000000 -0.000000 1.000000 1.183216 1.000000 0.000000
 0.868333 1.000000 0.000000 1.000000 1.183216 1.000000 0.000000
 0.869444 1.000000 -0.000000 1.000000 1.183216 1.000000 0.000000
 0.870556 1.000000 0.000000 1.000000 1.183216 1.000000 0.000000
 0.871667 1.000000 -0.000000 1.000000 1.183216 1.000000 0.000000
 0.872778 1.000000 0.000000 1.000000 1.183216 1.000000 0.000000
 0.873889 1.000000 -0.000000 1.000000 1.183216 1.000000 0.000000
 0.875000 1.000000 0.000000 1.000000 1.183216 1.000000 0.000000
 0.876111 1.000000 -0.000000 1.000000 1.183216 1.000000 0.000000
 0.877222 1.000000 0.000000 1.000000 1.183216 1.000000 0.000000
 0.878333 1.000000 -0.000000 1.000000 1.183216 1.000000 0.000000
 0.879444 1.000000 0.000000 1.000000 1.183216 1.000000 0.000000
 0.880556 1.000000 -0.000000 1.000000 1.183216 1.000000 0.000000
 0.881667 1.000000 0.000000 1.000000 1.183216 1.000000 0.000000
 0.882778 1.000000 -0.000000 1.000000 1.183216 1.000000 0.000000
 0.883889 1.000000 0.000000 1.000000 1.183216 1.000000 0.000000
 0.885000 1.000000 -0.000000 1.000000 1.183216 1.000000 0.000000
 0.886111 1.000000 0.000000 1.000000 1.183216 1.000000 0.000000
 0.887222 1.000000 -0.000000 1.000000 1.183216 1.000000 0.000000
 0.888333 1.000000 0.000000 1.000000 1.183216 1.000000 0.000000
 0.889444 1.000000 -0.000000 1.000000 1.183216 1.000000 0.000000
 0.890556 1.000000 0.000000 1.000000 1.183216 1.000000 0.000000
 0.891667 1.000000 -0.000000 1.000000 1.183216 1.000000 0.000000
 0.892778 1.000000 0.000000 1.000000 1.183216 1.000000 0.000000
 0.893889 1.000000 -0.000000 1.000000 1.183216 1.000000 0.000000
 0.895000 1.000000 0.000000 1.000000 1.183216 1.000000 0.000000
 0.896111 1.000000 -0.000000 1.000000 1.183216 1.000000 0.000000
 0.897222 1.000000 0.000000 1.000000 1.183216 1.000000 0.000000
 0.898333 1.000000 -0.000000 1.000000 1.183216 1.000000 0.000000
 0.899444 1.000000 0.000000 1.000000 1.183216 1.000000 0.000000
 0.900556 1.000000 0.000000 1.000000 1.183216 1.000000 0.000000
 0.901667 1.000000 0.000000 1.000000 1.183216 1.000000 0.000000
 0.902778 1.000000 0.000000 1.000000 1.183216 1.000000 0.000000
 0.903889 1.000000 0.000000 1.000000 1.183216 1.000000 0.000000
 0.905000 1.000000 0.000000 1.000000 1.183216 1.000000 0.000000
 0.906111 1.000000 0.000000 1.000000 1.183216 1.000000 0.000000
 0.907222 1.000000 0.000000 1.000000 1.183216 1.000000 0.000000
 0.908333 1.000000 0.000000 1.000000 1.183216 1.000000 0.000000
 0.909444 1.000000 0.000000 1.000000 1.183216 1.000000 0.000000
 0.910556 1.000000 0.000000 1.000000 1.183216 1.000000 0.000000
 0.911667 1.000000 0.000000 1.000000 1.183216 1.000000 0.000000
 0.912778 1.000000 0.000000 1.000000 1.183216 1.000000 0.000000
 0.913889 1.000000 0.000000 1.000000 1.183216 1.000000 0.000000
 0.915000 1.000000 0.000000 1.000000 1.183216 1.000000 0.000000
 0.916111 1.000000 0.000000 1.000000 1.183216 1.000000 0.000000
 0.917222 1.000000 0.000000 1.000000 1.183216 1.000000 0.000000
 0.918333 1.000000 0.000000 1.000000 1.183216 1.000000 0.000000
 0.919444 1.000000 0.000000 1.000000 1.183216 1.000000 0.000000
 0.920556 1.000000 0.000000 1.000000 1.183216 1.000000 0.000000
 0.921667 1.000000 0.000000 1.000000 1.183216 1.000000 0.000000
 0.922778 1.000000 0.000000 1.000000 1.183216 1.000000 0.000000
 0.923889 1.000000 0.000000 1.000000 1.183216 1.000000 0.000000
 0.925000 1.000000 0.000000 1.000000 1.183216 1.000000 0.000000
 0.926111 1.000000 0.000000 1.000000 1.183216 1.000000 0.000000
 0.927222 1.000000 0.000000 1.000000 1.183216 1.000000 0.000000
 0.928333 1.000000 0.000000 1.000000 1.183216 1.000000 0.000000
 0.929444 1.000000 0.000000 1.000000 1.183216 1.000000 0.000000
 0.930556 1.000000 0.000000 1.000000 1.183216 1.000000 0.000000
 0.931667 1.000000 0.000000 1.000000 1.183216 1.000000 0.000000
 0.932778 1.000000 0.000000 1.000000 1.183216 1.000000 0.000000
 0.933889 1.000000 0.000000 1.000000 1.183216 1.000000 0.000000
 0.935000 1.000000 0.000000 1.000000 1.183216 1.000000 0.000000
 0.936111 1.000000 0.000000 1.000000 1.183216 1.000000 0.000000
 0.937222 1.000000 0.000000 1.000000 1.183216 1.000000 0.000000
 0.938333 1.000000 0.000000 1.000000 1.183216 1.000000 0.000000
 0.939444 1.000000 0.000000 1.000000 1.183216 1.000000 0.000000
 0.940556 1.000000 0.000000 1.000000 1.183216 1.000000 0.000000
 0.941667 1.000000 0.000000 1.000000 1.183216 1.000000 0.000000
 0.942778 1.000000 0.000000 1.000000 1.183216 1.000000 0.000000
 0.943889 1.000000 0.000000 1.000000 1.183216 1.000000 0.000000
 0.945000 1.000000 0.000000 1.000000 1.183216 1.000000 0.000000
 0.946111 1.000000 0.000000 1.000000 1.183216 1.000000 0.000000
 0.947222 1.000000 0.000000 1.000000 1.183216 1.000000 0.000000
 0.948333 1.000000 0.000000 1.000000 1.183216 1.000000 0.000000
 0.949444 1.000000 0.000000 1.000000 1.183216 1.000000 0.000000
 0.950556 1.000000 0.000000 1.000000 1.183216 1.000000 0.000000
 0.951667 1.000000 0.000000 1.000000 1.183216 1.000000 0.000000
 0.952778 1.000000 0.000000 1.000000 1.183216 1.000000 0.000000
 0.953889 1.000000 0.000000 1.000000 1.183216 1.000000 0.000000
 0.955000 1.000000 0.000000 1.000000 1.183216 1.000000 0.000000
 0.956111 1.000000 0.000000 1.000000 1.183216 1.000000 0.000000
 0.957222 1.000000 0.000000 1.000000 1.183216 1.000000 0.000000
 0.958333 1.000000 0.000000 1.000000 1.183216 1.000000 0.000000
 0.959444 1.000000 0.000000 1.000000 1.183216 1.000000 0.000000
 0.960556 1.000000 0.000000 1.000000 1.183216 1.000000 0.000000
 0.961667 1.000000 0.000000 1.000000 1.183216 1.000000 0.000000
 0.962778 1.000000 0.000000 1.000000 1.183216 1.000000 0.000000
 0.963889 1.000000 0.000000 1.000000 1.183216 1.000000 0.000000
 0.965000 1.000000 0.000000 1.000000 1.183216 1.000000 0.000000
 0.966111 1.000000 0.000000 1.000000 1.183216 1.000000 0.000000
 0.967222 1.000000 0.000000 1.000000 1.183216 1.000000 0.000000
 0.968333 1.000000 0.000000 1.000000 1.183216 1.000000 0.000000
 0.969444 1.000000 0.000000 1.000000 1.183216 1.000000 0.000000
 0.970556 1.000000 0.000000 1.000000 1.183216 1.000000 0.000000
 0.971667 1.000000 0.000000 1.000000 1.183216 1.000000 0.000000
 0.972778 1.000000 0.000000 1.000000 1.183216 1.000000 0.000000
 0.973889 1.000000 0.000000 1.000000 1.183216 1.000000 0.000000
 0.975000 1.000000 0.000000 1.000000 1.183216 1.000000 0.000000
 0.976111 1.000000 0.000000 1.000000 1.183216 1.000000 0.000000
 0.977222 1.000000 0.000000 1.000000 1.183216 1.000000 0.000000
 0.978333 1.000000 0.000000 1.000000 1.183216 1.000000 0.000000
 0.979444 1.000000 0.000000 1.000000 1.183216 1.000000 0.000000
 0.980556 1.000000 0.000000 1.000000 1.183216 1.000000 0.000000
 0.981667 1.000000 0.000000 1.000000 1.183216 1.000000 0.000000
 0.982778 1.000000 0.000000 1.000000 1.183216 1.000000 0.000000
 0.983889 1.000000 0.000000 1.000000 1.183216 1.000000 0.000000
 0.985000 1.000000 0.000000 1.000000 1.183216 1.000000 0.000000
 0.986111 1.000000 0.000000 1.000000 1.183216 1.000000 0.000000
 0.987222 1.000000 0.000000 1.000000 1.183216 1.000000 0.000000
 0.988333 1.000000 0.000000 1.000000 1.183216 1.000000 0.000000
 0.989444 1.000000 0.000000 1.000000 1.183216 1.000000 0.000000
 0.990556 1.000000 0.000000 1.000000 1.183216 1.000000 0.000000
 0.991667 1.000000 0.000000 1.000000 1.183216 1.000000 0.000000
 0.992778 1.000000 0.000000 1.000000 1.183216 1.000000 0.000000
 0.993889 1.000000 0.000000 1.000000 1.183216 1.000000 0.000000
 0.995000 1.000000 0.000000 1.000000 1.183216 1.000000 0.000000
 0.996111 1.000000 0.000000 1.000000 1.183216 1.000000 0.000000
 0.997222 1.000000 0.000000 1.000000 1.183216 1.000000 0.000000
 0.998333 1.000000 0.000000 1.000000 1.183216 1.000000 0.000000
 0.999444 1.000000 0.000000 1.000000 1.183216 1.000000 0.000000
