Timer: 0.179735
 0.000556 2.000000 0.000000 2.000000 1.183216 0.757858 0.000000
 0.001667 2.000000 0.000000 2.000000 1.183216 0.757858 0.000000
 0.002778 2.000000 0.000000 2.000000 1.183216 0.757858 0.000000
 0.003889 2.000000 0.000000 2.000000 1.183216 0.757858 0.000000
 0.005000 2.000000 0.000000 2.000000 1.183216 0.757858 0.000000
 0.006111 2.000000 0.000000 2.000000 1.183216 0.757858 0.000000
 0.007222 2.000000 0.000000 2.000000 1.183216 0.757858 0.000000
 0.008333 2.000000 0.000000 2.000000 1.183216 0.757858 0.000000
 0.009444 2.000000 0.000000 2.000000 1.183216 0.757858 0.000000
 0.010556 2.000000 0.000000 2.000000 1.183216 0.757858 0.000000
 0.011667 2.000000 0.000000 2.000000 1.183216 0.757858 0.000000
 0.012778 2.000000 0.000000 2.000000 1.183216 0.757858 0.000000
 0.013889 2.000000 0.000000 2.000000 1.183216 0.757858 0.000000
 0.015000 2.000000 0.000000 2.000000 1.183216 0.757858 0.000000
 0.016111 2.000000 0.000000 2.000000 1.183216 0.757858 0.000000
 0.017222 2.000000 0.000000 2.000000 1.183216 0.757858 0.000000
 0.018333 2.000000 0.000000 2.000000 1.183216 0.757858 0.000000
 0.019444 2.000000 0.000000 2.000000 1.183216 0.757858 0.000000
 0.020556 2.000000 0.000000 2.000000 1.183216 0.757858 0.000000
 0.021667 2.000000 0.000000 2.000000 1.183216 0.757858 0.000000
 0.022778 2.000000 0.000000 2.000000 1.183216 0.757858 0.000000
 0.023889 2.000000 0.000000 2.000000 1.183216 0.757858 0.000000
 0.025000 2.000000 0.000000 2.000000 1.183216 0.757858 0.000000
 0.026111 2.000000 0.000000 2.000000 1.183216 0.757858 0.000000
 0.027222 2.000000 0.000000 2.000000 1.183216 0.757858 0.000000
 0.028333 2.000000 0.000000 2.000000 1.183216 0.757858 0.000000
 0.029444 2.000000 0.000000 2.000000 1.183216 0.757858 0.000000
 0.030556 2.000000 0.000000 2.000000 1.183216 0.757858 0.000000
 0.031667 2.000000 0.000000 2.000000 1.183216 0.757858 0.000000
 0.032778 2.000000 0.000000 2.000000 1.183216 0.757858 0.000000
 0.033889 2.000000 0.000000 2.000000 1.183216 0.757858 0.000000
 0.035000 2.000000 0.000000 2.000000 1.183216 0.757858 0.000000
 0.036111 2.000000 0.000000 2.000000 1.183216 0.757858 0.000000
 0.037222 2.000000 0.000000 2.000000 1.183216 0.757858 0.000000
 0.038333 2.000000 0.000000 2.000000 1.183216 0.757858 0.000000
 0.039444 2.000000 0.000000 2.000000 1.183216 0.757858 0.000000
 0.040556 2.000000 0.000000 2.000000 1.183216 0.757858 0.000000
 0.041667 2.000000 0.000000 2.000000 1.183216 0.757858 0.000000
 0.042778 2.000000 0.000000 2.000000 1.183216 0.757858 0.000000
 0.043889 2.000000 0.000000 2.000000 1.183216 0.757858 0.000000
 0.045000 2.000000 0.000000 2.000000 1.183216 0.757858 0.000000
 0.046111 2.000000 0.000000 2.000000 1.183216 0.757858 0.000000
 0.047222 2.000000 0.000000 2.000000 1.183216 0.757858 0.000000
 0.048333 2.000000 0.000000 2.000000 1.183216 0.757858 0.000000
 0.049444 2.000000 0.000000 2.000000 1.183216 0.757858 0.000000
 0.050556 2.000000 0.000000 2.000000 1.183216 0.757858 0.000000
 0.051667 2.000000 0.000000 2.000000 1.183216 0.757858 0.000000
 0.052778 2.000000 0.000000 2.000000 1.183216 0.757858 0.000000
 0.053889 2.000000 0.000000 2.000000 1.183216 0.757858 0.000000
 0.055000 2.000000 0.000000 2.000000 1.183216 0.757858 0.000000
 0.056111 2.000000 0.000000 2.000000 1.183216 0.757858 0.000000
 0.057222 2.000000 0.000000 2.000000 1.183216 0.757858 0.000000
 0.058333 2.000000 0.000000 2.000000 1.183216 0.757858 0.000000
 0.059444 2.000000 0.000000 2.000000 1.183216 0.757858 0.000000
 0.060556 2.000000 0.000000 2.000000 1.183216 0.757858 0.000000
 0.061667 2.000000 0.000000 2.000000 1.183216 0.757858 0.000000
 0.062778 2.000000 0.000000 2.000000 1.183216 0.757858 0.000000
 0.063889 2.000000 0.000000 2.000000 1.183216 0.757858 0.000000
 0.065000 2.000000 0.000000 2.000000 1.183216 0.757858 0.000000
 0.066111 2.000000 0.000000 2.000000 1.183216 0.757858 0.000000
 0.067222 2.000000 0.000000 2.000000 1.183216 0.757858 0.000000
 0.068333 2.000000 0.000000 2.000000 1.183216 0.757858 0.000000
 0.069444 2.000000 0.000000 2.000000 1.183216 0.757858 0.000000
 0.070556 2.000000 0.000000 2.000000 1.183216 0.757858 0.000000
 0.071667 2.000000 0.000000 2.000000 1.183216 0.757858 0.000000
 0.072778 2.000000 0.000000 2.000000 1.183216 0.757858 0.000000
 0.073889 2.000000 0.000000 2.000000 1.183216 0.757858 0.000000
 0.075000 2.000000 0.000000 2.000000 1.183216 0.757858 0.000000
 0.076111 2.000000 0.000000 2.000000 1.183216 0.757858 0.000000
 0.077222 2.000000 0.000000 2.000000 1.183216 0.757858 0.000000
 0.078333 2.000000 0.000000 2.000000 1.183216 0.757858 0.000000
 0.079444 2.000000 0.000000 2.000000 1.183216 0.757858 0.000000
 0.080556 2.000000 0.000000 2.000000 1.183216 0.757858 0.000000
 0.081667 2.000000 0.000000 2.000000 1.183216 0.757858 0.000000
 0.082778 2.000000 0.000000 2.000000 1.183216 0.757858 0.000000
 0.083889 2.000000 0.000000 2.000000 1.183216 0.757858 0.000000
 0.085000 2.000000 0.000000 2.000000 1.183216 0.757858 0.000000
 0.086111 2.000000 0.000000 2.000000 1.183216 0.757858 0.000000
 0.087222 2.000000 0.000000 2.000000 1.183216 0.757858 0.000000
 0.088333 2.000000 0.000000 2.000000 1.183216 0.757858 0.000000
 0.089444 2.000000 0.000000 2.000000 1.183216 0.757858 0.000000
 0.090556 2.000000 0.000000 2.000000 1.183216 0.757858 0.000000
 0.091667 2.000000 0.000000 2.000000 1.183216 0.757858 0.000000
 0.092778 2.000000 0.000000 2.000000 1.183216 0.757858 0.000000
 0.093889 2.000000 0.000000 2.000000 1.183216 0.757858 0.000000
 0.095000 2.000000 0.000000 2.000000 1.183216 0.757858 0.000000
 0.096111 2.000000 0.000000 2.000000 1.183216 0.757858 0.000000
 0.097222 2.000000 0.000000 2.000000 1.183216 0.757858 0.000000
 0.098333 2.000000 0.000000 2.000000 1.183216 0.757858 0.000000
 0.099444 2.000000 0.000000 2.000000 1.183216 0.757858 0.000000
 0.100556 2.000000 0.000000 2.000000 1.183216 0.757858 0.000000
 0.101667 2.000000 0.000000 2.000000 1.183216 0.757858 0.000000
 0.102778 2.000000 0.000000 2.000000 1.183216 0.757858 0.000000
 0.103889 2.000000 0.000000 2.000000 1.183216 0.757858 0.000000
 0.105000 2.000000 0.000000 2.000000 1.183216 0.757858 0.000000
 0.106111 2.000000 0.000000 2.000000 1.183216 0.757858 0.000000
 0.107222 2.000000 0.000000 2.000000 1.183216 0.757858 0.000000
 0.108333 2.000000 0.000000 2.000000 1.183216 0.757858 0.000000
 0.109444 2.000000 0.000000 2.000000 1.183216 0.757858 0.000000
 0.110556 2.000000 0.000000 2.000000 1.183216 0.757858 0.000000
 0.111667 2.000000 0.000000 2.000000 1.183216 0.757858 0.000000
 0.112778 2.000000 0.000000 2.000000 1.183216 0.757858 0.000000
 0.113889 2.000000 0.000000 2.000000 1.183216 0.757858 0.000000
 0.115000 2.000000 0.000000 2.000000 1.183216 0.757858 0.000000
 0.116111 2.000000 0.000000 2.000000 1.183216 0.757858 0.000000
 0.117222 2.000000 0.000000 2.000000 1.183216 0.757858 0.000000
 0.118333 2.000000 0.000000 2.000000 1.183216 0.757858 0.000000
 0.119444 2.000000 0.000000 2.000000 1.183216 0.757858 0.000000
 0.120556 2.000000 0.000000 2.000000 1.183216 0.757858 0.000000
 0.121667 2.000000 0.000000 2.000000 1.183216 0.757858 0.000000
 0.122778 2.000000 0.000000 2.000000 1.183216 0.757858 0.000000
 0.123889 2.000000 0.000000 2.000000 1.183216 0.757858 0.000000
 0.125000 2.000000 0.000000 2.000000 1.183216 0.757858 0.000000
 0.126111 2.000000 0.000000 2.000000 1.183216 0.757858 0.000000
 0.127222 2.000000 0.000000 2.000000 1.183216 0.757858 0.000000
 0.128333 2.000000 0.000000 2.000000 1.183216 0.757858 0.000000
 0.129444 2.000000 0.000000 2.000000 1.183216 0.757858 0.000000
 0.130556 2.000000 0.000000 2.000000 1.183216 0.757858 0.000000
 0.131667 2.000000 0.000000 2.000000 1.183216 0.757858 0.000000
 0.132778 2.000000 0.000000 2.000000 1.183216 0.757858 0.000000
 0.133889 2.000000 0.000000 2.000000 1.183216 0.757858 0.000000
 0.135000 2.000000 0.000000 2.000000 1.183216 0.757858 0.000000
 0.136111 2.000000 0.000000 2.000000 1.183216 0.757858 0.000000
 0.137222 2.000000 0.000000 2.000000 1.183216 0.757858 0.000000
 0.138333 2.000000 0.000000 2.000000 1.183216 0.757858 0.000000
 0.139444 2.000000 0.000000 2.000000 1.183216 0.757858 0.000000
 0.140556 2.000000 0.000000 2.000000 1.183216 0.757858 0.000000
 0.141667 2.000000 0.000000 2.000000 1.183216 0.757858 0.000000
 0.142778 2.000000 0.000000 2.000000 1.183216 0.757858 0.000000
 0.143889 2.000000 0.000000 2.000000 1.183216 0.757858 0.000000
 0.145000 2.000000 0.000000 2.000000 1.183216 0.757858 0.000000
 0.146111 2.000000 0.000000 2.000000 1.183216 0.757858 0.000000
 0.147222 2.000000 0.000000 2.000000 1.183216 0.757858 0.000000
 0.148333 2.000000 0.000000 2.000000 1.183216 0.757858 0.000000
 0.149444 2.000000 0.000000 2.000000 1.183216 0.757858 0.000000
 0.150556 2.000000 0.000000 2.000000 1.183216 0.757858 0.000000
 0.151667 2.000000 0.000000 2.000000 1.183216 0.757858 0.000000
 0.152778 2.000000 0.000000 2.000000 1.183216 0.757858 0.000000
 0.153889 2.000000 0.000000 2.000000 1.183216 0.757858 0.000000
 0.155000 2.000000 0.000000 2.000000 1.183216 0.757858 0.000000
 0.156111 2.000000 0.000000 2.000000 1.183216 0.757858 0.000000
 0.157222 2.000000 0.000000 2.000000 1.183216 0.757858 0.000000
 0.158333 2.000000 0.000000 2.000000 1.183216 0.757858 0.000000
 0.159444 2.000000 0.000000 2.000000 1.183216 0.757858 0.000000
 0.160556 2.000000 0.000000 2.000000 1.183216 0.757858 0.000000
 0.161667 2.000000 0.000000 2.000000 1.183216 0.757858 0.000000
 0.162778 2.000000 0.000000 2.000000 1.183216 0.757858 0.000000
 0.163889 2.000000 0.000000 2.000000 1.183216 0.757858 0.000000
 0.165000 2.000000 0.000000 2.000000 1.183216 0.757858 0.000000
 0.166111 2.000000 0.000000 2.000000 1.183216 0.757858 0.000000
 0.167222 2.000000 0.000000 2.000000 1.183216 0.757858 0.000000
 0.168333 2.000000 0.000000 2.000000 1.183216 0.757858 0.000000
 0.169444 2.000000 0.000000 2.000000 1.183216 0.757858 0.000000
 0.170556 2.000000 0.000000 2.000000 1.183216 0.757858 0.000000
 0.171667 2.000000 0.000000 2.000000 1.183216 0.757858 0.000000
 0.172778 2.000000 0.000000 2.000000 1.183216 0.757858 0.000000
 0.173889 2.000000 0.000000 2.000000 1.183216 0.757858 0.000000
 0.175000 2.000000 0.000000 2.000000 1.183216 0.757858 0.000000
 0.176111 2.000000 0.000000 2.000000 1.183216 0.757858 0.000000
 0.177222 2.000000 0.000000 2.000000 1.183216 0.757858 0.000000
 0.178333 2.000000 0.000000 2.000000 1.183216 0.757858 0.000000
 0.179444 2.000000 0.000000 2.000000 1.183216 0.757858 0.000000
 0.180556 2.000000 0.000000 2.000000 1.183216 0.757858 0.000000
 0.181667 2.000000 0.000000 2.000000 1.183216 0.757858 0.000000
 0.182778 2.000000 0.000000 2.000000 1.183216 0.757858 0.000000
 0.183889 2.000000 0.000000 2.000000 1.183216 0.757858 0.000000
 0.185000 2.000000 0.000000 2.000000 1.183216 0.757858 0.000000
 0.186111 2.000000 0.000000 2.000000 1.183216 0.757858 0.000000
 0.187222 2.000000 0.000000 2.000000 1.183216 0.757858 0.000000
 0.188333 2.000000 0.000000 2.000000 1.183216 0.757858 0.000000
 0.189444 2.000000 0.000000 2.000000 1.183216 0.757858 0.000000
 0.190556 2.000000 0.000000 2.000000 1.183216 0.757858 0.000000
 0.191667 2.000000 0.000000 2.000000 1.183216 0.757858 0.000000
 0.192778 2.000000 0.000000 2.000000 1.183216 0.757858 0.000000
 0.193889 2.000000 0.000000 2.000000 1.183216 0.757858 0.000000
 0.195000 2.000000 0.000000 2.000000 1.183216 0.757858 0.000000
 0.196111 2.000000 0.000000 2.000000 1.183216 0.757858 0.000000
 0.197222 2.000000 0.000000 2.000000 1.183216 0.757858 0.000000
 0.198333 2.000000 0.000000 2.000000 1.183216 0.757858 0.000000
 0.199444 2.000000 0.000000 2.000000 1.183216 0.757858 0.000000
 0.200556 2.000000 0.000000 2.000000 1.183216 0.757858 0.000000
 0.201667 2.000000 0.000000 2.000000 1.183216 0.757858 0.000000
 0.202778 2.000000 0.000000 2.000000 1.183216 0.757858 0.000000
 0.203889 2.000000 0.000000 2.000000 1.183216 0.757858 0.000000
 0.205000 2.000000 0.000000 2.000000 1.183216 0.757858 0.000000
 0.206111 2.000000 0.000000 2.000000 1.183216 0.757858 0.000000
 0.207222 2.000000 0.000000 2.000000 1.183216 0.757858 0.000000
 0.208333 2.000000 0.000000 2.000000 1.183216 0.757858 0.000000
 0.209444 2.000000 0.000000 2.000000 1.183216 0.757858 0.000000
 0.210556 2.000000 0.000000 2.000000 1.183216 0.757858 0.000000
 0.211667 2.000000 0.000000 2.000000 1.183216 0.757858 0.000000
 0.212778 2.000000 0.000000 2.000000 1.183216 0.757858 0.000000
 0.213889 2.000000 0.000000 2.000000 1.183216 0.757858 0.000000
 0.215000 2.000000 0.000000 2.000000 1.183216 0.757858 0.000000
 0.216111 2.000000 0.000000 2.000000 1.183216 0.757858 0.000000
 0.217222 2.000000 0.000000 2.000000 1.183216 0.757858 0.000000
 0.218333 2.000000 0.000000 2.000000 1.183216 0.757858 0.000000
 0.219444 2.000000 0.000000 2.000000 1.183216 0.757858 0.000000
 0.220556 2.000000 0.000000 2.000000 1.183216 0.757858 0.000000
 0.221667 2.000000 0.000000 2.000000 1.183216 0.757858 0.000000
 0.222778 2.000000 0.000000 2.000000 1.183216 0.757858 0.000000
 0.223889 2.000000 0.000000 2.000000 1.183216 0.757858 0.000000
 0.225000 2.000000 0.000000 2.000000 1.183216 0.757858 0.000000
 0.226111 2.000000 0.000000 2.000000 1.183216 0.757858 0.000000
 0.227222 2.000000 0.000000 1.999999 1.183216 0.757858 0.000000
 0.228333 1.999999 0.000000 1.999999 1.183216 0.757858 0.000000
 0.229444 1.999999 0.000001 1.999999 1.183216 0.757858 0.000000
 0.230556 1.999999 0.000001 1.999998 1.183216 0.757858 0.000000
 0.231667 1.999998 0.000001 1.999997 1.183216 0.757858 0.000000
 0.232778 1.999997 0.000002 1.999996 1.183216 0.757858 0.000000
 0.233889 1.999996 0.000002 1.999994 1.183215 0.757858 0.000000
 0.235000 1.999994 0.000003 1.999992 1.183215 0.757858 0.000000
 0.236111 1.999992 0.000005 1.999989 1.183215 0.757858 0.000000
 0.237222 1.999989 0.000007 1.999984 1.183215 0.757858 0.000000
 0.238333 1.999985 0.000009 1.999978 1.183214 0.757858 0.000000
 0.239444 1.999979 0.000013 1.999970 1.183213 0.757858 0.000000
 0.240556 1.999971 0.000017 1.999959 1.183212 0.757858 0.000000
 0.241667 1.999960 0.000024 1.999944 1.183211 0.757858 0.000000
 0.242778 1.999946 0.000032 1.999924 1.183210 0.757858 0.000000
 0.243889 1.999927 0.000043 1.999898 1.183207 0.757858 0.000000
 0.245000 1.999902 0.000058 1.999863 1.183204 0.757858 0.000000
 0.246111 1.999871 0.000077 1.999819 1.183201 0.757858 0.000000
 0.247222 1.999829 0.000101 1.999761 1.183196 0.757858 0.000000
 0.248333 1.999776 0.000132 1.999687 1.183190 0.757858 0.000000
 0.249444 1.999709 0.000172 1.999593 1.183182 0.757858 0.000000
 0.250556 1.999624 0.000222 1.999474 1.183172 0.757858 0.000000
 0.251667 1.999518 0.000285 1.999325 1.183159 0.757858 0.000000
 0.252778 1.999386 0.000364 1.999140 1.183143 0.757858 0.000000
 0.253889 1.999222 0.000460 1.998911 1.183124 0.757858 0.000000
 0.255000 1.999021 0.000579 1.998630 1.183100 0.757858 0.000000
 0.256111 1.998777 0.000724 1.998288 1.183071 0.757858 0.000000
 0.257222 1.998482 0.000898 1.997876 1.183036 0.757858 0.000000
 0.258333 1.998129 0.001107 1.997381 1.182994 0.757858 0.000000
 0.259444 1.997708 0.001357 1.996792 1.182945 0.757858 0.000000
 0.260556 1.997210 0.001651 1.996095 1.182886 0.757858 0.000000
 0.261667 1.996626 0.001997 1.995278 1.182817 0.757858 0.000000
 0.262778 1.995945 0.002400 1.994326 1.182736 0.757858 0.000000
 0.263889 1.995158 0.002867 1.993225 1.182643 0.757858 0.000000
 0.265000 1.994254 0.003403 1.991960 1.182535 0.757859 0.000000
 0.266111 1.993221 0.004015 1.990517 1.182413 0.757859 0.000000
 0.267222 1.992051 0.004710 1.988882 1.182274 0.757859 0.000000
 0.268333 1.990733 0.005492 1.987040 1.182118 0.757859 0.000000
 0.269444 1.989258 0.006368 1.984980 1.181943 0.757859 0.000000
 0.270556 1.987618 0.007342 1.982689 1.181748 0.757859 0.000000
 0.271667 1.985805 0.008421 1.980158 1.181532 0.757859 0.000000
 0.272778 1.983811 0.009607 1.977377 1.181295 0.757860 0.000000
 0.273889 1.981633 0.010904 1.974338 1.181036 0.757860 0.000000
 0.275000 1.979265 0.012316 1.971037 1.180754 0.757861 0.000000
 0.276111 1.976704 0.013844 1.967468 1.180449 0.757861 0.000000
 0.277222 1.973948 0.015490 1.963631 1.180120 0.757862 0.000000
 0.278333 1.970996 0.017255 1.959523 1.179767 0.757862 0.000000
 0.279444 1.967849 0.019139 1.955146 1.179391 0.757863 0.000000
 0.280556 1.964508 0.021141 1.950503 1.178991 0.757864 0.000000
 0.281667 1.960976 0.023261 1.945597 1.178567 0.757865 0.000000
 0.282778 1.957255 0.025498 1.940434 1.178121 0.757866 0.000000
 0.283889 1.953351 0.027848 1.935021 1.177651 0.757867 0.000000
 0.285000 1.949268 0.030310 1.929364 1.177160 0.757869 0.000000
 0.286111 1.945013 0.032880 1.923473 1.176646 0.757870 0.000000
 0.287222 1.940590 0.035556 1.917357 1.176112 0.757872 0.000000
 0.288333 1.936006 0.038334 1.911024 1.175557 0.757873 0.000000
 0.289444 1.931269 0.041211 1.904486 1.174983 0.757875 0.000000
 0.290556 1.926386 0.044183 1.897752 1.174389 0.757877 0.000000
 0.291667 1.921364 0.047245 1.890834 1.173778 0.757879 0.000000
 0.292778 1.916209 0.050394 1.883742 1.173149 0.757881 0.000000
 0.293889 1.910931 0.053627 1.876487 1.172504 0.757884 0.000000
 0.295000 1.905535 0.056938 1.869079 1.171843 0.757886 0.000000
 0.296111 1.900030 0.060324 1.861530 1.171167 0.757889 0.000000
 0.297222 1.894422 0.063781 1.853849 1.170477 0.757891 0.000000
 0.298333 1.888719 0.067306 1.846046 1.169773 0.757894 0.000000
 0.299444 1.882926 0.070894 1.838132 1.169057 0.757897 0.000000
 0.300556 1.877052 0.074542 1.830116 1.168329 0.757900 0.000000
 0.301667 1.871102 0.078246 1.822007 1.167590 0.757903 0.000000
 0.302778 1.865082 0.082003 1.813813 1.166840 0.757906 0.000000
 0.303889 1.858999 0.085809 1.805544 1.166080 0.757909 0.000000
 0.305000 1.852858 0.089662 1.797207 1.165311 0.757913 0.000000
 0.306111 1.846665 0.093557 1.788811 1.164534 0.757916 0.000000
 0.307222 1.840426 0.097493 1.780363 1.163749 0.757919 0.000000
 0.308333 1.834144 0.101466 1.771870 1.162956 0.757923 0.000000
 0.309444 1.827826 0.105472 1.763340 1.162156 0.757927 0.000000
 0.310556 1.821476 0.109511 1.754778 1.161351 0.757930 0.000000
 0.311667 1.815098 0.113577 1.746191 1.160539 0.757934 0.000000
 0.312778 1.808698 0.117671 1.737585 1.159722 0.757938 0.000000
 0.313889 1.802279 0.121787 1.728967 1.158901 0.757942 0.000000
 0.315000 1.795845 0.125925 1.720341 1.158075 0.757946 0.000000
 0.316111 1.789401 0.130081 1.711714 1.157246 0.757950 0.000000
 0.317222 1.782950 0.134254 1.703090 1.156414 0.757954 0.000000
 0.318333 1.776497 0.138440 1.694475 1.155578 0.757958 0.000000
 0.319444 1.770045 0.142638 1.685875 1.154741 0.757962 0.000000
 0.320556 1.763597 0.146845 1.677293 1.153901 0.757966 0.000000
 0.321667 1.757158 0.151058 1.668735 1.153061 0.757970 0.000000
 0.322778 1.750732 0.155276 1.660205 1.152219 0.757974 0.000000
 0.323889 1.744321 0.159496 1.651709 1.151377 0.757978 0.000000
 0.325000 1.737929 0.163716 1.643251 1.150535 0.757982 0.000000
 0.326111 1.731561 0.167932 1.634837 1.149694 0.757987 0.000000
 0.327222 1.725220 0.172143 1.626470 1.148854 0.757991 0.000000
 0.328333 1.718909 0.176346 1.618156 1.148016 0.757995 0.000000
 0.329444 1.712633 0.180538 1.609900 1.147179 0.757999 0.000000
 0.330556 1.706397 0.184716 1.601707 1.146346 0.758003 0.000000
 0.331667 1.700203 0.188878 1.593582 1.145515 0.758008 0.000000
 0.332778 1.694056 0.193020 1.585531 1.144689 0.758012 0.000000
 0.333889 1.687961 0.197138 1.577559 1.143867 0.758016 0.000000
 0.335000 1.681923 0.201231 1.569672 1.143051 0.758020 0.000000
 0.336111 1.675946 0.205293 1.561877 1.142240 0.758024 0.000000
 0.337222 1.670035 0.209322 1.554179 1.141437 0.758028 0.000000
 0.338333 1.664197 0.213313 1.546586 1.140640 0.758032 0.000000
 0.339444 1.658436 0.217262 1.539103 1.139852 0.758036 0.000000
 0.340556 1.652758 0.221164 1.531740 1.139074 0.758040 0.000000
 0.341667 1.647170 0.225015 1.524502 1.138305 0.758043 0.000000
 0.342778 1.641679 0.228810 1.517399 1.137548 0.758047 0.000000
 0.343889 1.636291 0.232544 1.510439 1.136803 0.758051 0.000000
 0.345000 1.631013 0.236211 1.503629 1.136072 0.758054 0.000000
 0.346111 1.625854 0.239805 1.496981 1.135354 0.758058 0.000000
 0.347222 1.620819 0.243320 1.490503 1.134653 0.758061 0.000000
 0.348333 1.615919 0.246750 1.484204 1.133968 0.758064 0.000000
 0.349444 1.611161 0.250089 1.478095 1.133302 0.758067 0.000000
 0.350556 1.606552 0.253330 1.472185 1.132655 0.758070 0.000000
 0.351667 1.602103 0.256467 1.466485 1.132029 0.758073 0.000000
 0.352778 1.597820 0.259493 1.461005 1.131426 0.758076 0.000000
 0.353889 1.593713 0.262401 1.455755 1.130845 0.758079 0.000000
 0.355000 1.589788 0.265185 1.450744 1.130290 0.758081 0.000000
 0.356111 1.586054 0.267839 1.445980 1.129760 0.758084 0.000000
 0.357222 1.582518 0.270357 1.441473 1.129257 0.758086 0.000000
 0.358333 1.579184 0.272735 1.437228 1.128783 0.758088 0.000000
 0.359444 1.576059 0.274968 1.433251 1.128337 0.758090 0.000000
 0.360556 1.573145 0.277053 1.429546 1.127921 0.758092 0.000000
 0.361667 1.570446 0.278987 1.426116 1.127535 0.758094 0.000000
 0.362778 1.567961 0.280770 1.422961 1.127179 0.758095 0.000000
 0.363889 1.565689 0.282402 1.420079 1.126854 0.758097 0.000000
 0.365000 1.563629 0.283884 1.417466 1.126558 0.758098 0.000000
 0.366111 1.561773 0.285220 1.415115 1.126292 0.758100 0.000000
 0.367222 1.560117 0.286413 1.413017 1.126054 0.758101 0.000000
 0.368333 1.558652 0.287469 1.411162 1.125843 0.758103 0.000000
 0.369444 1.557367 0.288396 1.409536 1.125658 0.758104 0.000000
 0.370556 1.556251 0.289201 1.408124 1.125498 0.758105 0.000000
 0.371667 1.555292 0.289894 1.406911 1.125360 0.758107 0.000000
 0.372778 1.554475 0.290483 1.405880 1.125243 0.758108 0.000000
 0.373889 1.553787 0.290980 1.405012 1.125144 0.758109 0.000000
 0.375000 1.553215 0.291393 1.404289 1.125062 0.758110 0.000000
 0.376111 1.552743 0.291733 1.403695 1.124995 0.758112 0.000000
 0.377222 1.552359 0.292010 1.403211 1.124940 0.758113 0.000000
 0.378333 1.552051 0.292232 1.402823 1.124896 0.758114 0.000000
 0.379444 1.551805 0.292408 1.402515 1.124862 0.758115 0.000000
 0.380556 1.551613 0.292546 1.402274 1.124835 0.758117 0.000000
 0.381667 1.551464 0.292653 1.402088 1.124814 0.758118 0.000000
 0.382778 1.551350 0.292734 1.401946 1.124799 0.758119 0.000000
 0.383889 1.551264 0.292795 1.401840 1.124787 0.758121 0.000000
 0.385000 1.551200 0.292840 1.401761 1.124779 0.758122 0.000000
 0.386111 1.551153 0.292872 1.401704 1.124773 0.758123 0.000000
 0.387222 1.551119 0.292895 1.401664 1.124769 0.758125 0.000000
 0.388333 1.551095 0.292911 1.401637 1.124767 0.758126 0.000000
 0.389444 1.551079 0.292921 1.401618 1.124765 0.758128 0.000000
 0.390556 1.551067 0.292928 1.401607 1.124765 0.758129 0.000000
 0.391667 1.551060 0.292931 1.401600 1.124765 0.758131 0.000000
 0.392778 1.551055 0.292933 1.401596 1.124765 0.758132 0.000000
 0.393889 1.551052 0.292934 1.401595 1.124766 0.758134 0.000000
 0.395000 1.551050 0.292933 1.401596 1.124767 0.758135 0.000000
 0.396111 1.551049 0.292932 1.401598 1.124768 0.758137 0.000000
 0.397222 1.551049 0.292931 1.401600 1.124769 0.758138 0.000000
 0.398333 1.551049 0.292929 1.401603 1.124770 0.758140 0.000000
 0.399444 1.551049 0.292927 1.401606 1.124771 0.758141 0.000000
 0.400556 1.551049 0.292926 1.401609 1.124772 0.758143 0.000000
 0.401667 1.551049 0.292924 1.401612 1.124774 0.758145 0.000000
 0.402778 1.551049 0.292922 1.401615 1.124775 0.758146 0.000000
 0.403889 1.551049 0.292920 1.401617 1.124776 0.758148 0.000000
 0.405000 1.551048 0.292918 1.401620 1.124777 0.758150 0.000000
 0.406111 1.551048 0.292917 1.401623 1.124778 0.758151 0.000000
 0.407222 1.551048 0.292915 1.401626 1.124780 0.758153 0.000000
 0.408333 1.551047 0.292913 1.401628 1.124781 0.758155 0.000000
 0.409444 1.551047 0.292912 1.401631 1.124782 0.758156 0.000000
 0.410556 1.551046 0.292910 1.401633 1.124783 0.758158 0.000000
 0.411667 1.551045 0.292909 1.401635 1.124785 0.758160 0.000000
 0.412778 1.551044 0.292908 1.401638 1.124786 0.758162 0.000000
 0.413889 1.551043 0.292906 1.401640 1.124787 0.758164 0.000000
 0.415000 1.551042 0.292905 1.401642 1.124788 0.758166 0.000000
 0.416111 1.551041 0.292904 1.401644 1.124790 0.758168 0.000000
 0.417222 1.551039 0.292902 1.401646 1.124791 0.758170 0.000000
 0.418333 1.551038 0.292901 1.401648 1.124792 0.758172 0.000000
 0.419444 1.551036 0.292900 1.401650 1.124793 0.758174 0.000000
 0.420556 1.551035 0.292899 1.401651 1.124795 0.758176 0.000000
 0.421667 1.551033 0.292898 1.401653 1.124796 0.758178 0.000000
 0.422778 1.551032 0.292897 1.401655 1.124797 0.758180 0.000000
 0.423889 1.551030 0.292896 1.401656 1.124799 0.758182 0.000000
 0.425000 1.551028 0.292895 1.401658 1.124800 0.758184 0.000000
 0.426111 1.551026 0.292894 1.401659 1.124801 0.758186 0.000000
 0.427222 1.551024 0.292893 1.401661 1.124803 0.758188 0.000000
 0.428333 1.551022 0.292892 1.401662 1.124804 0.758191 0.000000
 0.429444 1.551019 0.292891 1.401664 1.124805 0.758193 0.000000
 0.430556 1.551017 0.292890 1.401665 1.124807 0.758195 0.000000
 0.431667 1.551015 0.292889 1.401666 1.124808 0.758198 0.000000
 0.432778 1.551012 0.292888 1.401668 1.124809 0.758200 0.000000
 0.433889 1.551010 0.292887 1.401669 1.124811 0.758202 0.000000
 0.435000 1.551007 0.292886 1.401670 1.124812 0.758205 0.000000
 0.436111 1.551004 0.292886 1.401671 1.124814 0.758207 0.000000
 0.437222 1.551001 0.292885 1.401673 1.124815 0.758210 0.000000
 0.438333 1.550999 0.292884 1.401674 1.124817 0.758213 0.000000
 0.439444 1.550996 0.292883 1.401675 1.124818 0.758215 0.000000
 0.440556 1.550992 0.292882 1.401676 1.124820 0.758218 0.000000
 0.441667 1.550989 0.292882 1.401677 1.124821 0.758221 0.000000
 0.442778 1.550986 0.292881 1.401678 1.124823 0.758223 0.000000
 0.443889 1.550983 0.292880 1.401679 1.124825 0.758226 0.000000
 0.445000 1.550979 0.292880 1.401680 1.124826 0.758229 0.000000
 0.446111 1.550976 0.292879 1.401681 1.124828 0.758232 0.000000
 0.447222 1.550972 0.292878 1.401682 1.124830 0.758235 0.000000
 0.448333 1.550969 0.292878 1.401683 1.124831 0.758238 0.000000
 0.449444 1.550965 0.292877 1.401683 1.124833 0.758241 0.000000
 0.450556 1.550961 0.292876 1.401684 1.124835 0.758244 0.000000
 0.451667 1.550957 0.292876 1.401685 1.124836 0.758247 0.000000
 0.452778 1.550953 0.292875 1.401686 1.124838 0.758251 0.000000
 0.453889 1.550949 0.292875 1.401687 1.124840 0.758254 0.000000
 0.455000 1.550944 0.292874 1.401687 1.124842 0.758257 0.000000
 0.456111 1.550940 0.292873 1.401688 1.124844 0.758261 0.000000
 0.457222 1.550935 0.292873 1.401689 1.124846 0.758264 0.000000
 0.458333 1.550931 0.292872 1.401690 1.124848 0.758268 0.000000
 0.459444 1.550926 0.292872 1.401690 1.124850 0.758271 0.000000
 0.460556 1.550921 0.292871 1.401691 1.124852 0.758275 0.000000
 0.461667 1.550916 0.292871 1.401692 1.124854 0.758279 0.000000
 0.462778 1.550911 0.292870 1.401692 1.124856 0.758283 0.000000
 0.463889 1.550906 0.292870 1.401693 1.124858 0.758287 0.000000
 0.465000 1.550900 0.292869 1.401694 1.124860 0.758291 0.000000
 0.466111 1.550895 0.292869 1.401694 1.124863 0.758295 0.000000
 0.467222 1.550889 0.292868 1.401695 1.124865 0.758299 0.000000
 0.468333 1.550883 0.292868 1.401695 1.124867 0.758303 0.000000
 0.469444 1.550877 0.292867 1.401696 1.124870 0.758308 0.000000
 0.470556 1.550871 0.292867 1.401696 1.124872 0.758312 0.000000
 0.471667 1.550865 0.292866 1.401697 1.124875 0.758317 0.000000
 0.472778 1.550858 0.292866 1.401697 1.124877 0.758321 0.000000
 0.473889 1.550852 0.292865 1.401698 1.124880 0.758326 0.000000
 0.475000 1.550845 0.292865 1.401698 1.124882 0.758331 0.000000
 0.476111 1.550838 0.292864 1.401699 1.124885 0.758336 0.000000
 0.477222 1.550831 0.292864 1.401699 1.124888 0.758341 0.000000
 0.478333 1.550823 0.292864 1.401700 1.124891 0.758347 0.000000
 0.479444 1.550816 0.292863 1.401700 1.124894 0.758352 0.000000
 0.480556 1.550808 0.292863 1.401701 1.124897 0.758358 0.000000
 0.481667 1.550800 0.292862 1.401701 1.124900 0.758363 0.000000
 0.482778 1.550792 0.292862 1.401701 1.124903 0.758369 0.000000
 0.483889 1.550783 0.292862 1.401702 1.124906 0.758375 0.000000
 0.485000 1.550775 0.292861 1.401702 1.124909 0.758381 0.000000
 0.486111 1.550766 0.292861 1.401703 1.124913 0.758388 0.000000
 0.487222 1.550756 0.292860 1.401703 1.124916 0.758394 0.000000
 0.488333 1.550747 0.292860 1.401703 1.124920 0.758401 0.000000
 0.489444 1.550737 0.292860 1.401704 1.124924 0.758408 0.000000
 0.490556 1.550727 0.292859 1.401704 1.124927 0.758415 0.000000
 0.491667 1.550716 0.292859 1.401704 1.124931 0.758422 0.000000
 0.492778 1.550706 0.292858 1.401705 1.124935 0.758430 0.000000
 0.493889 1.550694 0.292858 1.401705 1.124940 0.758438 0.000000
 0.495000 1.550683 0.292858 1.401705 1.124944 0.758446 0.000000
 0.496111 1.550671 0.292857 1.401706 1.124948 0.758454 0.000000
 0.497222 1.550659 0.292857 1.401706 1.124953 0.758463 0.000000
 0.498333 1.550646 0.292857 1.401706 1.124958 0.758472 0.000000
 0.499444 1.550633 0.292856 1.401706 1.124963 0.758481 0.000000
 0.500556 1.550619 0.292856 1.401707 1.124968 0.758490 0.000000
 0.501667 1.550605 0.292856 1.401707 1.124973 0.758500 0.000000
 0.502778 1.550590 0.292855 1.401707 1.124978 0.758511 0.000000
 0.503889 1.550574 0.292855 1.401707 1.124984 0.758521 0.000000
 0.505000 1.550558 0.292855 1.401708 1.124990 0.758532 0.000000
 0.506111 1.550542 0.292854 1.401708 1.124996 0.758544 0.000000
 0.507222 1.550524 0.292854 1.401708 1.125003 0.758556 0.000000
 0.508333 1.550506 0.292854 1.401708 1.125009 0.758568 0.000000
 0.509444 1.550487 0.292853 1.401708 1.125016 0.758582 0.000000
 0.510556 1.550467 0.292853 1.401709 1.125024 0.758595 0.000000
 0.511667 1.550446 0.292853 1.401709 1.125031 0.758610 0.000000
 0.512778 1.550424 0.292852 1.401709 1.125039 0.758625 0.000000
 0.513889 1.550401 0.292852 1.401709 1.125048 0.758641 0.000000
 0.515000 1.550377 0.292852 1.401709 1.125056 0.758657 0.000000
 0.516111 1.550352 0.292851 1.401710 1.125066 0.758675 0.000000
 0.517222 1.550325 0.292851 1.401710 1.125076 0.758693 0.000000
 0.518333 1.550296 0.292851 1.401710 1.125086 0.758713 0.000000
 0.519444 1.550266 0.292851 1.401710 1.125097 0.758734 0.000000
 0.520556 1.550233 0.292850 1.401710 1.125109 0.758756 0.000000
 0.521667 1.550199 0.292850 1.401710 1.125122 0.758780 0.000000
 0.522778 1.550161 0.292850 1.401710 1.125135 0.758806 0.000000
 0.523889 1.550120 0.292849 1.401710 1.125150 0.758834 0.000000
 0.525000 1.550074 0.292849 1.401711 1.125167 0.758866 0.000000
 0.526111 1.550020 0.292849 1.401711 1.125187 0.758903 0.000000
 0.527222 1.549956 0.292849 1.401711 1.125210 0.758947 0.000000
 0.528333 1.549874 0.292848 1.401711 1.125240 0.759003 0.000000
 0.529444 1.549763 0.292848 1.401711 1.125280 0.759079 0.000000
 0.530556 1.549605 0.292848 1.401711 1.125337 0.759187 0.000000
 0.531667 1.549374 0.292847 1.401711 1.125421 0.759346 0.000000
 0.532778 1.549028 0.292847 1.401711 1.125547 0.759583 0.000000
 0.533889 1.548510 0.292847 1.401711 1.125735 0.759939 0.000000
 0.535000 1.547741 0.292847 1.401711 1.126015 0.760468 0.000000
 0.536111 1.546616 0.292846 1.401711 1.126424 0.761242 0.000000
 0.537222 1.545006 0.292846 1.401711 1.127011 0.762353 0.000000
 0.538333 1.542756 0.292846 1.401711 1.127833 0.763910 0.000000
 0.539444 1.539690 0.292845 1.401711 1.128955 0.766041 0.000000
 0.540556 1.535619 0.292845 1.401711 1.130451 0.768886 0.000000
 0.541667 1.530356 0.292845 1.401711 1.132393 0.772590 0.000000
 0.542778 1.523731 0.292845 1.401712 1.134852 0.777297 0.000000
 0.543889 1.515607 0.292844 1.401712 1.137889 0.783136 0.000000
 0.545000 1.505902 0.292844 1.401712 1.141550 0.790211 0.000000
 0.546111 1.494601 0.292844 1.401712 1.145858 0.798589 0.000000
 0.547222 1.481771 0.292844 1.401712 1.150808 0.808286 0.000000
 0.548333 1.467560 0.292843 1.401712 1.156366 0.819265 0.000000
 0.549444 1.452202 0.292843 1.401712 1.162465 0.831421 0.000000
 0.550556 1.435995 0.292843 1.401711 1.169006 0.844587 0.000000
 0.551667 1.419291 0.292842 1.401711 1.175865 0.858536 0.000000
 0.552778 1.402468 0.292842 1.401711 1.182897 0.872988 0.000000
 0.553889 1.385907 0.292842 1.401711 1.189943 0.887627 0.000000
 0.555000 1.369964 0.292842 1.401711 1.196847 0.902123 0.000000
 0.556111 1.354950 0.292841 1.401711 1.203460 0.916149 0.000000
 0.557222 1.341112 0.292841 1.401711 1.209653 0.929410 0.000000
 0.558333 1.328628 0.292841 1.401711 1.215323 0.941659 0.000000
 0.559444 1.317600 0.292841 1.401711 1.220398 0.952712 0.000000
 0.560556 1.308056 0.292840 1.401711 1.224842 0.962458 0.000000
 0.561667 1.299965 0.292840 1.401711 1.228648 0.970855 0.000000
 0.562778 1.293242 0.292840 1.401711 1.231837 0.977927 0.000000
 0.563889 1.287768 0.292840 1.401711 1.234453 0.983753 0.000000
 0.565000 1.283398 0.292839 1.401711 1.236553 0.988446 0.000000
 0.566111 1.279977 0.292839 1.401711 1.238204 0.992145 0.000000
 0.567222 1.277354 0.292839 1.401711 1.239475 0.994999 0.000000
 0.568333 1.275381 0.292839 1.401711 1.240433 0.997155 0.000000
 0.569444 1.273927 0.292838 1.401711 1.241140 0.998748 0.000000
 0.570556 1.272879 0.292838 1.401711 1.241651 0.999899 0.000000
 0.571667 1.272140 0.292838 1.401710 1.242012 1.000713 0.000000
 0.572778 1.271632 0.292837 1.401710 1.242260 1.001273 0.000000
 0.573889 1.271291 0.292837 1.401710 1.242426 1.001648 0.000000
 0.575000 1.271071 0.292837 1.401710 1.242534 1.001891 0.000000
 0.576111 1.270935 0.292837 1.401710 1.242600 1.002041 0.000000
 0.577222 1.270856 0.292836 1.401710 1.242639 1.002129 0.000000
 0.578333 1.270815 0.292836 1.401710 1.242659 1.002174 0.000000
 0.579444 1.270799 0.292836 1.401710 1.242667 1.002191 0.000000
 0.580556 1.270798 0.292836 1.401710 1.242667 1.002192 0.000000
 0.581667 1.270807 0.292835 1.401709 1.242663 1.002182 0.000000
 0.582778 1.270821 0.292835 1.401709 1.242656 1.002166 0.000000
 0.583889 1.270838 0.292835 1.401709 1.242647 1.002148 0.000000
 0.585000 1.270856 0.292835 1.401709 1.242639 1.002128 0.000000
 0.586111 1.270874 0.292834 1.401709 1.242630 1.002108 0.000000
 0.587222 1.270892 0.292834 1.401709 1.242621 1.002088 0.000000
 0.588333 1.270909 0.292834 1.401709 1.242612 1.002069 0.000000
 0.589444 1.270926 0.292833 1.401708 1.242604 1.002050 0.000000
 0.590556 1.270941 0.292833 1.401708 1.242596 1.002033 0.000000
 0.591667 1.270956 0.292833 1.401708 1.242589 1.002016 0.000000
 0.592778 1.270970 0.292833 1.401708 1.242582 1.002001 0.000000
 0.593889 1.270984 0.292832 1.401708 1.242575 1.001986 0.000000
 0.595000 1.270996 0.292832 1.401708 1.242569 1.001971 0.000000
 0.596111 1.271008 0.292832 1.401707 1.242563 1.001958 0.000000
 0.597222 1.271020 0.292832 1.401707 1.242557 1.001945 0.000000
 0.598333 1.271031 0.292831 1.401707 1.242552 1.001933 0.000000
 0.599444 1.271041 0.292831 1.401707 1.242547 1.001921 0.000000
 0.600556 1.271051 0.292831 1.401707 1.242542 1.001910 0.000000
 0.601667 1.271061 0.292830 1.401706 1.242537 1.001900 0.000000
 0.602778 1.271070 0.292830 1.401706 1.242533 1.001890 0.000000
 0.603889 1.271078 0.292830 1.401706 1.242528 1.001880 0.000000
 0.605000 1.271087 0.292830 1.401706 1.242524 1.001871 0.000000
 0.606111 1.271095 0.292829 1.401705 1.242520 1.001862 0.000000
 0.607222 1.271102 0.292829 1.401705 1.242516 1.001853 0.000000
 0.608333 1.271110 0.292829 1.401705 1.242513 1.001845 0.000000
 0.609444 1.271117 0.292828 1.401705 1.242509 1.001837 0.000000
 0.610556 1.271123 0.292828 1.401705 1.242506 1.001829 0.000000
 0.611667 1.271130 0.292828 1.401704 1.242503 1.001822 0.000000
 0.612778 1.271136 0.292827 1.401704 1.242499 1.001815 0.000000
 0.613889 1.271142 0.292827 1.401704 1.242496 1.001808 0.000000
 0.615000 1.271148 0.292827 1.401703 1.242493 1.001802 0.000000
 0.616111 1.271153 0.292827 1.401703 1.242491 1.001795 0.000000
 0.617222 1.271159 0.292826 1.401703 1.242488 1.001789 0.000000
 0.618333 1.271164 0.292826 1.401703 1.242485 1.001783 0.000000
 0.619444 1.271169 0.292826 1.401702 1.242483 1.001778 0.000000
 0.620556 1.271173 0.292825 1.401702 1.242480 1.001772 0.000000
 0.621667 1.271178 0.292825 1.401702 1.242478 1.001767 0.000000
 0.622778 1.271182 0.292825 1.401701 1.242476 1.001762 0.000000
 0.623889 1.271187 0.292824 1.401701 1.242473 1.001757 0.000000
 0.625000 1.271191 0.292824 1.401701 1.242471 1.001752 0.000000
 0.626111 1.271195 0.292824 1.401700 1.242469 1.001747 0.000000
 0.627222 1.271199 0.292823 1.401700 1.242467 1.001743 0.000000
 0.628333 1.271202 0.292823 1.401700 1.242465 1.001739 0.000000
 0.629444 1.271206 0.292823 1.401699 1.242463 1.001734 0.000000
 0.630556 1.271210 0.292822 1.401699 1.242461 1.001730 0.000000
 0.631667 1.271213 0.292822 1.401699 1.242459 1.001726 0.000000
 0.632778 1.271216 0.292822 1.401698 1.242458 1.001722 0.000000
 0.633889 1.271219 0.292821 1.401698 1.242456 1.001719 0.000000
 0.635000 1.271222 0.292821 1.401698 1.242454 1.001715 0.000000
 0.636111 1.271225 0.292821 1.401697 1.242453 1.001712 0.000000
 0.637222 1.271228 0.292820 1.401697 1.242451 1.001708 0.000000
 0.638333 1.271231 0.292820 1.401697 1.242450 1.001705 0.000000
 0.639444 1.271234 0.292820 1.401696 1.242448 1.001702 0.000000
 0.640556 1.271236 0.292819 1.401696 1.242447 1.001698 0.000000
 0.641667 1.271239 0.292819 1.401695 1.242445 1.001695 0.000000
 0.642778 1.271241 0.292819 1.401695 1.242444 1.001692 0.000000
 0.643889 1.271243 0.292818 1.401694 1.242443 1.001690 0.000000
 0.645000 1.271246 0.292818 1.401694 1.242441 1.001687 0.000000
 0.646111 1.271248 0.292817 1.401694 1.242440 1.001684 0.000000
 0.647222 1.271250 0.292817 1.401693 1.242439 1.001681 0.000000
 0.648333 1.271252 0.292817 1.401693 1.242438 1.001679 0.000000
 0.649444 1.271254 0.292816 1.401692 1.242436 1.001676 0.000000
 0.650556 1.271256 0.292816 1.401692 1.242435 1.001674 0.000000
 0.651667 1.271258 0.292815 1.401691 1.242434 1.001672 0.000000
 0.652778 1.271260 0.292815 1.401691 1.242433 1.001669 0.000000
 0.653889 1.271261 0.292815 1.401690 1.242432 1.001667 0.000000
 0.655000 1.271263 0.292814 1.401690 1.242431 1.001665 0.000000
 0.656111 1.271264 0.292814 1.401689 1.242430 1.001663 0.000000
 0.657222 1.271266 0.292813 1.401689 1.242429 1.001661 0.000000
 0.658333 1.271268 0.292813 1.401688 1.242428 1.001658 0.000000
 0.659444 1.271269 0.292813 1.401688 1.242427 1.001657 0.000000
 0.660556 1.271270 0.292812 1.401687 1.242426 1.001655 0.000000
 0.661667 1.271272 0.292812 1.401687 1.242425 1.001653 0.000000
 0.662778 1.271273 0.292811 1.401686 1.242424 1.001651 0.000000
 0.663889 1.271274 0.292811 1.401685 1.242424 1.001649 0.000000
 0.665000 1.271275 0.292810 1.401685 1.242423 1.001647 0.000000
 0.666111 1.271277 0.292810 1.401684 1.242422 1.001646 0.000000
 0.667222 1.271278 0.292809 1.401684 1.242421 1.001644 0.000000
 0.668333 1.271279 0.292809 1.401683 1.242420 1.001642 0.000000
 0.669444 1.271280 0.292808 1.401682 1.242419 1.001641 0.000000
 0.670556 1.271281 0.292808 1.401682 1.242419 1.001639 0.000000
 0.671667 1.271282 0.292807 1.401681 1.242418 1.001638 0.000000
 0.672778 1.271283 0.292807 1.401680 1.242417 1.001636 0.000000
 0.673889 1.271283 0.292806 1.401680 1.242416 1.001635 0.000000
 0.675000 1.271284 0.292806 1.401679 1.242416 1.001633 0.000000
 0.676111 1.271285 0.292805 1.401678 1.242415 1.001632 0.000000
 0.677222 1.271286 0.292805 1.401677 1.242414 1.001631 0.000000
 0.678333 1.271286 0.292804 1.401677 1.242414 1.001629 0.000000
 0.679444 1.271287 0.292804 1.401676 1.242413 1.001628 0.000000
 0.680556 1.271288 0.292803 1.401675 1.242412 1.001627 0.000000
 0.681667 1.271288 0.292803 1.401674 1.242412 1.001626 0.000000
 0.682778 1.271289 0.292802 1.401674 1.242411 1.001624 0.000000
 0.683889 1.271289 0.292801 1.401673 1.242410 1.001623 0.000000
 0.685000 1.271290 0.292801 1.401672 1.242410 1.001622 0.000000
 0.686111 1.271290 0.292800 1.401671 1.242409 1.001621 0.000000
 0.687222 1.271291 0.292799 1.401670 1.242409 1.001620 0.000000
 0.688333 1.271291 0.292799 1.401669 1.242408 1.001619 0.000000
 0.689444 1.271292 0.292798 1.401668 1.242408 1.001618 0.000000
 0.690556 1.271292 0.292798 1.401667 1.242407 1.001617 0.000000
 0.691667 1.271292 0.292797 1.401666 1.242406 1.001616 0.000000
 0.692778 1.271292 0.292796 1.401666 1.242406 1.001615 0.000000
 0.693889 1.271293 0.292796 1.401665 1.242405 1.001614 0.000000
 0.695000 1.271293 0.292795 1.401664 1.242405 1.001613 0.000000
 0.696111 1.271293 0.292794 1.401662 1.242404 1.001612 0.000000
 0.697222 1.271293 0.292793 1.401661 1.242404 1.001611 0.000000
 0.698333 1.271293 0.292793 1.401660 1.242403 1.001610 0.000000
 0.699444 1.271293 0.292792 1.401659 1.242403 1.001609 0.000000
 0.700556 1.271293 0.292791 1.401658 1.242402 1.001609 0.000000
 0.701667 1.271293 0.292790 1.401657 1.242402 1.001608 0.000000
 0.702778 1.271293 0.292789 1.401656 1.242401 1.001607 0.000000
 0.703889 1.271293 0.292789 1.401655 1.242401 1.001606 0.000000
 0.705000 1.271293 0.292788 1.401653 1.242400 1.001606 0.000000
 0.706111 1.271293 0.292787 1.401652 1.242400 1.001605 0.000000
 0.707222 1.271293 0.292786 1.401651 1.242399 1.001604 0.000000
 0.708333 1.271292 0.292785 1.401649 1.242399 1.001603 0.000000
 0.709444 1.271292 0.292784 1.401648 1.242398 1.001603 0.000000
 0.710556 1.271291 0.292783 1.401646 1.242398 1.001602 0.000000
 0.711667 1.271291 0.292782 1.401644 1.242397 1.001601 0.000000
 0.712778 1.271290 0.292780 1.401642 1.242397 1.001601 0.000000
 0.713889 1.271289 0.292779 1.401640 1.242396 1.001600 0.000000
 0.715000 1.271288 0.292777 1.401636 1.242395 1.001599 0.000000
 0.716111 1.271286 0.292774 1.401632 1.242395 1.001599 0.000000
 0.717222 1.271283 0.292771 1.401627 1.242394 1.001598 0.000000
 0.718333 1.271278 0.292766 1.401620 1.242392 1.001598 0.000000
 0.719444 1.271272 0.292759 1.401609 1.242391 1.001597 0.000000
 0.720556 1.271263 0.292750 1.401595 1.242389 1.001596 0.000000
 0.721667 1.271250 0.292736 1.401573 1.242386 1.001596 0.000000
 0.722778 1.271230 0.292716 1.401542 1.242382 1.001595 0.000000
 0.723889 1.271200 0.292687 1.401495 1.242375 1.001595 0.000000
 0.725000 1.271157 0.292644 1.401427 1.242367 1.001594 0.000000
 0.726111 1.271092 0.292580 1.401327 1.242354 1.001594 0.000000
 0.727222 1.270997 0.292486 1.401179 1.242335 1.001593 0.000000
 0.728333 1.270856 0.292349 1.400961 1.242307 1.001593 0.000000
 0.729444 1.270650 0.292147 1.400643 1.242266 1.001592 0.000000
 0.730556 1.270348 0.291851 1.400176 1.242207 1.001592 0.000000
 0.731667 1.269908 0.291419 1.399496 1.242120 1.001591 0.000000
 0.732778 1.269266 0.290791 1.398505 1.241995 1.001591 0.000000
 0.733889 1.268335 0.289879 1.397068 1.241812 1.001590 0.000000
 0.735000 1.266989 0.288560 1.394992 1.241548 1.001589 0.000000
 0.736111 1.265053 0.286660 1.392007 1.241167 1.001588 0.000000
 0.737222 1.262285 0.283938 1.387742 1.240622 1.001586 0.000000
 0.738333 1.258358 0.280068 1.381696 1.239847 1.001582 0.000000
 0.739444 1.252846 0.274616 1.373220 1.238754 1.001574 0.000000
 0.740556 1.245218 0.267033 1.361509 1.237233 1.001560 0.000000
 0.741667 1.234864 0.256671 1.345651 1.235153 1.001534 0.000000
 0.742778 1.221173 0.242844 1.324747 1.232372 1.001486 0.000000
 0.743889 1.203681 0.224976 1.298154 1.228772 1.001406 0.000000
 0.745000 1.182311 0.202832 1.265844 1.224301 1.001280 0.000000
 0.746111 1.157616 0.176817 1.228766 1.219035 1.001103 0.000000
 0.747222 1.130909 0.148170 1.189000 1.213224 1.000882 0.000000
 0.748333 1.104109 0.118888 1.149466 1.207275 1.000644 0.000000
 0.749444 1.079257 0.091257 1.113164 1.201659 1.000424 0.000000
 0.750556 1.057934 0.067182 1.082309 1.196770 1.000253 0.000000
 0.751667 1.040887 0.047688 1.057851 1.192819 1.000137 0.000000
 0.752778 1.028052 0.032863 1.039563 1.189822 1.000069 0.000000
 0.753889 1.018836 0.022137 1.026503 1.187659 1.000032 0.000000
 0.755000 1.012450 0.014665 1.017489 1.186156 1.000015 0.000000
 0.756111 1.008137 0.009600 1.011417 1.185139 1.000006 0.000000
 0.757222 1.005276 0.006231 1.007397 1.184463 1.000003 0.000000
 0.758333 1.003401 0.004019 1.004766 1.184020 1.000001 0.000000
 0.759444 1.002183 0.002581 1.003058 1.183732 1.000000 0.000000
 0.760556 1.001397 0.001652 1.001956 1.183546 1.000000 0.000000
 0.761667 1.000891 0.001054 1.001248 1.183427 1.000000 0.000000
 0.762778 1.000567 0.000671 1.000794 1.183350 1.000000 0.000000
 0.763889 1.000360 0.000426 1.000504 1.183301 1.000000 0.000000
 0.765000 1.000228 0.000270 1.000319 1.183270 1.000000 0.000000
 0.766111 1.000144 0.000171 1.000202 1.183250 1.000000 0.000000
 0.767222 1.000091 0.000108 1.000127 1.183237 1.000000 0.000000
 0.768333 1.000057 0.000068 1.000080 1.183229 1.000000 0.000000
 0.769444 1.000036 0.000042 1.000050 1.183224 1.000000 0.000000
 0.770556 1.000022 0.000027 1.000031 1.183221 1.000000 0.000000
 0.771667 1.000014 0.000017 1.000020 1.183219 1.000000 0.000000
 0.772778 1.000009 0.000010 1.000012 1.183218 1.000000 0.000000
 0.773889 1.000005 0.000006 1.000008 1.183217 1.000000 0.000000
 0.775000 1.000003 0.000004 1.000005 1.183217 1.000000 0.000000
 0.776111 1.000002 0.000002 1.000003 1.183216 1.000000 0.000000
 0.777222 1.000001 0.000001 1.000002 1.183216 1.000000 0.000000
 0.778333 1.000001 0.000001 1.000001 1.183216 1.000000 0.000000
 0.779444 1.000000 0.000001 1.000001 1.183216 1.000000 0.000000
 0.780556 1.000000 0.000000 1.000000 1.183216 1.000000 0.000000
 0.781667 1.000000 0.000000 1.000000 1.183216 1.000000 0.000000
 0.782778 1.000000 0.000000 1.000000 1.183216 1.000000 0.000000
 0.783889 1.000000 0.000000 1.000000 1.183216 1.000000 0.000000
 0.785000 1.000000 0.000000 1.000000 1.183216 1.000000 0.000000
 0.786111 1.000000 0.000000 1.000000 1.183216 1.000000 0.000000
 0.787222 1.000000 0.000000 1.000000 1.183216 1.000000 0.000000
 0.788333 1.000000 0.000000 1.000000 1.183216 1.000000 0.000000
 0.789444 1.000000 0.000000 1.000000 1.183216 1.000000 0.000000
 0.790556 1.000000 0.000000 1.000000 1.183216 1.000000 0.000000
 0.791667 1.000000 0.000000 1.000000 1.183216 1.000000 0.000000
 0.792778 1.000000 0.000000 1.000000 1.183216 1.000000 0.000000
 0.793889 1.000000 0.000000 1.000000 1.183216 1.000000 0.000000
 0.795000 1.000000 0.000000 1.000000 1.183216 1.000000 0.000000
 0.796111 1.000000 0.000000 1.000000 1.183216 1.000000 0.000000
 0.797222 1.000000 0.000000 1.000000 1.183216 1.000000 0.000000
 0.798333 1.000000 0.000000 1.000000 1.183216 1.000000 0.000000
 0.799444 1.000000 0.000000 1.000000 1.183216 1.000000 0.000000
 0.800556 1.000000 0.000000 1.000000 1.183216 1.000000 0.000000
 0.801667 1.000000 0.000000 1.000000 1.183216 1.000000 0.000000
 0.802778 1.000000 0.000000 1.000000 1.183216 1.000000 0.000000
 0.803889 1.000000 0.000000 1.000000 1.183216 1.000000 0.000000
 0.805000 1.000000 0.000000 1.000000 1.183216 1.000000 0.000000
 0.806111 1.000000 0.000000 1.000000 1.183216 1.000000 0.000000
 0.807222 1.000000 0.000000 1.000000 1.183216 1.000000 0.000000
 0.808333 1.000000 0.000000 1.000000 1.183216 1.000000 0.000000
 0.809444 1.000000 0.000000 1.000000 1.183216 1.000000 0.000000
 0.810556 1.000000 0.000000 1.000000 1.183216 1.000000 0.000000
 0.811667 1.000000 0.000000 1.000000 1.183216 1.000000 0.000000
 0.812778 1.000000 0.000000 1.000000 1.183216 1.000000 0.000000
 0.813889 1.000000 0.000000 1.000000 1.183216 1.000000 0.000000
 0.815000 1.000000 0.000000 1.000000 1.183216 1.000000 0.000000
 0.816111 1.000000 0.000000 1.000000 1.183216 1.000000 0.000000
 0.817222 1.000000 0.000000 1.000000 1.183216 1.000000 0.000000
 0.818333 1.000000 0.000000 1.000000 1.183216 1.000000 0.000000
 0.819444 1.000000 0.000000 1.000000 1.183216 1.000000 0.000000
 0.820556 1.000000 -0.000000 1.000000 1.183216 1.000000 0.000000
 0.821667 1.000000 0.000000 1.000000 1.183216 1.000000 0.000000
 0.822778 1.000000 -0.000000 1.000000 1.183216 1.000000 0.000000
 0.823889 1.000000 0.000000 1.000000 1.183216 1.000000 0.000000
 0.825000 1.000000 -0.000000 1.000000 1.183216 1.000000 0.000000
 0.826111 1.000000 0.000000 1.000000 1.183216 1.000000 0.000000
 0.827222 1.000000 -0.000000 1.000000 1.183216 1.000000 0.000000
 0.828333 1.000000 0.000000 1.000000 1.183216 1.000000 0.000000
 0.829444 1.000000 -0.000000 1.000000 1.183216 1.000000 0.000000
 0.830556 1.000000 0.000000 1.000000 1.183216 1.000000 0.000000
 0.831667 1.000000 -0.000000 1.000000 1.183216 1.000000 0.000000
 0.832778 1.000000 0.000000 1.000000 1.183216 1.000000 0.000000
 0.833889 1.000000 -0.000000 1.000000 1.183216 1.000000 0.000000
 0.835000 1.000000 0.000000 1.000000 1.183216 1.000000 0.000000
 0.836111 1.000000 -0.000000 1.000000 1.183216 1.000000 0.000000
 0.837222 1.000000 0.000000 1.000000 1.183216 1.000000 0.000000
 0.838333 1.000000 -0.000000 1.000000 1.183216 1.000000 0.000000
 0.839444 1.000000 0.000000 1.000000 1.183216 1.000000 0.000000
 0.840556 1.000000 -0.000000 1.000000 1.183216 1.000000 0.000000
 0.841667 1.000000 0.000000 1.000000 1.183216 1.000000 0.000000
 0.842778 1.000000 -0.000000 1.000000 1.183216 1.000000 0.000000
 0.843889 1.000000 0.000000 1.000000 1.183216 1.000000 0.000000
 0.845000 1.000000 -0.000000 1.000000 1.183216 1.000000 0.000000
 0.846111 1.000000 0.000000 1.000000 1.183216 1.000000 0.000000
 0.847222 1.000000 -0.000000 1.000000 1.183216 1.000000 0.000000
 0.848333 1.000000 0.000000 1.000000 1.183216 1.000000 0.000000
 0.849444 1.000000 -0.000000 1.000000 1.183216 1.000000 0.000000
 0.850556 1.000000 0.000000 1.000000 1.183216 1.000000 0.000000
 0.851667 1.000000 -0.000000 1.000000 1.183216 1.000000 0.000000
 0.852778 1.000000 0.000000 1.000000 1.183216 1.000000 0.000000
 0.853889 1.000000 -0.000000 1.000000 1.183216 1.000000 0.000000
 0.855000 1.000000 0.000000 1.000000 1.183216 1.000000 0.000000
 0.856111 1.000000 -0.000000 1.000000 1.183216 1.000000 0.000000
 0.857222 1.000000 0.000000 1.000000 1.183216 1.000000 0.000000
 0.858333 1.000000 -0.000000 1.000000 1.183216 1.000000 0.000000
 0.859444 1.000000 0.000000 1.000000 1.183216 1.000000 0.000000
 0.860556 1.000000 -0.000000 1.000000 1.183216 1.000000 0.000000
 0.861667 1.000000 0.000000 1.000000 1.183216 1.000000 0.000000
 0.862778 1.000000 -0.000000 1.000000 1.183216 1.000000 0.000000
 0.863889 1.000000 0.000000 1.000000 1.183216 1.000000 0.000000
 0.865000 1.000000 -0.000000 1.000000 1.183216 1.000000 0.000000
 0.866111 1.000000 0.000000 1.000000 1.183216 1.000000 0.000000
 0.867222 1.000000 -0.000000 1.000000 1.183216 1.000000 0.000000
 0.868333 1.000000 0.000000 1.000000 1.183216 1.000000 0.000000
 0.869444 1.000000 -0.000000 1.000000 1.183216 1.000000 0.000000
 0.870556 1.000000 0.000000 1.000000 1.183216 1.000000 0.000000
 0.871667 1.000000 -0.000000 1.000000 1.183216 1.000000 0.000000
 0.872778 1.000000 0.000000 1.000000 1.183216 1.000000 0.000000
 0.873889 1.000000 -0.000000 1.000000 1.183216 1.000000 0.000000
 0.875000 1.000000 0.000000 1.000000 1.183216 1.000000 0.000000
 0.876111 1.000000 -0.000000 1.000000 1.183216 1.000000 0.000000
 0.877222 1.000000 0.000000 1.000000 1.183216 1.000000 0.000000
 0.878333 1.000000 -0.000000 1.000000 1.183216 1.000000 0.000000
 0.879444 1.000000 0.000000 1.000000 1.183216 1.000000 0.000000
 0.880556 1.000000 -0.000000 1.000000 1.183216 1.000000 0.000000
 0.881667 1.000000 0.000000 1.000000 1.183216 1.000000 0.000000
 0.882778 1.000000 -0.000000 1.000000 1.183216 1.000000 0.000000
 0.883889 1.000000 0.000000 1.000000 1.183216 1.000000 0.000000
 0.885000 1.000000 -0.000000 1.000000 1.183216 1.000000 0.000000
 0.886111 1.000000 0.000000 1.000000 1.183216 1.000000 0.000000
 0.887222 1.000000 -0.000000 1.000000 1.183216 1.000000 0.000000
 0.888333 1.000000 0.000000 1.000000 1.183216 1.000000 0.000000
 0.889444 1.000000 -0.000000 1.000000 1.183216 1.000000 0.000000
 0.890556 1.000000 0.000000 1.000000 1.183216 1.000000 0.000000
 0.891667 1.000000 -0.000000 1.000000 1.183216 1.000000 0.000000
 0.892778 1.000000 0.000000 1.000000 1.183216 1.000000 0.000000
 0.893889 1.000000 -0.000000 1.000000 1.183216 1.000000 0.000000
 0.895000 1.000000 0.000000 1.000000 1.183216 1.000000 0.000000
 0.896111 1.000000 -0.000000 1.000000 1.183216 1.000000 0.000000
 0.897222 1.000000 0.000000 1.000000 1.183216 1.000000 0.000000
 0.898333 1.000000 -0.000000 1.000000 1.183216 1.000000 0.000000
 0.899444 1.000000 0.000000 1.000000 1.183216 1.000000 0.000000
 0.900556 1.000000 -0.000000 1.000000 1.183216 1.000000 0.000000
 0.901667 1.000000 0.000000 1.000000 1.183216 1.000000 0.000000
 0.902778 1.000000 -0.000000 1.000000 1.183216 1.000000 0.000000
 0.903889 1.000000 0.000000 1.000000 1.183216 1.000000 0.000000
 0.905000 1.000000 -0.000000 1.000000 1.183216 1.000000 0.000000
 0.906111 1.000000 0.000000 1.000000 1.183216 1.000000 0.000000
 0.907222 1.000000 -0.000000 1.000000 1.183216 1.000000 0.000000
 0.908333 1.000000 0.000000 1.000000 1.183216 1.000000 0.000000
 0.909444 1.000000 -0.000000 1.000000 1.183216 1.000000 0.000000
 0.910556 1.000000 0.000000 1.000000 1.183216 1.000000 0.000000
 0.911667 1.000000 -0.000000 1.000000 1.183216 1.000000 0.000000
 0.912778 1.000000 0.000000 1.000000 1.183216 1.000000 0.000000
 0.913889 1.000000 -0.000000 1.000000 1.183216 1.000000 0.000000
 0.915000 1.000000 0.000000 1.000000 1.183216 1.000000 0.000000
 0.916111 1.000000 -0.000000 1.000000 1.183216 1.000000 0.000000
 0.917222 1.000000 0.000000 1.000000 1.183216 1.000000 0.000000
 0.918333 1.000000 -0.000000 1.000000 1.183216 1.000000 0.000000
 0.919444 1.000000 0.000000 1.000000 1.183216 1.000000 0.000000
 0.920556 1.000000 -0.000000 1.000000 1.183216 1.000000 0.000000
 0.921667 1.000000 0.000000 1.000000 1.183216 1.000000 0.000000
 0.922778 1.000000 -0.000000 1.000000 1.183216 1.000000 0.000000
 0.923889 1.000000 0.000000 1.000000 1.183216 1.000000 0.000000
 0.925000 1.000000 -0.000000 1.000000 1.183216 1.000000 0.000000
 0.926111 1.000000 0.000000 1.000000 1.183216 1.000000 0.000000
 0.927222 1.000000 -0.000000 1.000000 1.183216 1.000000 0.000000
 0.928333 1.000000 0.000000 1.000000 1.183216 1.000000 0.000000
 0.929444 1.000000 -0.000000 1.000000 1.183216 1.000000 0.000000
 0.930556 1.000000 0.000000 1.000000 1.183216 1.000000 0.000000
 0.931667 1.000000 -0.000000 1.000000 1.183216 1.000000 0.000000
 0.932778 1.000000 0.000000 1.000000 1.183216 1.000000 0.000000
 0.933889 1.000000 -0.000000 1.000000 1.183216 1.000000 0.000000
 0.935000 1.000000 0.000000 1.000000 1.183216 1.000000 0.000000
 0.936111 1.000000 -0.000000 1.000000 1.183216 1.000000 0.000000
 0.937222 1.000000 0.000000 1.000000 1.183216 1.000000 0.000000
 0.938333 1.000000 0.000000 1.000000 1.183216 1.000000 0.000000
 0.939444 1.000000 0.000000 1.000000 1.183216 1.000000 0.000000
 0.940556 1.000000 0.000000 1.000000 1.183216 1.000000 0.000000
 0.941667 1.000000 0.000000 1.000000 1.183216 1.000000 0.000000
 0.942778 1.000000 0.000000 1.000000 1.183216 1.000000 0.000000
 0.943889 1.000000 0.000000 1.000000 1.183216 1.000000 0.000000
 0.945000 1.000000 0.000000 1.000000 1.183216 1.000000 0.000000
 0.946111 1.000000 0.000000 1.000000 1.183216 1.000000 0.000000
 0.947222 1.000000 0.000000 1.000000 1.183216 1.000000 0.000000
 0.948333 1.000000 0.000000 1.000000 1.183216 1.000000 0.000000
 0.949444 1.000000 0.000000 1.000000 1.183216 1.000000 0.000000
 0.950556 1.000000 0.000000 1.000000 1.183216 1.000000 0.000000
 0.951667 1.000000 0.000000 1.000000 1.183216 1.000000 0.000000
 0.952778 1.000000 0.000000 1.000000 1.183216 1.000000 0.000000
 0.953889 1.000000 0.000000 1.000000 1.183216 1.000000 0.000000
 0.955000 1.000000 0.000000 1.000000 1.183216 1.000000 0.000000
 0.956111 1.000000 0.000000 1.000000 1.183216 1.000000 0.000000
 0.957222 1.000000 0.000000 1.000000 1.183216 1.000000 0.000000
 0.958333 1.000000 0.000000 1.000000 1.183216 1.000000 0.000000
 0.959444 1.000000 0.000000 1.000000 1.183216 1.000000 0.000000
 0.960556 1.000000 0.000000 1.000000 1.183216 1.000000 0.000000
 0.961667 1.000000 0.000000 1.000000 1.183216 1.000000 0.000000
 0.962778 1.000000 0.000000 1.000000 1.183216 1.000000 0.000000
 0.963889 1.000000 0.000000 1.000000 1.183216 1.000000 0.000000
 0.965000 1.000000 0.000000 1.000000 1.183216 1.000000 0.000000
 0.966111 1.000000 0.000000 1.000000 1.183216 1.000000 0.000000
 0.967222 1.000000 0.000000 1.000000 1.183216 1.000000 0.000000
 0.968333 1.000000 0.000000 1.000000 1.183216 1.000000 0.000000
 0.969444 1.000000 0.000000 1.000000 1.183216 1.000000 0.000000
 0.970556 1.000000 0.000000 1.000000 1.183216 1.000000 0.000000
 0.971667 1.000000 0.000000 1.000000 1.183216 1.000000 0.000000
 0.972778 1.000000 0.000000 1.000000 1.183216 1.000000 0.000000
 0.973889 1.000000 0.000000 1.000000 1.183216 1.000000 0.000000
 0.975000 1.000000 0.000000 1.000000 1.183216 1.000000 0.000000
 0.976111 1.000000 0.000000 1.000000 1.183216 1.000000 0.000000
 0.977222 1.000000 0.000000 1.000000 1.183216 1.000000 0.000000
 0.978333 1.000000 0.000000 1.000000 1.183216 1.000000 0.000000
 0.979444 1.000000 0.000000 1.000000 1.183216 1.000000 0.000000
 0.980556 1.000000 0.000000 1.000000 1.183216 1.000000 0.000000
 0.981667 1.000000 0.000000 1.000000 1.183216 1.000000 0.000000
 0.982778 1.000000 0.000000 1.000000 1.183216 1.000000 0.000000
 0.983889 1.000000 0.000000 1.000000 1.183216 1.000000 0.000000
 0.985000 1.000000 0.000000 1.000000 1.183216 1.000000 0.000000
 0.986111 1.000000 0.000000 1.000000 1.183216 1.000000 0.000000
 0.987222 1.000000 0.000000 1.000000 1.183216 1.000000 0.000000
 0.988333 1.000000 0.000000 1.000000 1.183216 1.000000 0.000000
 0.989444 1.000000 0.000000 1.000000 1.183216 1.000000 0.000000
 0.990556 1.000000 0.000000 1.000000 1.183216 1.000000 0.000000
 0.991667 1.000000 0.000000 1.000000 1.183216 1.000000 0.000000
 0.992778 1.000000 0.000000 1.000000 1.183216 1.000000 0.000000
 0.993889 1.000000 0.000000 1.000000 1.183216 1.000000 0.000000
 0.995000 1.000000 0.000000 1.000000 1.183216 1.000000 0.000000
 0.996111 1.000000 0.000000 1.000000 1.183216 1.000000 0.000000
 0.997222 1.000000 0.000000 1.000000 1.183216 1.000000 0.000000
 0.998333 1.000000 0.000000 1.000000 1.183216 1.000000 0.000000
 0.999444 1.000000 0.000000 1.000000 1.183216 1.000000 0.000000
