Timer: 0.075015
 0.000556 1.000000 -1.000000 1.000000 1.183216 -0.000000 0.000000
 0.001667 1.000000 -1.000000 1.000000 1.183216 0.000000 0.000000
 0.002778 1.000000 -1.000000 1.000000 1.183216 0.000000 0.000000
 0.003889 1.000000 -1.000000 1.000000 1.183216 0.000000 0.000000
 0.005000 1.000000 -1.000000 1.000000 1.183216 0.000000 0.000000
 0.006111 1.000000 -1.000000 1.000000 1.183216 0.000000 0.000000
 0.007222 1.000000 -1.000000 1.000000 1.183216 0.000000 0.000000
 0.008333 1.000000 -1.000000 1.000000 1.183216 0.000000 0.000000
 0.009444 1.000000 -1.000000 1.000000 1.183216 0.000000 0.000000
 0.010556 1.000000 -1.000000 1.000000 1.183216 0.000000 0.000000
 0.011667 1.000000 -1.000000 1.000000 1.183216 0.000000 0.000000
 0.012778 1.000000 -1.000000 1.000000 1.183216 0.000000 0.000000
 0.013889 1.000000 -1.000000 1.000000 1.183216 0.000000 0.000000
 0.015000 1.000000 -1.000000 1.000000 1.183216 0.000000 0.000000
 0.016111 1.000000 -1.000000 1.000000 1.183216 0.000000 0.000000
 0.017222 1.000000 -1.000000 1.000000 1.183216 0.000000 0.000000
 0.018333 1.000000 -1.000000 1.000000 1.183216 0.000000 0.000000
 0.019444 1.000000 -1.000000 1.000000 1.183216 0.000000 0.000000
 0.020556 1.000000 -1.000000 1.000000 1.183216 0.000000 0.000000
 0.021667 1.000000 -1.000000 1.000000 1.183216 0.000000 0.000000
 0.022778 1.000000 -1.000000 1.000000 1.183216 0.000000 0.000000
 0.023889 1.000000 -1.000000 1.000000 1.183216 0.000000 0.000000
 0.025000 1.000000 -1.000000 1.000000 1.183216 0.000000 0.000000
 0.026111 1.000000 -1.000000 1.000000 1.183216 0.000000 0.000000
 0.027222 1.000000 -1.000000 1.000000 1.183216 0.000000 0.000000
 0.028333 1.000000 -1.000000 1.000000 1.183216 0.000000 0.000000
 0.029444 1.000000 -1.000000 1.000000 1.183216 0.000000 0.000000
 0.030556 1.000000 -1.000000 1.000000 1.183216 0.000000 0.000000
 0.031667 1.000000 -1.000000 1.000000 1.183216 0.000000 0.000000
 0.032778 1.000000 -1.000000 1.000000 1.183216 0.000000 0.000000
 0.033889 1.000000 -1.000000 1.000000 1.183216 0.000000 0.000000
 0.035000 1.000000 -1.000000 1.000000 1.183216 0.000000 0.000000
 0.036111 1.000000 -1.000000 1.000000 1.183216 0.000000 0.000000
 0.037222 1.000000 -1.000000 1.000000 1.183216 0.000000 0.000000
 0.038333 1.000000 -1.000000 1.000000 1.183216 0.000000 0.000000
 0.039444 1.000000 -1.000000 1.000000 1.183216 0.000000 0.000000
 0.040556 1.000000 -1.000000 1.000000 1.183216 0.000000 0.000000
 0.041667 1.000000 -1.000000 1.000000 1.183216 0.000000 0.000000
 0.042778 1.000000 -1.000000 1.000000 1.183216 0.000000 0.000000
 0.043889 1.000000 -1.000000 1.000000 1.183216 0.000000 0.000000
 0.045000 1.000000 -1.000000 1.000000 1.183216 0.000000 0.000000
 0.046111 1.000000 -1.000000 1.000000 1.183216 0.000000 0.000000
 0.047222 1.000000 -1.000000 1.000000 1.183216 0.000000 0.000000
 0.048333 1.000000 -1.000000 1.000000 1.183216 0.000000 0.000000
 0.049444 1.000000 -1.000000 1.000000 1.183216 0.000000 0.000000
 0.050556 1.000000 -1.000000 1.000000 1.183216 0.000000 0.000000
 0.051667 1.000000 -1.000000 1.000000 1.183216 0.000000 0.000000
 0.052778 1.000000 -1.000000 1.000000 1.183216 0.000000 0.000000
 0.053889 1.000000 -1.000000 1.000000 1.183216 0.000000 0.000000
 0.055000 1.000000 -1.000000 1.000000 1.183216 0.000000 0.000000
 0.056111 1.000000 -1.000000 1.000000 1.183216 0.000000 0.000000
 0.057222 1.000000 -1.000000 1.000000 1.183216 0.000000 0.000000
 0.058333 1.000000 -1.000000 1.000000 1.183216 0.000000 0.000000
 0.059444 1.000000 -1.000000 1.000000 1.183216 0.000000 0.000000
 0.060556 1.000000 -1.000000 1.000000 1.183216 0.000000 0.000000
 0.061667 1.000000 -1.000000 1.000000 1.183216 0.000000 0.000000
 0.062778 1.000000 -1.000000 1.000000 1.183216 0.000000 0.000000
 0.063889 1.000000 -1.000000 1.000000 1.183216 0.000000 0.000000
 0.065000 1.000000 -1.000000 1.000000 1.183216 0.000000 0.000000
 0.066111 1.000000 -1.000000 1.000000 1.183216 0.000000 0.000000
 0.067222 1.000000 -1.000000 1.000000 1.183216 0.000000 0.000000
 0.068333 1.000000 -1.000000 1.000000 1.183216 0.000000 0.000000
 0.069444 1.000000 -1.000000 1.000000 1.183216 0.000000 0.000000
 0.070556 1.000000 -1.000000 1.000000 1.183216 0.000000 0.000000
 0.071667 1.000000 -1.000000 1.000000 1.183216 0.000000 0.000000
 0.072778 1.000000 -1.000000 1.000000 1.183216 0.000000 0.000000
 0.073889 1.000000 -1.000000 1.000000 1.183216 0.000000 0.000000
 0.075000 1.000000 -1.000000 1.000000 1.183216 0.000000 0.000000
 0.076111 1.000000 -1.000000 1.000000 1.183216 0.000000 0.000000
 0.077222 1.000000 -1.000000 1.000000 1.183216 0.000000 0.000000
 0.078333 1.000000 -1.000000 1.000000 1.183216 0.000000 0.000000
 0.079444 1.000000 -1.000000 1.000000 1.183216 0.000000 0.000000
 0.080556 1.000000 -1.000000 1.000000 1.183216 0.000000 0.000000
 0.081667 1.000000 -1.000000 1.000000 1.183216 0.000000 0.000000
 0.082778 1.000000 -1.000000 1.000000 1.183216 0.000000 0.000000
 0.083889 1.000000 -1.000000 1.000000 1.183216 0.000000 0.000000
 0.085000 1.000000 -1.000000 1.000000 1.183216 0.000000 0.000000
 0.086111 1.000000 -1.000000 1.000000 1.183216 0.000000 0.000000
 0.087222 1.000000 -1.000000 1.000000 1.183216 0.000000 0.000000
 0.088333 1.000000 -1.000000 1.000000 1.183216 0.000000 0.000000
 0.089444 1.000000 -1.000000 1.000000 1.183216 0.000000 0.000000
 0.090556 1.000000 -1.000000 1.000000 1.183216 0.000000 0.000000
 0.091667 1.000000 -1.000000 1.000000 1.183216 0.000000 0.000000
 0.092778 1.000000 -1.000000 1.000000 1.183216 0.000000 0.000000
 0.093889 1.000000 -1.000000 1.000000 1.183216 0.000000 0.000000
 0.095000 1.000000 -1.000000 1.000000 1.183216 0.000000 0.000000
 0.096111 1.000000 -1.000000 1.000000 1.183216 0.000000 0.000000
 0.097222 1.000000 -1.000000 1.000000 1.183216 0.000000 0.000000
 0.098333 1.000000 -1.000000 1.000000 1.183216 0.000000 0.000000
 0.099444 1.000000 -1.000000 1.000000 1.183216 0.000000 0.000000
 0.100556 1.000000 -1.000000 1.000000 1.183216 0.000000 0.000000
 0.101667 1.000000 -1.000000 1.000000 1.183216 0.000000 0.000000
 0.102778 1.000000 -1.000000 1.000000 1.183216 0.000000 0.000000
 0.103889 1.000000 -1.000000 1.000000 1.183216 0.000000 0.000000
 0.105000 1.000000 -1.000000 1.000000 1.183216 0.000000 0.000000
 0.106111 1.000000 -1.000000 1.000000 1.183216 0.000000 0.000000
 0.107222 1.000000 -1.000000 1.000000 1.183216 0.000000 0.000000
 0.108333 1.000000 -1.000000 1.000000 1.183216 0.000000 0.000000
 0.109444 1.000000 -1.000000 1.000000 1.183216 0.000000 0.000000
 0.110556 1.000000 -1.000000 1.000000 1.183216 0.000000 0.000000
 0.111667 1.000000 -1.000000 1.000000 1.183216 0.000000 0.000000
 0.112778 1.000000 -1.000000 1.000000 1.183216 0.000000 0.000000
 0.113889 1.000000 -1.000000 1.000000 1.183216 0.000000 0.000000
 0.115000 1.000000 -1.000000 1.000000 1.183216 0.000000 0.000000
 0.116111 1.000000 -1.000000 1.000000 1.183216 0.000000 0.000000
 0.117222 1.000000 -1.000000 1.000000 1.183216 0.000000 0.000000
 0.118333 1.000000 -1.000000 1.000000 1.183216 0.000000 0.000000
 0.119444 1.000000 -1.000000 1.000000 1.183216 0.000000 0.000000
 0.120556 1.000000 -1.000000 1.000000 1.183216 0.000000 0.000000
 0.121667 1.000000 -1.000000 1.000000 1.183216 0.000000 0.000000
 0.122778 1.000000 -1.000000 1.000000 1.183216 0.000000 0.000000
 0.123889 1.000000 -1.000000 1.000000 1.183216 0.000000 0.000000
 0.125000 1.000000 -1.000000 1.000000 1.183216 0.000000 0.000000
 0.126111 1.000000 -1.000000 1.000000 1.183216 0.000000 0.000000
 0.127222 1.000000 -1.000000 1.000000 1.183216 0.000000 0.000000
 0.128333 1.000000 -1.000000 1.000000 1.183216 0.000000 0.000000
 0.129444 1.000000 -1.000000 1.000000 1.183216 0.000000 0.000000
 0.130556 1.000000 -1.000000 1.000000 1.183216 0.000000 0.000000
 0.131667 1.000000 -1.000000 1.000000 1.183216 0.000000 0.000000
 0.132778 1.000000 -1.000000 1.000000 1.183216 0.000000 0.000000
 0.133889 1.000000 -1.000000 1.000000 1.183216 0.000000 0.000000
 0.135000 1.000000 -1.000000 1.000000 1.183216 0.000000 0.000000
 0.136111 1.000000 -1.000000 1.000000 1.183216 0.000000 0.000000
 0.137222 1.000000 -1.000000 1.000000 1.183216 0.000000 0.000000
 0.138333 1.000000 -1.000000 1.000000 1.183216 0.000000 0.000000
 0.139444 1.000000 -1.000000 1.000000 1.183216 0.000000 0.000000
 0.140556 1.000000 -1.000000 1.000000 1.183216 0.000000 0.000000
 0.141667 1.000000 -1.000000 1.000000 1.183216 0.000000 0.000000
 0.142778 1.000000 -1.000000 1.000000 1.183216 0.000000 0.000000
 0.143889 1.000000 -1.000000 1.000000 1.183216 0.000000 0.000000
 0.145000 1.000000 -1.000000 1.000000 1.183216 0.000000 0.000000
 0.146111 1.000000 -1.000000 1.000000 1.183216 0.000000 0.000000
 0.147222 1.000000 -1.000000 1.000000 1.183216 0.000000 0.000000
 0.148333 1.000000 -1.000000 1.000000 1.183216 0.000000 0.000000
 0.149444 1.000000 -1.000000 1.000000 1.183216 0.000000 0.000000
 0.150556 1.000000 -1.000000 1.000000 1.183216 0.000000 0.000000
 0.151667 1.000000 -1.000000 1.000000 1.183216 0.000000 0.000000
 0.152778 1.000000 -1.000000 1.000000 1.183216 0.000000 0.000000
 0.153889 1.000000 -1.000000 1.000000 1.183216 0.000000 0.000000
 0.155000 1.000000 -1.000000 1.000000 1.183216 0.000000 0.000000
 0.156111 1.000000 -1.000000 1.000000 1.183216 0.000000 0.000000
 0.157222 1.000000 -1.000000 1.000000 1.183216 0.000000 0.000000
 0.158333 1.000000 -1.000000 1.000000 1.183216 0.000000 0.000000
 0.159444 1.000000 -1.000000 1.000000 1.183216 0.000000 0.000000
 0.160556 1.000000 -1.000000 1.000000 1.183216 0.000000 0.000000
 0.161667 1.000000 -1.000000 1.000000 1.183216 0.000000 0.000000
 0.162778 1.000000 -1.000000 1.000000 1.183216 0.000000 0.000000
 0.163889 1.000000 -1.000000 1.000000 1.183216 0.000000 0.000000
 0.165000 1.000000 -1.000000 1.000000 1.183216 0.000000 0.000000
 0.166111 1.000000 -1.000000 1.000000 1.183216 0.000000 0.000000
 0.167222 1.000000 -1.000000 1.000000 1.183216 0.000000 0.000000
 0.168333 1.000000 -1.000000 1.000000 1.183216 0.000000 0.000000
 0.169444 1.000000 -1.000000 1.000000 1.183216 0.000000 -0.000000
 0.170556 1.000000 -1.000000 1.000000 1.183216 -0.000000 -0.000000
 0.171667 1.000000 -1.000000 1.000000 1.183216 -0.000000 0.000000
 0.172778 1.000000 -1.000000 1.000000 1.183216 -0.000000 0.000000
 0.173889 1.000000 -1.000000 1.000000 1.183216 -0.000000 0.000000
 0.175000 1.000000 -1.000000 1.000000 1.183216 -0.000000 0.000000
 0.176111 1.000000 -1.000000 1.000000 1.183216 -0.000000 0.000000
 0.177222 1.000000 -1.000000 1.000000 1.183216 -0.000000 0.000000
 0.178333 1.000000 -1.000000 1.000000 1.183216 -0.000000 0.000000
 0.179444 1.000000 -1.000000 1.000000 1.183216 -0.000000 0.000000
 0.180556 1.000000 -1.000000 1.000000 1.183216 -0.000000 0.000000
 0.181667 1.000000 -1.000000 1.000000 1.183216 -0.000000 0.000000
 0.182778 1.000000 -1.000000 1.000000 1.183216 -0.000000 0.000000
 0.183889 1.000000 -1.000000 1.000000 1.183216 -0.000000 0.000000
 0.185000 1.000000 -1.000000 1.000000 1.183216 -0.000000 0.000000
 0.186111 1.000000 -1.000000 1.000000 1.183216 -0.000000 0.000000
 0.187222 1.000000 -1.000000 1.000000 1.183216 -0.000000 0.000000
 0.188333 1.000000 -1.000000 1.000000 1.183216 -0.000000 0.000000
 0.189444 1.000000 -1.000000 1.000000 1.183216 -0.000000 0.000000
 0.190556 1.000000 -1.000000 1.000000 1.183216 -0.000000 0.000000
 0.191667 1.000000 -1.000000 1.000000 1.183216 -0.000000 0.000000
 0.192778 1.000000 -1.000000 1.000000 1.183216 -0.000000 0.000000
 0.193889 1.000000 -1.000000 1.000000 1.183216 -0.000000 0.000000
 0.195000 1.000000 -1.000000 1.000000 1.183216 -0.000000 0.000000
 0.196111 1.000000 -1.000000 1.000000 1.183216 -0.000000 0.000000
 0.197222 1.000000 -1.000000 1.000000 1.183216 -0.000000 0.000000
 0.198333 1.000000 -1.000000 1.000000 1.183216 -0.000000 0.000000
 0.199444 1.000000 -1.000000 1.000000 1.183216 -0.000000 0.000000
 0.200556 1.000000 -1.000000 1.000000 1.183216 -0.000000 0.000000
 0.201667 1.000000 -1.000000 1.000000 1.183216 -0.000000 0.000000
 0.202778 1.000000 -1.000000 1.000000 1.183216 -0.000000 0.000000
 0.203889 1.000000 -1.000000 1.000000 1.183216 -0.000000 0.000000
 0.205000 1.000000 -1.000000 1.000000 1.183216 -0.000000 0.000000
 0.206111 1.000000 -1.000000 1.000000 1.183216 -0.000000 0.000000
 0.207222 1.000000 -1.000000 1.000000 1.183216 -0.000000 0.000000
 0.208333 1.000000 -1.000000 1.000000 1.183216 -0.000000 0.000000
 0.209444 1.000000 -1.000000 1.000000 1.183216 -0.000000 0.000000
 0.210556 1.000000 -1.000000 1.000000 1.183216 -0.000000 0.000000
 0.211667 1.000000 -1.000000 1.000000 1.183216 -0.000000 0.000000
 0.212778 1.000000 -1.000000 1.000000 1.183216 -0.000000 0.000000
 0.213889 1.000000 -1.000000 1.000000 1.183216 -0.000000 0.000000
 0.215000 1.000000 -1.000000 1.000000 1.183216 -0.000000 0.000000
 0.216111 1.000000 -1.000000 1.000000 1.183216 -0.000000 0.000000
 0.217222 1.000000 -1.000000 1.000000 1.183216 -0.000000 0.000000
 0.218333 1.000000 -1.000000 1.000000 1.183216 -0.000000 0.000000
 0.219444 1.000000 -1.000000 1.000000 1.183216 -0.000000 0.000000
 0.220556 1.000000 -1.000000 1.000000 1.183216 -0.000000 0.000000
 0.221667 1.000000 -1.000000 1.000000 1.183216 -0.000000 0.000000
 0.222778 1.000000 -1.000000 1.000000 1.183216 -0.000000 0.000000
 0.223889 1.000000 -1.000000 1.000000 1.183216 -0.000000 0.000000
 0.225000 1.000000 -1.000000 1.000000 1.183216 -0.000000 0.000000
 0.226111 1.000000 -1.000000 1.000000 1.183216 -0.000000 0.000000
 0.227222 1.000000 -1.000000 1.000000 1.183216 -0.000000 0.000000
 0.228333 1.000000 -1.000000 1.000000 1.183216 -0.000000 0.000000
 0.229444 1.000000 -1.000000 1.000000 1.183216 -0.000000 0.000000
 0.230556 1.000000 -1.000000 1.000000 1.183216 -0.000000 0.000000
 0.231667 1.000000 -1.000000 1.000000 1.183216 -0.000000 0.000000
 0.232778 1.000000 -1.000000 1.000000 1.183216 -0.000000 0.000000
 0.233889 1.000000 -1.000000 1.000000 1.183216 -0.000000 0.000000
 0.235000 1.000000 -1.000000 1.000000 1.183216 -0.000000 0.000000
 0.236111 1.000000 -1.000000 1.000000 1.183216 -0.000000 0.000000
 0.237222 1.000000 -1.000000 1.000000 1.183216 -0.000000 0.000000
 0.238333 1.000000 -1.000000 1.000000 1.183216 -0.000000 0.000000
 0.239444 1.000000 -1.000000 1.000000 1.183216 -0.000000 0.000000
 0.240556 1.000000 -1.000000 1.000000 1.183216 -0.000000 0.000000
 0.241667 1.000000 -1.000000 1.000000 1.183216 -0.000000 0.000000
 0.242778 1.000000 -1.000000 1.000000 1.183216 -0.000000 0.000000
 0.243889 1.000000 -1.000000 1.000000 1.183216 -0.000000 0.000000
 0.245000 1.000000 -1.000000 1.000000 1.183216 -0.000000 0.000000
 0.246111 1.000000 -1.000000 1.000000 1.183216 -0.000000 0.000000
 0.247222 1.000000 -1.000000 1.000000 1.183216 -0.000000 0.000000
 0.248333 1.000000 -1.000000 1.000000 1.183216 -0.000000 0.000000
 0.249444 1.000000 -1.000000 1.000000 1.183216 -0.000000 0.000000
 0.250556 1.000000 -1.000000 1.000000 1.183216 -0.000000 0.000000
 0.251667 1.000000 -1.000000 1.000000 1.183216 -0.000000 0.000000
 0.252778 1.000000 -1.000000 1.000000 1.183216 -0.000000 0.000000
 0.253889 1.000000 -1.000000 1.000000 1.183216 -0.000000 0.000000
 0.255000 1.000000 -1.000000 1.000000 1.183216 -0.000000 0.000000
 0.256111 1.000000 -1.000000 1.000000 1.183216 -0.000000 0.000000
 0.257222 1.000000 -1.000000 1.000000 1.183216 -0.000000 -0.000000
 0.258333 1.000000 -1.000000 1.000000 1.183216 -0.000000 0.000000
 0.259444 1.000000 -1.000000 1.000000 1.183216 -0.000000 0.000000
 0.260556 1.000000 -1.000000 1.000000 1.183216 -0.000000 -0.000000
 0.261667 1.000000 -1.000000 1.000000 1.183216 -0.000000 0.000000
 0.262778 1.000000 -1.000000 1.000000 1.183216 -0.000000 0.000000
 0.263889 1.000000 -1.000000 1.000000 1.183216 -0.000000 -0.000000
 0.265000 1.000000 -1.000000 1.000000 1.183216 -0.000000 0.000000
 0.266111 1.000000 -1.000000 1.000000 1.183216 -0.000000 0.000000
 0.267222 1.000000 -1.000000 1.000000 1.183216 -0.000000 -0.000000
 0.268333 1.000000 -1.000000 1.000000 1.183216 -0.000000 0.000000
 0.269444 1.000000 -1.000000 1.000000 1.183216 -0.000000 0.000000
 0.270556 1.000000 -1.000000 1.000000 1.183216 -0.000000 0.000000
 0.271667 1.000000 -1.000000 1.000000 1.183216 -0.000000 -0.000000
 0.272778 1.000000 -1.000000 1.000000 1.183216 -0.000000 0.000000
 0.273889 1.000000 -1.000000 1.000000 1.183216 -0.000000 0.000000
 0.275000 1.000000 -1.000000 1.000000 1.183216 -0.000000 -0.000000
 0.276111 1.000000 -1.000000 1.000000 1.183216 -0.000000 -0.000000
 0.277222 1.000000 -1.000000 1.000000 1.183216 -0.000000 0.000000
 0.278333 1.000000 -1.000000 1.000000 1.183216 -0.000000 0.000000
 0.279444 1.000000 -1.000000 1.000000 1.183216 -0.000000 -0.000000
 0.280556 1.000000 -1.000000 1.000000 1.183216 -0.000000 0.000000
 0.281667 1.000000 -1.000000 1.000000 1.183216 -0.000000 0.000000
 0.282778 1.000000 -1.000000 1.000000 1.183216 -0.000000 0.000000
 0.283889 1.000000 -1.000000 1.000000 1.183216 0.000000 0.000000
 0.285000 1.000000 -1.000000 1.000000 1.183216 0.000000 0.000000
 0.286111 1.000000 -1.000000 1.000000 1.183216 0.000000 0.000000
 0.287222 1.000000 -1.000000 1.000000 1.183216 0.000000 0.000000
 0.288333 1.000000 -1.000000 1.000000 1.183216 0.000000 0.000000
 0.289444 1.000000 -1.000000 1.000000 1.183216 0.000000 0.000000
 0.290556 1.000000 -1.000000 1.000000 1.183216 0.000000 0.000000
 0.291667 0.999999 -0.999999 0.999999 1.183216 0.000000 0.000000
 0.292778 0.999999 -0.999999 0.999999 1.183216 0.000000 0.000000
 0.293889 0.999999 -0.999998 0.999998 1.183216 0.000000 0.000000
 0.295000 0.999998 -0.999997 0.999997 1.183215 0.000000 0.000000
 0.296111 0.999996 -0.999995 0.999995 1.183215 0.000000 0.000000
 0.297222 0.999994 -0.999993 0.999991 1.183214 0.000000 0.000000
 0.298333 0.999990 -0.999988 0.999986 1.183214 0.000000 0.000000
 0.299444 0.999985 -0.999982 0.999978 1.183212 0.000000 0.000000
 0.300556 0.999976 -0.999972 0.999967 1.183210 0.000000 0.000000
 0.301667 0.999963 -0.999957 0.999949 1.183207 0.000000 0.000000
 0.302778 0.999945 -0.999935 0.999923 1.183203 0.000000 0.000000
 0.303889 0.999918 -0.999903 0.999885 1.183197 0.000000 0.000000
 0.305000 0.999880 -0.999858 0.999832 1.183188 0.000000 0.000000
 0.306111 0.999826 -0.999794 0.999756 1.183175 0.000000 0.000000
 0.307222 0.999751 -0.999705 0.999651 1.183157 0.000000 0.000000
 0.308333 0.999648 -0.999583 0.999507 1.183133 0.000000 0.000000
 0.309444 0.999508 -0.999418 0.999312 1.183100 0.000000 0.000000
 0.310556 0.999323 -0.999198 0.999052 1.183056 0.000000 0.000000
 0.311667 0.999078 -0.998909 0.998710 1.182998 0.000000 0.000000
 0.312778 0.998761 -0.998534 0.998266 1.182923 0.000000 0.000000
 0.313889 0.998355 -0.998053 0.997698 1.182827 0.000000 0.000000
 0.315000 0.997842 -0.997445 0.996981 1.182705 0.000000 0.000000
 0.316111 0.997203 -0.996688 0.996087 1.182554 0.000001 0.000000
 0.317222 0.996417 -0.995755 0.994988 1.182367 0.000001 0.000000
 0.318333 0.995461 -0.994622 0.993653 1.182141 0.000002 0.000000
 0.319444 0.994315 -0.993261 0.992053 1.181869 0.000002 0.000000
 0.320556 0.992957 -0.991646 0.990157 1.181547 0.000004 0.000001
 0.321667 0.991366 -0.989754 0.987938 1.181169 0.000005 0.000001
 0.322778 0.989524 -0.987560 0.985371 1.180731 0.000007 0.000001
 0.323889 0.987414 -0.985043 0.982434 1.180228 0.000010 0.000001
 0.325000 0.985023 -0.982185 0.979108 1.179658 0.000013 0.000002
 0.326111 0.982339 -0.978972 0.975380 1.179017 0.000018 0.000002
 0.327222 0.979356 -0.975393 0.971241 1.178304 0.000023 0.000003
 0.328333 0.976069 -0.971440 0.966687 1.177515 0.000030 0.000003
 0.329444 0.972478 -0.967110 0.961719 1.176653 0.000038 0.000004
 0.330556 0.968586 -0.962402 0.956343 1.175715 0.000047 0.000005
 0.331667 0.964397 -0.957320 0.950568 1.174702 0.000058 0.000005
 0.332778 0.959919 -0.951869 0.944408 1.173617 0.000071 0.000006
 0.333889 0.955164 -0.946058 0.937877 1.172460 0.000086 0.000007
 0.335000 0.950142 -0.939897 0.930996 1.171234 0.000102 0.000008
 0.336111 0.944867 -0.933399 0.923785 1.169942 0.000120 0.000008
 0.337222 0.939353 -0.926577 0.916266 1.168585 0.000140 0.000009
 0.338333 0.933617 -0.919446 0.908462 1.167167 0.000163 0.000010
 0.339444 0.927672 -0.912020 0.900396 1.165691 0.000187 0.000011
 0.340556 0.921535 -0.904315 0.892092 1.164160 0.000213 0.000012
 0.341667 0.915222 -0.896346 0.883572 1.162577 0.000242 0.000012
 0.342778 0.908746 -0.888128 0.874859 1.160945 0.000272 0.000013
 0.343889 0.902124 -0.879676 0.865975 1.159267 0.000304 0.000014
 0.345000 0.895370 -0.871005 0.856940 1.157545 0.000339 0.000015
 0.346111 0.888496 -0.862127 0.847774 1.155784 0.000375 0.000015
 0.347222 0.881516 -0.853057 0.838497 1.153984 0.000413 0.000016
 0.348333 0.874441 -0.843807 0.829125 1.152149 0.000453 0.000017
 0.349444 0.867284 -0.834388 0.819674 1.150281 0.000495 0.000017
 0.350556 0.860055 -0.824812 0.810161 1.148382 0.000539 0.000018
 0.351667 0.852764 -0.815089 0.800598 1.146454 0.000585 0.000018
 0.352778 0.845420 -0.805229 0.791000 1.144500 0.000632 0.000019
 0.353889 0.838032 -0.795241 0.781378 1.142521 0.000681 0.000019
 0.355000 0.830608 -0.785134 0.771743 1.140518 0.000732 0.000020
 0.356111 0.823155 -0.774915 0.762105 1.138494 0.000785 0.000020
 0.357222 0.815679 -0.764592 0.752474 1.136450 0.000839 0.000021
 0.358333 0.808188 -0.754171 0.742859 1.134386 0.000895 0.000021
 0.359444 0.800687 -0.743659 0.733266 1.132305 0.000953 0.000021
 0.360556 0.793180 -0.733062 0.723703 1.130208 0.001012 0.000022
 0.361667 0.785674 -0.722385 0.714176 1.128095 0.001073 0.000022
 0.362778 0.778172 -0.711634 0.704692 1.125967 0.001136 0.000022
 0.363889 0.770679 -0.700812 0.695255 1.123827 0.001200 0.000022
 0.365000 0.763199 -0.689925 0.685871 1.121673 0.001265 0.000023
 0.366111 0.755734 -0.678975 0.676543 1.119508 0.001333 0.000023
 0.367222 0.748288 -0.667968 0.667275 1.117332 0.001401 0.000023
 0.368333 0.740864 -0.656906 0.658072 1.115145 0.001472 0.000023
 0.369444 0.733465 -0.645792 0.648935 1.112949 0.001544 0.000023
 0.370556 0.726092 -0.634631 0.639869 1.110743 0.001617 0.000024
 0.371667 0.718749 -0.623423 0.630875 1.108529 0.001692 0.000024
 0.372778 0.711438 -0.612173 0.621956 1.106307 0.001769 0.000024
 0.373889 0.704159 -0.600882 0.613114 1.104077 0.001847 0.000024
 0.375000 0.696916 -0.589552 0.604351 1.101840 0.001927 0.000024
 0.376111 0.689709 -0.578186 0.595668 1.099596 0.002008 0.000024
 0.377222 0.682539 -0.566786 0.587066 1.097346 0.002091 0.000024
 0.378333 0.675410 -0.555354 0.578547 1.095090 0.002175 0.000024
 0.379444 0.668320 -0.543891 0.570113 1.092829 0.002261 0.000024
 0.380556 0.661273 -0.532399 0.561763 1.090562 0.002349 0.000024
 0.381667 0.654268 -0.520879 0.553499 1.088290 0.002438 0.000024
 0.382778 0.647306 -0.509334 0.545321 1.086013 0.002529 0.000024
 0.383889 0.640390 -0.497764 0.537230 1.083733 0.002621 0.000024
 0.385000 0.633518 -0.486170 0.529227 1.081448 0.002716 0.000024
 0.386111 0.626692 -0.474555 0.521311 1.079159 0.002811 0.000024
 0.387222 0.619913 -0.462919 0.513484 1.076866 0.002909 0.000024
 0.388333 0.613182 -0.451263 0.505744 1.074571 0.003008 0.000024
 0.389444 0.606498 -0.439589 0.498093 1.072272 0.003108 0.000024
 0.390556 0.599862 -0.427897 0.490531 1.069970 0.003211 0.000024
 0.391667 0.593276 -0.416190 0.483057 1.067665 0.003315 0.000024
 0.392778 0.586738 -0.404467 0.475672 1.065358 0.003421 0.000024
 0.393889 0.580251 -0.392729 0.468375 1.063049 0.003528 0.000024
 0.395000 0.573813 -0.380979 0.461167 1.060737 0.003637 0.000024
 0.396111 0.567426 -0.369216 0.454047 1.058424 0.003748 0.000024
 0.397222 0.561090 -0.357443 0.447015 1.056109 0.003861 0.000024
 0.398333 0.554805 -0.345659 0.440071 1.053793 0.003975 0.000023
 0.399444 0.548571 -0.333866 0.433215 1.051475 0.004092 0.000023
 0.400556 0.542390 -0.322065 0.426446 1.049157 0.004210 0.000023
 0.401667 0.536260 -0.310258 0.419765 1.046838 0.004330 0.000023
 0.402778 0.530183 -0.298444 0.413170 1.044518 0.004451 0.000023
 0.403889 0.524158 -0.286627 0.406663 1.042197 0.004575 0.000022
 0.405000 0.518187 -0.274805 0.400242 1.039877 0.004700 0.000022
 0.406111 0.512269 -0.262982 0.393907 1.037557 0.004828 0.000022
 0.407222 0.506405 -0.251159 0.387659 1.035237 0.004957 0.000022
 0.408333 0.500595 -0.239336 0.381496 1.032919 0.005088 0.000021
 0.409444 0.494839 -0.227516 0.375420 1.030601 0.005221 0.000021
 0.410556 0.489139 -0.215700 0.369429 1.028285 0.005355 0.000021
 0.411667 0.483493 -0.203890 0.363523 1.025970 0.005492 0.000020
 0.412778 0.477904 -0.192088 0.357703 1.023658 0.005631 0.000020
 0.413889 0.472371 -0.180297 0.351968 1.021348 0.005771 0.000020
 0.415000 0.466896 -0.168519 0.346319 1.019042 0.005914 0.000019
 0.416111 0.461478 -0.156756 0.340755 1.016740 0.006058 0.000019
 0.417222 0.456119 -0.145012 0.335277 1.014441 0.006204 0.000018
 0.418333 0.450820 -0.133290 0.329885 1.012148 0.006352 0.000018
 0.419444 0.445581 -0.121593 0.324580 1.009860 0.006502 0.000018
 0.420556 0.440404 -0.109926 0.319361 1.007579 0.006654 0.000017
 0.421667 0.435291 -0.098294 0.314230 1.005306 0.006808 0.000017
 0.422778 0.430242 -0.086701 0.309187 1.003041 0.006964 0.000016
 0.423889 0.425259 -0.075154 0.304234 1.000785 0.007121 0.000016
 0.425000 0.420345 -0.063659 0.299371 0.998541 0.007280 0.000015
 0.426111 0.415501 -0.052224 0.294599 0.996309 0.007441 0.000014
 0.427222 0.410730 -0.040857 0.289922 0.994091 0.007603 0.000014
 0.428333 0.406035 -0.029568 0.285340 0.991890 0.007768 0.000013
 0.429444 0.401420 -0.018368 0.280856 0.989707 0.007933 0.000012
 0.430556 0.396887 -0.007270 0.276472 0.987544 0.008101 0.000012
 0.431667 0.392441 0.003713 0.272193 0.985405 0.008271 0.000011
 0.432778 0.388088 0.014565 0.268021 0.983294 0.008443 0.000011
 0.433889 0.383832 0.025266 0.263961 0.981213 0.008617 0.000010
 0.435000 0.379679 0.035796 0.260017 0.979166 0.008791 0.000009
 0.436111 0.375638 0.046133 0.256196 0.977159 0.008967 0.000008
 0.437222 0.371716 0.056250 0.252503 0.975195 0.009143 0.000007
 0.438333 0.367921 0.066117 0.248945 0.973282 0.009320 0.000006
 0.439444 0.364263 0.075703 0.245531 0.971425 0.009498 0.000005
 0.440556 0.360752 0.084972 0.242267 0.969632 0.009676 0.000004
 0.441667 0.357400 0.093886 0.239165 0.967910 0.009855 0.000003
 0.442778 0.354219 0.102405 0.236232 0.966267 0.010033 0.000002
 0.443889 0.351220 0.110486 0.233478 0.964711 0.010212 0.000001
 0.445000 0.348415 0.118089 0.230913 0.963252 0.010392 0.000000
 0.446111 0.345815 0.125171 0.228546 0.961897 0.010572 -0.000001
 0.447222 0.343430 0.131697 0.226383 0.960653 0.010753 -0.000002
 0.448333 0.341268 0.137636 0.224431 0.959528 0.010935 -0.000003
 0.449444 0.339332 0.142964 0.222692 0.958525 0.011118 -0.000004
 0.450556 0.337624 0.147673 0.221165 0.957647 0.011304 -0.000004
 0.451667 0.336139 0.151764 0.219846 0.956894 0.011494 -0.000005
 0.452778 0.334869 0.155256 0.218726 0.956262 0.011687 -0.000006
 0.453889 0.333800 0.158180 0.217792 0.955745 0.011884 -0.000006
 0.455000 0.332915 0.160582 0.217028 0.955334 0.012087 -0.000007
 0.456111 0.332192 0.162519 0.216414 0.955019 0.012296 -0.000007
 0.457222 0.331609 0.164054 0.215929 0.954786 0.012512 -0.000008
 0.458333 0.331142 0.165252 0.215552 0.954624 0.012735 -0.000008
 0.459444 0.330769 0.166176 0.215261 0.954519 0.012966 -0.000008
 0.460556 0.330468 0.166885 0.215039 0.954460 0.013206 -0.000009
 0.461667 0.330223 0.167430 0.214869 0.954437 0.013455 -0.000009
 0.462778 0.330017 0.167854 0.214737 0.954442 0.013714 -0.000009
 0.463889 0.329840 0.168188 0.214633 0.954468 0.013984 -0.000010
 0.465000 0.329682 0.168459 0.214550 0.954511 0.014266 -0.000010
 0.466111 0.329537 0.168684 0.214481 0.954567 0.014559 -0.000011
 0.467222 0.329400 0.168877 0.214422 0.954634 0.014866 -0.000011
 0.468333 0.329269 0.169046 0.214371 0.954711 0.015187 -0.000012
 0.469444 0.329140 0.169196 0.214326 0.954797 0.015523 -0.000012
 0.470556 0.329012 0.169332 0.214285 0.954891 0.015875 -0.000013
 0.471667 0.328885 0.169457 0.214248 0.954993 0.016245 -0.000014
 0.472778 0.328757 0.169571 0.214214 0.955104 0.016634 -0.000014
 0.473889 0.328626 0.169676 0.214183 0.955224 0.017043 -0.000015
 0.475000 0.328494 0.169774 0.214155 0.955353 0.017475 -0.000016
 0.476111 0.328358 0.169865 0.214128 0.955492 0.017931 -0.000017
 0.477222 0.328218 0.169950 0.214104 0.955641 0.018413 -0.000018
 0.478333 0.328074 0.170029 0.214081 0.955802 0.018925 -0.000019
 0.479444 0.327923 0.170103 0.214060 0.955974 0.019469 -0.000020
 0.480556 0.327767 0.170172 0.214041 0.956159 0.020048 -0.000022
 0.481667 0.327602 0.170237 0.214023 0.956359 0.020666 -0.000023
 0.482778 0.327429 0.170299 0.214006 0.956575 0.021329 -0.000025
 0.483889 0.327246 0.170357 0.213991 0.956808 0.022040 -0.000026
 0.485000 0.327051 0.170411 0.213976 0.957060 0.022806 -0.000029
 0.486111 0.326843 0.170463 0.213963 0.957335 0.023634 -0.000031
 0.487222 0.326619 0.170512 0.213950 0.957634 0.024533 -0.000033
 0.488333 0.326378 0.170559 0.213938 0.957962 0.025513 -0.000037
 0.489444 0.326116 0.170603 0.213927 0.958322 0.026586 -0.000040
 0.490556 0.325829 0.170646 0.213917 0.958720 0.027767 -0.000044
 0.491667 0.325514 0.170686 0.213908 0.959162 0.029077 -0.000049
 0.492778 0.325165 0.170725 0.213899 0.959656 0.030537 -0.000055
 0.493889 0.324775 0.170762 0.213890 0.960214 0.032177 -0.000061
 0.495000 0.324336 0.170797 0.213882 0.960847 0.034038 -0.000070
 0.496111 0.323834 0.170832 0.213875 0.961574 0.036168 -0.000080
 0.497222 0.323256 0.170865 0.213868 0.962418 0.038638 -0.000092
 0.498333 0.322580 0.170896 0.213862 0.963412 0.041542 -0.000109
 0.499444 0.321773 0.170927 0.213856 0.964606 0.045019 -0.000130
 0.500556 0.320790 0.170957 0.213850 0.966069 0.049275 -0.000160
 0.501667 0.319579 0.170986 0.213845 0.967888 0.054550 -0.000198
 0.502778 0.318139 0.171014 0.213841 0.970065 0.060850 -0.000237
 0.503889 0.316687 0.171041 0.213836 0.972275 0.067231 -0.000238
 0.505000 0.315900 0.171068 0.213832 0.973477 0.070698 -0.000125
 0.506111 0.317096 0.171094 0.213828 0.971630 0.065388 0.000210
 0.507222 0.322158 0.171120 0.213825 0.963959 0.043199 0.000844
 0.508333 0.333067 0.171144 0.213822 0.948034 -0.003438 0.001743
 0.509444 0.351193 0.171169 0.213819 0.923239 -0.077640 0.002732
 0.510556 0.376664 0.171193 0.213816 0.891471 -0.175678 0.003563
 0.511667 0.408148 0.171217 0.213813 0.856392 -0.288077 0.004050
 0.512778 0.443160 0.171240 0.213811 0.821862 -0.403308 0.004134
 0.513889 0.478736 0.171263 0.213808 0.790731 -0.511425 0.003877
 0.515000 0.512176 0.171286 0.213806 0.764477 -0.605963 0.003397
 0.516111 0.541567 0.171309 0.213804 0.743440 -0.684091 0.002817
 0.517222 0.565970 0.171331 0.213802 0.727233 -0.745804 0.002234
 0.518333 0.585312 0.171353 0.213801 0.715114 -0.792856 0.001709
 0.519444 0.600112 0.171375 0.213800 0.706239 -0.827819 0.001273
 0.520556 0.611176 0.171398 0.213799 0.699817 -0.853398 0.000934
 0.521667 0.619363 0.171420 0.213799 0.695175 -0.872029 0.000682
 0.522778 0.625438 0.171443 0.213800 0.691792 -0.885691 0.000501
 0.523889 0.630007 0.171465 0.213801 0.689280 -0.895879 0.000374
 0.525000 0.633522 0.171489 0.213802 0.687367 -0.903661 0.000287
 0.526111 0.636298 0.171512 0.213804 0.685870 -0.909771 0.000225
 0.527222 0.638548 0.171537 0.213807 0.684665 -0.914702 0.000182
 0.528333 0.640418 0.171563 0.213810 0.683670 -0.918778 0.000151
 0.529444 0.642003 0.171589 0.213814 0.682832 -0.922219 0.000128
 0.530556 0.643369 0.171617 0.213820 0.682115 -0.925172 0.000110
 0.531667 0.644564 0.171648 0.213826 0.681492 -0.927740 0.000095
 0.532778 0.645621 0.171680 0.213834 0.680947 -0.929998 0.000084
 0.533889 0.646567 0.171717 0.213843 0.680464 -0.932003 0.000075
 0.535000 0.647421 0.171758 0.213855 0.680034 -0.933794 0.000067
 0.536111 0.648201 0.171808 0.213871 0.679649 -0.935407 0.000060
 0.537222 0.648924 0.171869 0.213892 0.679304 -0.936868 0.000054
 0.538333 0.649604 0.171948 0.213921 0.678995 -0.938197 0.000050
 0.539444 0.650259 0.172056 0.213963 0.678720 -0.939413 0.000045
 0.540556 0.650910 0.172205 0.214024 0.678477 -0.940529 0.000042
 0.541667 0.651582 0.172417 0.214113 0.678267 -0.941559 0.000038
 0.542778 0.652306 0.172720 0.214242 0.678095 -0.942512 0.000036
 0.543889 0.653122 0.173150 0.214427 0.677964 -0.943398 0.000033
 0.545000 0.654078 0.173752 0.214689 0.677883 -0.944223 0.000031
 0.546111 0.655230 0.174581 0.215053 0.677860 -0.944994 0.000029
 0.547222 0.656641 0.175698 0.215546 0.677906 -0.945718 0.000028
 0.548333 0.658381 0.177171 0.216198 0.678034 -0.946400 0.000026
 0.549444 0.660520 0.179066 0.217042 0.678255 -0.947044 0.000026
 0.550556 0.663126 0.181447 0.218109 0.678582 -0.947655 0.000025
 0.551667 0.666260 0.184371 0.219425 0.679025 -0.948237 0.000025
 0.552778 0.669975 0.187883 0.221017 0.679591 -0.948795 0.000025
 0.553889 0.674312 0.192011 0.222903 0.680285 -0.949333 0.000025
 0.555000 0.679296 0.196772 0.225095 0.681111 -0.949853 0.000026
 0.556111 0.684939 0.202165 0.227603 0.682066 -0.950359 0.000027
 0.557222 0.691243 0.208176 0.230427 0.683148 -0.950853 0.000029
 0.558333 0.698197 0.214778 0.233565 0.684351 -0.951338 0.000030
 0.559444 0.705780 0.221939 0.237011 0.685668 -0.951816 0.000032
 0.560556 0.713968 0.229619 0.240756 0.687090 -0.952287 0.000034
 0.561667 0.722731 0.237772 0.244789 0.688608 -0.952752 0.000036
 0.562778 0.732038 0.246356 0.249099 0.690213 -0.953212 0.000038
 0.563889 0.741857 0.255327 0.253674 0.691897 -0.953668 0.000040
 0.565000 0.752156 0.264642 0.258501 0.693652 -0.954119 0.000042
 0.566111 0.762905 0.274262 0.263570 0.695468 -0.954565 0.000044
 0.567222 0.774076 0.284151 0.268871 0.697339 -0.955006 0.000045
 0.568333 0.785644 0.294274 0.274393 0.699258 -0.955442 0.000047
 0.569444 0.797584 0.304604 0.280128 0.701220 -0.955872 0.000048
 0.570556 0.809876 0.315112 0.286069 0.703219 -0.956297 0.000050
 0.571667 0.822501 0.325775 0.292209 0.705250 -0.956717 0.000051
 0.572778 0.835442 0.336572 0.298543 0.707309 -0.957130 0.000052
 0.573889 0.848683 0.347485 0.305064 0.709393 -0.957536 0.000053
 0.575000 0.862212 0.358496 0.311769 0.711498 -0.957937 0.000054
 0.576111 0.876017 0.369592 0.318654 0.713621 -0.958330 0.000055
 0.577222 0.890087 0.380760 0.325717 0.715760 -0.958717 0.000056
 0.578333 0.904413 0.391988 0.332953 0.717913 -0.959097 0.000056
 0.579444 0.918987 0.403266 0.340361 0.720078 -0.959470 0.000057
 0.580556 0.933801 0.414587 0.347940 0.722252 -0.959837 0.000058
 0.581667 0.948849 0.425941 0.355687 0.724435 -0.960196 0.000058
 0.582778 0.964125 0.437321 0.363602 0.726625 -0.960548 0.000058
 0.583889 0.979624 0.448722 0.371683 0.728820 -0.960894 0.000059
 0.585000 0.995340 0.460138 0.379929 0.731020 -0.961232 0.000059
 0.586111 1.011269 0.471564 0.388339 0.733224 -0.961563 0.000059
 0.587222 1.027406 0.482994 0.396914 0.735430 -0.961888 0.000059
 0.588333 1.043748 0.494425 0.405652 0.737637 -0.962205 0.000060
 0.589444 1.060290 0.505852 0.414552 0.739846 -0.962516 0.000060
 0.590556 1.077029 0.517272 0.423614 0.742054 -0.962820 0.000060
 0.591667 1.093961 0.528681 0.432838 0.744262 -0.963117 0.000060
 0.592778 1.111081 0.540077 0.442223 0.746469 -0.963408 0.000060
 0.593889 1.128388 0.551454 0.451768 0.748674 -0.963692 0.000059
 0.595000 1.145875 0.562811 0.461472 0.750876 -0.963969 0.000059
 0.596111 1.163540 0.574145 0.471335 0.753075 -0.964240 0.000059
 0.597222 1.181378 0.585452 0.481355 0.755270 -0.964505 0.000059
 0.598333 1.199385 0.596730 0.491531 0.757461 -0.964763 0.000058
 0.599444 1.217556 0.607975 0.501861 0.759646 -0.965015 0.000058
 0.600556 1.235885 0.619184 0.512345 0.761826 -0.965260 0.000058
 0.601667 1.254369 0.630355 0.522979 0.764000 -0.965500 0.000057
 0.602778 1.273000 0.641483 0.533761 0.766167 -0.965733 0.000057
 0.603889 1.291773 0.652567 0.544690 0.768326 -0.965961 0.000056
 0.605000 1.310680 0.663602 0.555761 0.770477 -0.966182 0.000056
 0.606111 1.329715 0.674585 0.566971 0.772619 -0.966398 0.000055
 0.607222 1.348870 0.685512 0.578317 0.774751 -0.966607 0.000055
 0.608333 1.368136 0.696379 0.589794 0.776872 -0.966811 0.000054
 0.609444 1.387503 0.707181 0.601396 0.778982 -0.967009 0.000053
 0.610556 1.406961 0.717916 0.613119 0.781080 -0.967201 0.000053
 0.611667 1.426499 0.728577 0.624956 0.783164 -0.967388 0.000052
 0.612778 1.446106 0.739160 0.636899 0.785234 -0.967568 0.000051
 0.613889 1.465767 0.749659 0.648941 0.787289 -0.967743 0.000050
 0.615000 1.485468 0.760068 0.661074 0.789327 -0.967913 0.000049
 0.616111 1.505195 0.770382 0.673286 0.791348 -0.968076 0.000048
 0.617222 1.524928 0.780594 0.685568 0.793349 -0.968234 0.000047
 0.618333 1.544651 0.790697 0.697907 0.795331 -0.968386 0.000046
 0.619444 1.564343 0.800683 0.710291 0.797290 -0.968533 0.000045
 0.620556 1.583982 0.810544 0.722704 0.799225 -0.968674 0.000044
 0.621667 1.603545 0.820271 0.735132 0.801136 -0.968809 0.000042
 0.622778 1.623006 0.829855 0.747555 0.803019 -0.968939 0.000041
 0.623889 1.642337 0.839287 0.759957 0.804873 -0.969062 0.000040
 0.625000 1.661510 0.848556 0.772315 0.806696 -0.969180 0.000038
 0.626111 1.680492 0.857651 0.784608 0.808485 -0.969292 0.000037
 0.627222 1.699251 0.866560 0.796812 0.810239 -0.969399 0.000035
 0.628333 1.717749 0.875270 0.808901 0.811955 -0.969499 0.000033
 0.629444 1.735950 0.883769 0.820848 0.813630 -0.969594 0.000032
 0.630556 1.753813 0.892043 0.832624 0.815261 -0.969682 0.000030
 0.631667 1.771297 0.900079 0.844198 0.816847 -0.969765 0.000028
 0.632778 1.788359 0.907861 0.855539 0.818383 -0.969842 0.000026
 0.633889 1.804955 0.915376 0.866613 0.819867 -0.969913 0.000024
 0.635000 1.821039 0.922608 0.877386 0.821296 -0.969978 0.000023
 0.636111 1.836566 0.929544 0.887824 0.822667 -0.970038 0.000021
 0.637222 1.851491 0.936169 0.897893 0.823978 -0.970092 0.000019
 0.638333 1.865772 0.942469 0.907560 0.825225 -0.970141 0.000017
 0.639444 1.879366 0.948433 0.916791 0.826406 -0.970184 0.000015
 0.640556 1.892237 0.954049 0.925558 0.827519 -0.970222 0.000013
 0.641667 1.904348 0.959307 0.933831 0.828562 -0.970255 0.000012
 0.642778 1.915673 0.964202 0.941588 0.829533 -0.970284 0.000010
 0.643889 1.926189 0.968727 0.948809 0.830432 -0.970309 0.000009
 0.645000 1.935882 0.972883 0.955480 0.831257 -0.970330 0.000007
 0.646111 1.944744 0.976668 0.961593 0.832010 -0.970347 0.000006
 0.647222 1.952779 0.980090 0.967146 0.832690 -0.970361 0.000005
 0.648333 1.959998 0.983155 0.972144 0.833300 -0.970372 0.000004
 0.649444 1.966423 0.985877 0.976599 0.833842 -0.970381 0.000003
 0.650556 1.972083 0.988269 0.980531 0.834319 -0.970388 0.000002
 0.651667 1.977018 0.990351 0.983962 0.834734 -0.970393 0.000002
 0.652778 1.981274 0.992143 0.986925 0.835091 -0.970397 0.000001
 0.653889 1.984901 0.993669 0.989453 0.835395 -0.970400 0.000001
 0.655000 1.987958 0.994953 0.991585 0.835652 -0.970402 0.000001
 0.656111 1.990502 0.996021 0.993360 0.835865 -0.970403 0.000000
 0.657222 1.992593 0.996898 0.994821 0.836040 -0.970404 0.000000
 0.658333 1.994291 0.997610 0.996007 0.836182 -0.970405 0.000000
 0.659444 1.995651 0.998179 0.996957 0.836296 -0.970405 0.000000
 0.660556 1.996726 0.998630 0.997709 0.836386 -0.970406 0.000000
 0.661667 1.997565 0.998981 0.998296 0.836456 -0.970406 0.000000
 0.662778 1.998211 0.999251 0.998748 0.836510 -0.970406 0.000000
 0.663889 1.998702 0.999457 0.999091 0.836551 -0.970406 0.000000
 0.665000 1.999069 0.999611 0.999349 0.836582 -0.970406 0.000000
 0.666111 1.999341 0.999724 0.999539 0.836605 -0.970406 0.000000
 0.667222 1.999539 0.999807 0.999677 0.836621 -0.970406 0.000000
 0.668333 1.999682 0.999867 0.999777 0.836633 -0.970406 0.000000
 0.669444 1.999783 0.999909 0.999848 0.836642 -0.970406 0.000000
 0.670556 1.999854 0.999939 0.999898 0.836648 -0.970406 0.000000
 0.671667 1.999903 0.999959 0.999932 0.836652 -0.970406 0.000000
 0.672778 1.999936 0.999973 0.999955 0.836655 -0.970406 0.000000
 0.673889 1.999959 0.999983 0.999971 0.836657 -0.970406 0.000000
 0.675000 1.999974 0.999989 0.999981 0.836658 -0.970406 0.000000
 0.676111 1.999983 0.999993 0.999988 0.836659 -0.970406 0.000000
 0.677222 1.999990 0.999996 0.999993 0.836659 -0.970406 0.000000
 0.678333 1.999994 0.999997 0.999995 0.836659 -0.970406 0.000000
 0.679444 1.999996 0.999998 0.999997 0.836660 -0.970406 0.000000
 0.680556 1.999998 0.999999 0.999998 0.836660 -0.970406 0.000000
 0.681667 1.999999 0.999999 0.999999 0.836660 -0.970406 0.000000
 0.682778 1.999999 1.000000 0.999999 0.836660 -0.970406 0.000000
 0.683889 2.000000 1.000000 1.000000 0.836660 -0.970406 0.000000
 0.685000 2.000000 1.000000 1.000000 0.836660 -0.970406 0.000000
 0.686111 2.000000 1.000000 1.000000 0.836660 -0.970406 0.000000
 0.687222 2.000000 1.000000 1.000000 0.836660 -0.970406 0.000000
 0.688333 2.000000 1.000000 1.000000 0.836660 -0.970406 0.000000
 0.689444 2.000000 1.000000 1.000000 0.836660 -0.970406 0.000000
 0.690556 2.000000 1.000000 1.000000 0.836660 -0.970406 -0.000000
 0.691667 2.000000 1.000000 1.000000 0.836660 -0.970406 0.000000
 0.692778 2.000000 1.000000 1.000000 0.836660 -0.970406 -0.000000
 0.693889 2.000000 1.000000 1.000000 0.836660 -0.970406 0.000000
 0.695000 2.000000 1.000000 1.000000 0.836660 -0.970406 -0.000000
 0.696111 2.000000 1.000000 1.000000 0.836660 -0.970406 0.000000
 0.697222 2.000000 1.000000 1.000000 0.836660 -0.970406 0.000000
 0.698333 2.000000 1.000000 1.000000 0.836660 -0.970406 -0.000000
 0.699444 2.000000 1.000000 1.000000 0.836660 -0.970406 0.000000
 0.700556 2.000000 1.000000 1.000000 0.836660 -0.970406 -0.000000
 0.701667 2.000000 1.000000 1.000000 0.836660 -0.970406 -0.000000
 0.702778 2.000000 1.000000 1.000000 0.836660 -0.970406 0.000000
 0.703889 2.000000 1.000000 1.000000 0.836660 -0.970406 0.000000
 0.705000 2.000000 1.000000 1.000000 0.836660 -0.970406 0.000000
 0.706111 2.000000 1.000000 1.000000 0.836660 -0.970406 -0.000000
 0.707222 2.000000 1.000000 1.000000 0.836660 -0.970406 0.000000
 0.708333 2.000000 1.000000 1.000000 0.836660 -0.970406 0.000000
 0.709444 2.000000 1.000000 1.000000 0.836660 -0.970406 -0.000000
 0.710556 2.000000 1.000000 1.000000 0.836660 -0.970406 -0.000000
 0.711667 2.000000 1.000000 1.000000 0.836660 -0.970406 0.000000
 0.712778 2.000000 1.000000 1.000000 0.836660 -0.970406 -0.000000
 0.713889 2.000000 1.000000 1.000000 0.836660 -0.970406 0.000000
 0.715000 2.000000 1.000000 1.000000 0.836660 -0.970406 0.000000
 0.716111 2.000000 1.000000 1.000000 0.836660 -0.970406 0.000000
 0.717222 2.000000 1.000000 1.000000 0.836660 -0.970406 0.000000
 0.718333 2.000000 1.000000 1.000000 0.836660 -0.970406 0.000000
 0.719444 2.000000 1.000000 1.000000 0.836660 -0.970406 0.000000
 0.720556 2.000000 1.000000 1.000000 0.836660 -0.970406 0.000000
 0.721667 2.000000 1.000000 1.000000 0.836660 -0.970406 0.000000
 0.722778 2.000000 1.000000 1.000000 0.836660 -0.970406 0.000000
 0.723889 2.000000 1.000000 1.000000 0.836660 -0.970406 0.000000
 0.725000 2.000000 1.000000 1.000000 0.836660 -0.970406 0.000000
 0.726111 2.000000 1.000000 1.000000 0.836660 -0.970406 0.000000
 0.727222 2.000000 1.000000 1.000000 0.836660 -0.970406 0.000000
 0.728333 2.000000 1.000000 1.000000 0.836660 -0.970406 0.000000
 0.729444 2.000000 1.000000 1.000000 0.836660 -0.970406 0.000000
 0.730556 2.000000 1.000000 1.000000 0.836660 -0.970406 0.000000
 0.731667 2.000000 1.000000 1.000000 0.836660 -0.970406 0.000000
 0.732778 2.000000 1.000000 1.000000 0.836660 -0.970406 0.000000
 0.733889 2.000000 1.000000 1.000000 0.836660 -0.970406 0.000000
 0.735000 2.000000 1.000000 1.000000 0.836660 -0.970406 0.000000
 0.736111 2.000000 1.000000 1.000000 0.836660 -0.970406 0.000000
 0.737222 2.000000 1.000000 1.000000 0.836660 -0.970406 0.000000
 0.738333 2.000000 1.000000 1.000000 0.836660 -0.970406 0.000000
 0.739444 2.000000 1.000000 1.000000 0.836660 -0.970406 0.000000
 0.740556 2.000000 1.000000 1.000000 0.836660 -0.970406 0.000000
 0.741667 2.000000 1.000000 1.000000 0.836660 -0.970406 0.000000
 0.742778 2.000000 1.000000 1.000000 0.836660 -0.970406 0.000000
 0.743889 2.000000 1.000000 1.000000 0.836660 -0.970406 0.000000
 0.745000 2.000000 1.000000 1.000000 0.836660 -0.970406 0.000000
 0.746111 2.000000 1.000000 1.000000 0.836660 -0.970406 0.000000
 0.747222 2.000000 1.000000 1.000000 0.836660 -0.970406 0.000000
 0.748333 2.000000 1.000000 1.000000 0.836660 -0.970406 0.000000
 0.749444 2.000000 1.000000 1.000000 0.836660 -0.970406 0.000000
 0.750556 2.000000 1.000000 1.000000 0.836660 -0.970406 0.000000
 0.751667 2.000000 1.000000 1.000000 0.836660 -0.970406 0.000000
 0.752778 2.000000 1.000000 1.000000 0.836660 -0.970406 0.000000
 0.753889 2.000000 1.000000 1.000000 0.836660 -0.970406 0.000000
 0.755000 2.000000 1.000000 1.000000 0.836660 -0.970406 0.000000
 0.756111 2.000000 1.000000 1.000000 0.836660 -0.970406 0.000000
 0.757222 2.000000 1.000000 1.000000 0.836660 -0.970406 0.000000
 0.758333 2.000000 1.000000 1.000000 0.836660 -0.970406 0.000000
 0.759444 2.000000 1.000000 1.000000 0.836660 -0.970406 0.000000
 0.760556 2.000000 1.000000 1.000000 0.836660 -0.970406 0.000000
 0.761667 2.000000 1.000000 1.000000 0.836660 -0.970406 0.000000
 0.762778 2.000000 1.000000 1.000000 0.836660 -0.970406 0.000000
 0.763889 2.000000 1.000000 1.000000 0.836660 -0.970406 0.000000
 0.765000 2.000000 1.000000 1.000000 0.836660 -0.970406 0.000000
 0.766111 2.000000 1.000000 1.000000 0.836660 -0.970406 0.000000
 0.767222 2.000000 1.000000 1.000000 0.836660 -0.970406 0.000000
 0.768333 2.000000 1.000000 1.000000 0.836660 -0.970406 0.000000
 0.769444 2.000000 1.000000 1.000000 0.836660 -0.970406 0.000000
 0.770556 2.000000 1.000000 1.000000 0.836660 -0.970406 0.000000
 0.771667 2.000000 1.000000 1.000000 0.836660 -0.970406 0.000000
 0.772778 2.000000 1.000000 1.000000 0.836660 -0.970406 0.000000
 0.773889 2.000000 1.000000 1.000000 0.836660 -0.970406 0.000000
 0.775000 2.000000 1.000000 1.000000 0.836660 -0.970406 0.000000
 0.776111 2.000000 1.000000 1.000000 0.836660 -0.970406 0.000000
 0.777222 2.000000 1.000000 1.000000 0.836660 -0.970406 0.000000
 0.778333 2.000000 1.000000 1.000000 0.836660 -0.970406 0.000000
 0.779444 2.000000 1.000000 1.000000 0.836660 -0.970406 0.000000
 0.780556 2.000000 1.000000 1.000000 0.836660 -0.970406 0.000000
 0.781667 2.000000 1.000000 1.000000 0.836660 -0.970406 0.000000
 0.782778 2.000000 1.000000 1.000000 0.836660 -0.970406 0.000000
 0.783889 2.000000 1.000000 1.000000 0.836660 -0.970406 0.000000
 0.785000 2.000000 1.000000 1.000000 0.836660 -0.970406 0.000000
 0.786111 2.000000 1.000000 1.000000 0.836660 -0.970406 0.000000
 0.787222 2.000000 1.000000 1.000000 0.836660 -0.970406 0.000000
 0.788333 2.000000 1.000000 1.000000 0.836660 -0.970406 0.000000
 0.789444 2.000000 1.000000 1.000000 0.836660 -0.970406 0.000000
 0.790556 2.000000 1.000000 1.000000 0.836660 -0.970406 0.000000
 0.791667 2.000000 1.000000 1.000000 0.836660 -0.970406 0.000000
 0.792778 2.000000 1.000000 1.000000 0.836660 -0.970406 0.000000
 0.793889 2.000000 1.000000 1.000000 0.836660 -0.970406 0.000000
 0.795000 2.000000 1.000000 1.000000 0.836660 -0.970406 0.000000
 0.796111 2.000000 1.000000 1.000000 0.836660 -0.970406 0.000000
 0.797222 2.000000 1.000000 1.000000 0.836660 -0.970406 0.000000
 0.798333 2.000000 1.000000 1.000000 0.836660 -0.970406 0.000000
 0.799444 2.000000 1.000000 1.000000 0.836660 -0.970406 0.000000
 0.800556 2.000000 1.000000 1.000000 0.836660 -0.970406 0.000000
 0.801667 2.000000 1.000000 1.000000 0.836660 -0.970406 0.000000
 0.802778 2.000000 1.000000 1.000000 0.836660 -0.970406 0.000000
 0.803889 2.000000 1.000000 1.000000 0.836660 -0.970406 0.000000
 0.805000 2.000000 1.000000 1.000000 0.836660 -0.970406 0.000000
 0.806111 2.000000 1.000000 1.000000 0.836660 -0.970406 0.000000
 0.807222 2.000000 1.000000 1.000000 0.836660 -0.970406 0.000000
 0.808333 2.000000 1.000000 1.000000 0.836660 -0.970406 0.000000
 0.809444 2.000000 1.000000 1.000000 0.836660 -0.970406 0.000000
 0.810556 2.000000 1.000000 1.000000 0.836660 -0.970406 0.000000
 0.811667 2.000000 1.000000 1.000000 0.836660 -0.970406 0.000000
 0.812778 2.000000 1.000000 1.000000 0.836660 -0.970406 0.000000
 0.813889 2.000000 1.000000 1.000000 0.836660 -0.970406 0.000000
 0.815000 2.000000 1.000000 1.000000 0.836660 -0.970406 0.000000
 0.816111 2.000000 1.000000 1.000000 0.836660 -0.970406 0.000000
 0.817222 2.000000 1.000000 1.000000 0.836660 -0.970406 0.000000
 0.818333 2.000000 1.000000 1.000000 0.836660 -0.970406 0.000000
 0.819444 2.000000 1.000000 1.000000 0.836660 -0.970406 0.000000
 0.820556 2.000000 1.000000 1.000000 0.836660 -0.970406 0.000000
 0.821667 2.000000 1.000000 1.000000 0.836660 -0.970406 0.000000
 0.822778 2.000000 1.000000 1.000000 0.836660 -0.970406 0.000000
 0.823889 2.000000 1.000000 1.000000 0.836660 -0.970406 0.000000
 0.825000 2.000000 1.000000 1.000000 0.836660 -0.970406 0.000000
 0.826111 2.000000 1.000000 1.000000 0.836660 -0.970406 0.000000
 0.827222 2.000000 1.000000 1.000000 0.836660 -0.970406 0.000000
 0.828333 2.000000 1.000000 1.000000 0.836660 -0.970406 0.000000
 0.829444 2.000000 1.000000 1.000000 0.836660 -0.970406 0.000000
 0.830556 2.000000 1.000000 1.000000 0.836660 -0.970406 0.000000
 0.831667 2.000000 1.000000 1.000000 0.836660 -0.970406 0.000000
 0.832778 2.000000 1.000000 1.000000 0.836660 -0.970406 0.000000
 0.833889 2.000000 1.000000 1.000000 0.836660 -0.970406 0.000000
 0.835000 2.000000 1.000000 1.000000 0.836660 -0.970406 0.000000
 0.836111 2.000000 1.000000 1.000000 0.836660 -0.970406 0.000000
 0.837222 2.000000 1.000000 1.000000 0.836660 -0.970406 0.000000
 0.838333 2.000000 1.000000 1.000000 0.836660 -0.970406 0.000000
 0.839444 2.000000 1.000000 1.000000 0.836660 -0.970406 0.000000
 0.840556 2.000000 1.000000 1.000000 0.836660 -0.970406 0.000000
 0.841667 2.000000 1.000000 1.000000 0.836660 -0.970406 0.000000
 0.842778 2.000000 1.000000 1.000000 0.836660 -0.970406 0.000000
 0.843889 2.000000 1.000000 1.000000 0.836660 -0.970406 0.000000
 0.845000 2.000000 1.000000 1.000000 0.836660 -0.970406 0.000000
 0.846111 2.000000 1.000000 1.000000 0.836660 -0.970406 0.000000
 0.847222 2.000000 1.000000 1.000000 0.836660 -0.970406 0.000000
 0.848333 2.000000 1.000000 1.000000 0.836660 -0.970406 0.000000
 0.849444 2.000000 1.000000 1.000000 0.836660 -0.970406 0.000000
 0.850556 2.000000 1.000000 1.000000 0.836660 -0.970406 0.000000
 0.851667 2.000000 1.000000 1.000000 0.836660 -0.970406 0.000000
 0.852778 2.000000 1.000000 1.000000 0.836660 -0.970406 0.000000
 0.853889 2.000000 1.000000 1.000000 0.836660 -0.970406 0.000000
 0.855000 2.000000 1.000000 1.000000 0.836660 -0.970406 0.000000
 0.856111 2.000000 1.000000 1.000000 0.836660 -0.970406 0.000000
 0.857222 2.000000 1.000000 1.000000 0.836660 -0.970406 0.000000
 0.858333 2.000000 1.000000 1.000000 0.836660 -0.970406 0.000000
 0.859444 2.000000 1.000000 1.000000 0.836660 -0.970406 0.000000
 0.860556 2.000000 1.000000 1.000000 0.836660 -0.970406 0.000000
 0.861667 2.000000 1.000000 1.000000 0.836660 -0.970406 0.000000
 0.862778 2.000000 1.000000 1.000000 0.836660 -0.970406 0.000000
 0.863889 2.000000 1.000000 1.000000 0.836660 -0.970406 0.000000
 0.865000 2.000000 1.000000 1.000000 0.836660 -0.970406 0.000000
 0.866111 2.000000 1.000000 1.000000 0.836660 -0.970406 0.000000
 0.867222 2.000000 1.000000 1.000000 0.836660 -0.970406 0.000000
 0.868333 2.000000 1.000000 1.000000 0.836660 -0.970406 0.000000
 0.869444 2.000000 1.000000 1.000000 0.836660 -0.970406 0.000000
 0.870556 2.000000 1.000000 1.000000 0.836660 -0.970406 0.000000
 0.871667 2.000000 1.000000 1.000000 0.836660 -0.970406 0.000000
 0.872778 2.000000 1.000000 1.000000 0.836660 -0.970406 0.000000
 0.873889 2.000000 1.000000 1.000000 0.836660 -0.970406 0.000000
 0.875000 2.000000 1.000000 1.000000 0.836660 -0.970406 0.000000
 0.876111 2.000000 1.000000 1.000000 0.836660 -0.970406 0.000000
 0.877222 2.000000 1.000000 1.000000 0.836660 -0.970406 0.000000
 0.878333 2.000000 1.000000 1.000000 0.836660 -0.970406 0.000000
 0.879444 2.000000 1.000000 1.000000 0.836660 -0.970406 0.000000
 0.880556 2.000000 1.000000 1.000000 0.836660 -0.970406 0.000000
 0.881667 2.000000 1.000000 1.000000 0.836660 -0.970406 0.000000
 0.882778 2.000000 1.000000 1.000000 0.836660 -0.970406 0.000000
 0.883889 2.000000 1.000000 1.000000 0.836660 -0.970406 0.000000
 0.885000 2.000000 1.000000 1.000000 0.836660 -0.970406 0.000000
 0.886111 2.000000 1.000000 1.000000 0.836660 -0.970406 0.000000
 0.887222 2.000000 1.000000 1.000000 0.836660 -0.970406 0.000000
 0.888333 2.000000 1.000000 1.000000 0.836660 -0.970406 0.000000
 0.889444 2.000000 1.000000 1.000000 0.836660 -0.970406 0.000000
 0.890556 2.000000 1.000000 1.000000 0.836660 -0.970406 0.000000
 0.891667 2.000000 1.000000 1.000000 0.836660 -0.970406 0.000000
 0.892778 2.000000 1.000000 1.000000 0.836660 -0.970406 0.000000
 0.893889 2.000000 1.000000 1.000000 0.836660 -0.970406 0.000000
 0.895000 2.000000 1.000000 1.000000 0.836660 -0.970406 0.000000
 0.896111 2.000000 1.000000 1.000000 0.836660 -0.970406 0.000000
 0.897222 2.000000 1.000000 1.000000 0.836660 -0.970406 0.000000
 0.898333 2.000000 1.000000 1.000000 0.836660 -0.970406 0.000000
 0.899444 2.000000 1.000000 1.000000 0.836660 -0.970406 0.000000
 0.900556 2.000000 1.000000 1.000000 0.836660 -0.970406 0.000000
 0.901667 2.000000 1.000000 1.000000 0.836660 -0.970406 0.000000
 0.902778 2.000000 1.000000 1.000000 0.836660 -0.970406 0.000000
 0.903889 2.000000 1.000000 1.000000 0.836660 -0.970406 0.000000
 0.905000 2.000000 1.000000 1.000000 0.836660 -0.970406 0.000000
 0.906111 2.000000 1.000000 1.000000 0.836660 -0.970406 0.000000
 0.907222 2.000000 1.000000 1.000000 0.836660 -0.970406 0.000000
 0.908333 2.000000 1.000000 1.000000 0.836660 -0.970406 0.000000
 0.909444 2.000000 1.000000 1.000000 0.836660 -0.970406 0.000000
 0.910556 2.000000 1.000000 1.000000 0.836660 -0.970406 0.000000
 0.911667 2.000000 1.000000 1.000000 0.836660 -0.970406 0.000000
 0.912778 2.000000 1.000000 1.000000 0.836660 -0.970406 0.000000
 0.913889 2.000000 1.000000 1.000000 0.836660 -0.970406 0.000000
 0.915000 2.000000 1.000000 1.000000 0.836660 -0.970406 0.000000
 0.916111 2.000000 1.000000 1.000000 0.836660 -0.970406 0.000000
 0.917222 2.000000 1.000000 1.000000 0.836660 -0.970406 0.000000
 0.918333 2.000000 1.000000 1.000000 0.836660 -0.970406 0.000000
 0.919444 2.000000 1.000000 1.000000 0.836660 -0.970406 0.000000
 0.920556 2.000000 1.000000 1.000000 0.836660 -0.970406 0.000000
 0.921667 2.000000 1.000000 1.000000 0.836660 -0.970406 0.000000
 0.922778 2.000000 1.000000 1.000000 0.836660 -0.970406 0.000000
 0.923889 2.000000 1.000000 1.000000 0.836660 -0.970406 0.000000
 0.925000 2.000000 1.000000 1.000000 0.836660 -0.970406 0.000000
 0.926111 2.000000 1.000000 1.000000 0.836660 -0.970406 0.000000
 0.927222 2.000000 1.000000 1.000000 0.836660 -0.970406 0.000000
 0.928333 2.000000 1.000000 1.000000 0.836660 -0.970406 0.000000
 0.929444 2.000000 1.000000 1.000000 0.836660 -0.970406 0.000000
 0.930556 2.000000 1.000000 1.000000 0.836660 -0.970406 0.000000
 0.931667 2.000000 1.000000 1.000000 0.836660 -0.970406 0.000000
 0.932778 2.000000 1.000000 1.000000 0.836660 -0.970406 0.000000
 0.933889 2.000000 1.000000 1.000000 0.836660 -0.970406 0.000000
 0.935000 2.000000 1.000000 1.000000 0.836660 -0.970406 0.000000
 0.936111 2.000000 1.000000 1.000000 0.836660 -0.970406 0.000000
 0.937222 2.000000 1.000000 1.000000 0.836660 -0.970406 0.000000
 0.938333 2.000000 1.000000 1.000000 0.836660 -0.970406 0.000000
 0.939444 2.000000 1.000000 1.000000 0.836660 -0.970406 0.000000
 0.940556 2.000000 1.000000 1.000000 0.836660 -0.970406 0.000000
 0.941667 2.000000 1.000000 1.000000 0.836660 -0.970406 0.000000
 0.942778 2.000000 1.000000 1.000000 0.836660 -0.970406 0.000000
 0.943889 2.000000 1.000000 1.000000 0.836660 -0.970406 0.000000
 0.945000 2.000000 1.000000 1.000000 0.836660 -0.970406 0.000000
 0.946111 2.000000 1.000000 1.000000 0.836660 -0.970406 0.000000
 0.947222 2.000000 1.000000 1.000000 0.836660 -0.970406 0.000000
 0.948333 2.000000 1.000000 1.000000 0.836660 -0.970406 0.000000
 0.949444 2.000000 1.000000 1.000000 0.836660 -0.970406 0.000000
 0.950556 2.000000 1.000000 1.000000 0.836660 -0.970406 0.000000
 0.951667 2.000000 1.000000 1.000000 0.836660 -0.970406 0.000000
 0.952778 2.000000 1.000000 1.000000 0.836660 -0.970406 0.000000
 0.953889 2.000000 1.000000 1.000000 0.836660 -0.970406 0.000000
 0.955000 2.000000 1.000000 1.000000 0.836660 -0.970406 0.000000
 0.956111 2.000000 1.000000 1.000000 0.836660 -0.970406 0.000000
 0.957222 2.000000 1.000000 1.000000 0.836660 -0.970406 0.000000
 0.958333 2.000000 1.000000 1.000000 0.836660 -0.970406 0.000000
 0.959444 2.000000 1.000000 1.000000 0.836660 -0.970406 0.000000
 0.960556 2.000000 1.000000 1.000000 0.836660 -0.970406 0.000000
 0.961667 2.000000 1.000000 1.000000 0.836660 -0.970406 0.000000
 0.962778 2.000000 1.000000 1.000000 0.836660 -0.970406 0.000000
 0.963889 2.000000 1.000000 1.000000 0.836660 -0.970406 0.000000
 0.965000 2.000000 1.000000 1.000000 0.836660 -0.970406 0.000000
 0.966111 2.000000 1.000000 1.000000 0.836660 -0.970406 0.000000
 0.967222 2.000000 1.000000 1.000000 0.836660 -0.970406 0.000000
 0.968333 2.000000 1.000000 1.000000 0.836660 -0.970406 0.000000
 0.969444 2.000000 1.000000 1.000000 0.836660 -0.970406 0.000000
 0.970556 2.000000 1.000000 1.000000 0.836660 -0.970406 0.000000
 0.971667 2.000000 1.000000 1.000000 0.836660 -0.970406 0.000000
 0.972778 2.000000 1.000000 1.000000 0.836660 -0.970406 0.000000
 0.973889 2.000000 1.000000 1.000000 0.836660 -0.970406 0.000000
 0.975000 2.000000 1.000000 1.000000 0.836660 -0.970406 0.000000
 0.976111 2.000000 1.000000 1.000000 0.836660 -0.970406 0.000000
 0.977222 2.000000 1.000000 1.000000 0.836660 -0.970406 0.000000
 0.978333 2.000000 1.000000 1.000000 0.836660 -0.970406 0.000000
 0.979444 2.000000 1.000000 1.000000 0.836660 -0.970406 0.000000
 0.980556 2.000000 1.000000 1.000000 0.836660 -0.970406 0.000000
 0.981667 2.000000 1.000000 1.000000 0.836660 -0.970406 0.000000
 0.982778 2.000000 1.000000 1.000000 0.836660 -0.970406 0.000000
 0.983889 2.000000 1.000000 1.000000 0.836660 -0.970406 0.000000
 0.985000 2.000000 1.000000 1.000000 0.836660 -0.970406 0.000000
 0.986111 2.000000 1.000000 1.000000 0.836660 -0.970406 0.000000
 0.987222 2.000000 1.000000 1.000000 0.836660 -0.970406 0.000000
 0.988333 2.000000 1.000000 1.000000 0.836660 -0.970406 0.000000
 0.989444 2.000000 1.000000 1.000000 0.836660 -0.970406 0.000000
 0.990556 2.000000 1.000000 1.000000 0.836660 -0.970406 0.000000
 0.991667 2.000000 1.000000 1.000000 0.836660 -0.970406 0.000000
 0.992778 2.000000 1.000000 1.000000 0.836660 -0.970406 0.000000
 0.993889 2.000000 1.000000 1.000000 0.836660 -0.970406 0.000000
 0.995000 2.000000 1.000000 1.000000 0.836660 -0.970406 0.000000
 0.996111 2.000000 1.000000 1.000000 0.836660 -0.970406 0.000000
 0.997222 2.000000 1.000000 1.000000 0.836660 -0.970406 0.000000
 0.998333 2.000000 1.000000 1.000000 0.836660 -0.970406 0.000000
 0.999444 2.000000 1.000000 1.000000 0.836660 -0.970406 0.000000
