Timer: 0.104916
 0.000556 1.000000 0.000000 1.000000 1.183216 1.000000 0.000000
 0.001667 1.000000 0.000000 1.000000 1.183216 1.000000 0.000000
 0.002778 1.000000 0.000000 1.000000 1.183216 1.000000 0.000000
 0.003889 1.000000 0.000000 1.000000 1.183216 1.000000 0.000000
 0.005000 1.000000 0.000000 1.000000 1.183216 1.000000 0.000000
 0.006111 1.000000 0.000000 1.000000 1.183216 1.000000 0.000000
 0.007222 1.000000 0.000000 1.000000 1.183216 1.000000 0.000000
 0.008333 1.000000 0.000000 1.000000 1.183216 1.000000 0.000000
 0.009444 1.000000 0.000000 1.000000 1.183216 1.000000 0.000000
 0.010556 1.000000 0.000000 1.000000 1.183216 1.000000 0.000000
 0.011667 1.000000 0.000000 1.000000 1.183216 1.000000 0.000000
 0.012778 1.000000 0.000000 1.000000 1.183216 1.000000 0.000000
 0.013889 1.000000 0.000000 1.000000 1.183216 1.000000 0.000000
 0.015000 1.000000 0.000000 1.000000 1.183216 1.000000 0.000000
 0.016111 1.000000 0.000000 1.000000 1.183216 1.000000 0.000000
 0.017222 1.000000 0.000000 1.000000 1.183216 1.000000 0.000000
 0.018333 1.000000 0.000000 1.000000 1.183216 1.000000 0.000000
 0.019444 1.000000 0.000000 1.000000 1.183216 1.000000 0.000000
 0.020556 1.000000 0.000000 1.000000 1.183216 1.000000 0.000000
 0.021667 1.000000 0.000000 1.000000 1.183216 1.000000 0.000000
 0.022778 1.000000 0.000000 1.000000 1.183216 1.000000 0.000000
 0.023889 1.000000 0.000000 1.000000 1.183216 1.000000 0.000000
 0.025000 1.000000 0.000000 1.000000 1.183216 1.000000 0.000000
 0.026111 1.000000 0.000000 1.000000 1.183216 1.000000 0.000000
 0.027222 1.000000 0.000000 1.000000 1.183216 1.000000 0.000000
 0.028333 1.000000 0.000000 1.000000 1.183216 1.000000 0.000000
 0.029444 1.000000 0.000000 1.000000 1.183216 1.000000 0.000000
 0.030556 1.000000 0.000000 1.000000 1.183216 1.000000 0.000000
 0.031667 1.000000 0.000000 1.000000 1.183216 1.000000 0.000000
 0.032778 1.000000 0.000000 1.000000 1.183216 1.000000 0.000000
 0.033889 1.000000 0.000000 1.000000 1.183216 1.000000 0.000000
 0.035000 1.000000 0.000000 1.000000 1.183216 1.000000 0.000000
 0.036111 1.000000 0.000000 1.000000 1.183216 1.000000 0.000000
 0.037222 1.000000 0.000000 1.000000 1.183216 1.000000 0.000000
 0.038333 1.000000 0.000000 1.000000 1.183216 1.000000 0.000000
 0.039444 1.000000 0.000000 1.000000 1.183216 1.000000 0.000000
 0.040556 1.000000 0.000000 1.000000 1.183216 1.000000 0.000000
 0.041667 1.000000 0.000000 1.000000 1.183216 1.000000 0.000000
 0.042778 1.000000 0.000000 1.000000 1.183216 1.000000 0.000000
 0.043889 1.000000 0.000000 1.000000 1.183216 1.000000 0.000000
 0.045000 1.000000 0.000000 1.000000 1.183216 1.000000 0.000000
 0.046111 1.000000 0.000000 1.000000 1.183216 1.000000 0.000000
 0.047222 1.000000 0.000000 1.000000 1.183216 1.000000 0.000000
 0.048333 1.000000 0.000000 1.000000 1.183216 1.000000 0.000000
 0.049444 1.000000 0.000000 1.000000 1.183216 1.000000 0.000000
 0.050556 1.000000 0.000000 1.000000 1.183216 1.000000 0.000000
 0.051667 1.000000 0.000000 1.000000 1.183216 1.000000 0.000000
 0.052778 1.000000 0.000000 1.000000 1.183216 1.000000 0.000000
 0.053889 1.000000 0.000000 1.000000 1.183216 1.000000 0.000000
 0.055000 1.000000 0.000000 1.000000 1.183216 1.000000 0.000000
 0.056111 1.000000 0.000000 1.000000 1.183216 1.000000 0.000000
 0.057222 1.000000 0.000000 1.000000 1.183216 1.000000 0.000000
 0.058333 1.000000 0.000000 1.000000 1.183216 1.000000 0.000000
 0.059444 1.000000 0.000000 1.000000 1.183216 1.000000 0.000000
 0.060556 1.000000 0.000000 1.000000 1.183216 1.000000 0.000000
 0.061667 1.000000 0.000000 1.000000 1.183216 1.000000 0.000000
 0.062778 1.000000 0.000000 1.000000 1.183216 1.000000 0.000000
 0.063889 1.000000 0.000000 1.000000 1.183216 1.000000 0.000000
 0.065000 1.000000 0.000000 1.000000 1.183216 1.000000 0.000000
 0.066111 1.000000 0.000000 1.000000 1.183216 1.000000 0.000000
 0.067222 1.000000 0.000000 1.000000 1.183216 1.000000 0.000000
 0.068333 1.000000 0.000000 1.000000 1.183216 1.000000 0.000000
 0.069444 1.000000 0.000000 1.000000 1.183216 1.000000 0.000000
 0.070556 1.000000 0.000000 1.000000 1.183216 1.000000 0.000000
 0.071667 1.000000 0.000000 1.000000 1.183216 1.000000 0.000000
 0.072778 1.000000 0.000000 1.000000 1.183216 1.000000 0.000000
 0.073889 1.000000 0.000000 1.000000 1.183216 1.000000 0.000000
 0.075000 1.000000 0.000000 1.000000 1.183216 1.000000 0.000000
 0.076111 1.000000 0.000000 1.000000 1.183216 1.000000 0.000000
 0.077222 1.000000 0.000000 1.000000 1.183216 1.000000 0.000000
 0.078333 1.000000 0.000000 1.000000 1.183216 1.000000 0.000000
 0.079444 1.000000 0.000000 1.000000 1.183216 1.000000 0.000000
 0.080556 1.000000 0.000000 1.000000 1.183216 1.000000 0.000000
 0.081667 1.000000 0.000000 1.000000 1.183216 1.000000 0.000000
 0.082778 1.000000 0.000000 1.000000 1.183216 1.000000 0.000000
 0.083889 1.000000 0.000000 1.000000 1.183216 1.000000 0.000000
 0.085000 1.000000 0.000000 1.000000 1.183216 1.000000 0.000000
 0.086111 1.000000 0.000000 1.000000 1.183216 1.000000 0.000000
 0.087222 1.000000 0.000000 1.000000 1.183216 1.000000 0.000000
 0.088333 1.000000 0.000000 1.000000 1.183216 1.000000 0.000000
 0.089444 1.000000 0.000000 1.000000 1.183216 1.000000 0.000000
 0.090556 1.000000 0.000000 1.000000 1.183216 1.000000 0.000000
 0.091667 1.000000 0.000000 1.000000 1.183216 1.000000 0.000000
 0.092778 1.000000 0.000000 1.000000 1.183216 1.000000 0.000000
 0.093889 1.000000 0.000000 1.000000 1.183216 1.000000 0.000000
 0.095000 1.000000 0.000000 1.000000 1.183216 1.000000 0.000000
 0.096111 1.000000 0.000000 1.000000 1.183216 1.000000 0.000000
 0.097222 1.000000 0.000000 1.000000 1.183216 1.000000 0.000000
 0.098333 1.000000 0.000000 1.000000 1.183216 1.000000 0.000000
 0.099444 1.000000 0.000000 1.000000 1.183216 1.000000 0.000000
 0.100556 1.000000 0.000000 1.000000 1.183216 1.000000 0.000000
 0.101667 1.000000 0.000000 1.000000 1.183216 1.000000 0.000000
 0.102778 1.000000 0.000000 1.000000 1.183216 1.000000 0.000000
 0.103889 1.000000 0.000000 1.000000 1.183216 1.000000 0.000000
 0.105000 1.000000 0.000000 1.000000 1.183216 1.000000 0.000000
 0.106111 1.000000 0.000000 1.000000 1.183216 1.000000 0.000000
 0.107222 1.000000 0.000000 1.000000 1.183216 1.000000 0.000000
 0.108333 1.000000 0.000000 1.000000 1.183216 1.000000 0.000000
 0.109444 1.000000 0.000000 1.000000 1.183216 1.000000 0.000000
 0.110556 1.000000 0.000000 1.000000 1.183216 1.000000 0.000000
 0.111667 1.000000 0.000000 1.000000 1.183216 1.000000 0.000000
 0.112778 1.000000 0.000000 1.000000 1.183216 1.000000 0.000000
 0.113889 1.000000 0.000000 1.000000 1.183216 1.000000 0.000000
 0.115000 1.000000 0.000000 1.000000 1.183216 1.000000 0.000000
 0.116111 1.000000 0.000000 1.000000 1.183216 1.000000 0.000000
 0.117222 1.000000 0.000000 1.000000 1.183216 1.000000 0.000000
 0.118333 1.000000 0.000000 1.000000 1.183216 1.000000 0.000000
 0.119444 1.000000 0.000000 1.000000 1.183216 1.000000 0.000000
 0.120556 1.000000 0.000000 1.000000 1.183216 1.000000 0.000000
 0.121667 1.000000 0.000000 1.000000 1.183216 1.000000 0.000000
 0.122778 1.000000 0.000000 1.000000 1.183216 1.000000 0.000000
 0.123889 1.000000 0.000000 1.000000 1.183216 1.000000 0.000000
 0.125000 1.000000 0.000000 1.000000 1.183216 1.000000 0.000000
 0.126111 1.000000 0.000000 1.000000 1.183216 1.000000 0.000000
 0.127222 1.000000 0.000000 1.000000 1.183216 1.000000 0.000000
 0.128333 1.000000 0.000000 1.000000 1.183216 1.000000 0.000000
 0.129444 1.000000 0.000000 1.000000 1.183216 1.000000 0.000000
 0.130556 1.000000 0.000000 1.000000 1.183216 1.000000 0.000000
 0.131667 1.000000 0.000000 1.000000 1.183216 1.000000 0.000000
 0.132778 1.000000 0.000000 1.000000 1.183216 1.000000 0.000000
 0.133889 1.000000 0.000000 1.000000 1.183216 1.000000 0.000000
 0.135000 1.000000 0.000000 1.000000 1.183216 1.000000 0.000000
 0.136111 1.000000 0.000000 1.000000 1.183216 1.000000 0.000000
 0.137222 1.000000 0.000000 1.000000 1.183216 1.000000 0.000000
 0.138333 1.000000 0.000000 1.000000 1.183216 1.000000 0.000000
 0.139444 1.000000 0.000000 1.000000 1.183216 1.000000 0.000000
 0.140556 1.000000 0.000000 1.000000 1.183216 1.000000 0.000000
 0.141667 1.000000 0.000000 1.000000 1.183216 1.000000 0.000000
 0.142778 1.000000 0.000000 1.000000 1.183216 1.000000 0.000000
 0.143889 1.000000 0.000000 1.000000 1.183216 1.000000 0.000000
 0.145000 1.000000 0.000000 1.000000 1.183216 1.000000 0.000000
 0.146111 1.000000 0.000000 1.000000 1.183216 1.000000 0.000000
 0.147222 1.000000 0.000000 1.000000 1.183216 1.000000 0.000000
 0.148333 1.000000 0.000000 1.000000 1.183216 1.000000 0.000000
 0.149444 1.000000 0.000000 1.000000 1.183216 1.000000 0.000000
 0.150556 1.000000 0.000000 1.000000 1.183216 1.000000 0.000000
 0.151667 1.000000 0.000000 1.000000 1.183216 1.000000 0.000000
 0.152778 1.000000 0.000000 1.000000 1.183216 1.000000 0.000000
 0.153889 1.000000 0.000000 1.000000 1.183216 1.000000 0.000000
 0.155000 1.000000 0.000000 1.000000 1.183216 1.000000 0.000000
 0.156111 1.000000 0.000000 1.000000 1.183216 1.000000 0.000000
 0.157222 1.000000 0.000000 1.000000 1.183216 1.000000 0.000000
 0.158333 1.000000 0.000000 1.000000 1.183216 1.000000 0.000000
 0.159444 1.000000 0.000000 1.000000 1.183216 1.000000 0.000000
 0.160556 1.000000 0.000000 1.000000 1.183216 1.000000 0.000000
 0.161667 1.000000 0.000000 1.000000 1.183216 1.000000 0.000000
 0.162778 1.000000 0.000000 1.000000 1.183216 1.000000 0.000000
 0.163889 1.000000 0.000000 1.000000 1.183216 1.000000 0.000000
 0.165000 1.000000 0.000000 1.000000 1.183216 1.000000 0.000000
 0.166111 1.000000 0.000000 1.000000 1.183216 1.000000 0.000000
 0.167222 1.000000 0.000000 1.000000 1.183216 1.000000 0.000000
 0.168333 1.000000 0.000000 1.000000 1.183216 1.000000 0.000000
 0.169444 1.000000 0.000000 1.000000 1.183216 1.000000 0.000000
 0.170556 1.000000 0.000000 1.000000 1.183216 1.000000 0.000000
 0.171667 1.000000 0.000000 1.000000 1.183216 1.000000 0.000000
 0.172778 1.000000 0.000000 1.000000 1.183216 1.000000 0.000000
 0.173889 1.000000 0.000000 1.000000 1.183216 1.000000 0.000000
 0.175000 1.000000 0.000000 1.000000 1.183216 1.000000 0.000000
 0.176111 1.000000 0.000000 1.000000 1.183216 1.000000 0.000000
 0.177222 1.000000 0.000000 1.000000 1.183216 1.000000 0.000000
 0.178333 1.000000 0.000000 1.000000 1.183216 1.000000 0.000000
 0.179444 1.000000 0.000000 1.000000 1.183216 1.000000 0.000000
 0.180556 1.000000 0.000000 1.000000 1.183216 1.000000 0.000000
 0.181667 1.000000 0.000000 1.000000 1.183216 1.000000 0.000000
 0.182778 1.000000 0.000000 1.000000 1.183216 1.000000 0.000000
 0.183889 1.000000 0.000000 1.000000 1.183216 1.000000 0.000000
 0.185000 1.000000 0.000000 1.000000 1.183216 1.000000 0.000000
 0.186111 1.000000 0.000000 1.000000 1.183216 1.000000 0.000000
 0.187222 1.000000 0.000000 1.000000 1.183216 1.000000 0.000000
 0.188333 1.000000 0.000000 1.000000 1.183216 1.000000 0.000000
 0.189444 1.000000 0.000000 1.000000 1.183216 1.000000 0.000000
 0.190556 1.000000 0.000000 1.000000 1.183216 1.000000 0.000000
 0.191667 1.000000 0.000000 1.000000 1.183216 1.000000 0.000000
 0.192778 1.000000 0.000000 1.000000 1.183216 1.000000 0.000000
 0.193889 1.000000 0.000000 1.000000 1.183216 1.000000 0.000000
 0.195000 1.000000 0.000000 1.000000 1.183216 1.000000 0.000000
 0.196111 1.000000 0.000000 1.000000 1.183216 1.000000 0.000000
 0.197222 1.000000 0.000000 1.000000 1.183216 1.000000 0.000000
 0.198333 1.000000 0.000000 1.000000 1.183216 1.000000 0.000000
 0.199444 1.000000 0.000000 1.000000 1.183216 1.000000 0.000000
 0.200556 1.000000 0.000000 1.000000 1.183216 1.000000 0.000000
 0.201667 1.000000 0.000000 1.000000 1.183216 1.000000 0.000000
 0.202778 1.000000 0.000000 1.000000 1.183216 1.000000 0.000000
 0.203889 1.000000 0.000000 1.000000 1.183216 1.000000 0.000000
 0.205000 1.000000 0.000000 1.000000 1.183216 1.000000 0.000000
 0.206111 1.000000 0.000000 1.000000 1.183216 1.000000 0.000000
 0.207222 1.000000 0.000000 1.000000 1.183216 1.000000 0.000000
 0.208333 1.000000 0.000000 1.000000 1.183216 1.000000 0.000000
 0.209444 1.000000 0.000000 1.000000 1.183216 1.000000 0.000000
 0.210556 1.000000 0.000000 1.000000 1.183216 1.000000 0.000000
 0.211667 1.000000 0.000000 1.000000 1.183216 1.000000 0.000000
 0.212778 1.000000 0.000000 1.000000 1.183216 1.000000 0.000000
 0.213889 1.000000 0.000000 1.000000 1.183216 1.000000 0.000000
 0.215000 1.000000 0.000000 1.000000 1.183216 1.000000 0.000000
 0.216111 1.000000 0.000000 1.000000 1.183216 1.000000 0.000000
 0.217222 1.000000 0.000000 1.000000 1.183216 1.000000 0.000000
 0.218333 1.000000 0.000000 1.000000 1.183216 1.000000 0.000000
 0.219444 1.000000 0.000000 1.000000 1.183216 1.000000 0.000000
 0.220556 1.000000 0.000000 1.000000 1.183216 1.000000 0.000000
 0.221667 1.000000 0.000000 1.000000 1.183216 1.000000 0.000000
 0.222778 1.000000 0.000000 1.000000 1.183216 1.000000 0.000000
 0.223889 1.000000 0.000000 1.000000 1.183216 1.000000 0.000000
 0.225000 1.000000 0.000000 1.000000 1.183216 1.000000 0.000000
 0.226111 1.000000 0.000000 1.000000 1.183216 1.000000 0.000000
 0.227222 1.000000 0.000000 1.000000 1.183216 1.000000 0.000000
 0.228333 1.000000 0.000000 1.000000 1.183216 1.000000 0.000000
 0.229444 1.000000 0.000000 1.000000 1.183216 1.000000 0.000000
 0.230556 1.000000 0.000000 1.000000 1.183216 1.000000 0.000000
 0.231667 1.000000 0.000000 1.000000 1.183216 1.000000 0.000000
 0.232778 1.000000 0.000000 1.000000 1.183216 1.000000 0.000000
 0.233889 1.000000 0.000000 1.000000 1.183216 1.000000 0.000000
 0.235000 1.000000 0.000000 1.000000 1.183216 1.000000 0.000000
 0.236111 1.000000 0.000000 1.000000 1.183216 1.000000 0.000000
 0.237222 1.000000 0.000000 1.000000 1.183216 1.000000 0.000000
 0.238333 1.000000 0.000000 1.000000 1.183216 1.000000 0.000000
 0.239444 1.000000 0.000000 1.000000 1.183216 1.000000 0.000000
 0.240556 1.000000 0.000000 1.000000 1.183216 1.000000 0.000000
 0.241667 1.000000 0.000000 1.000000 1.183216 1.000000 0.000000
 0.242778 1.000000 0.000000 1.000000 1.183216 1.000000 0.000000
 0.243889 1.000000 0.000000 1.000000 1.183216 1.000000 0.000000
 0.245000 1.000000 0.000000 1.000000 1.183216 1.000000 0.000000
 0.246111 1.000000 0.000000 1.000000 1.183216 1.000000 0.000000
 0.247222 1.000000 0.000000 1.000000 1.183216 1.000000 0.000000
 0.248333 1.000000 0.000000 1.000000 1.183216 1.000000 0.000000
 0.249444 1.000000 0.000000 1.000000 1.183216 1.000000 0.000000
 0.250556 1.000000 0.000000 1.000000 1.183216 1.000000 0.000000
 0.251667 1.000000 0.000000 1.000000 1.183216 1.000000 0.000000
 0.252778 1.000000 0.000000 1.000000 1.183216 1.000000 0.000000
 0.253889 1.000000 0.000000 1.000000 1.183216 1.000000 0.000000
 0.255000 1.000000 0.000000 1.000000 1.183216 1.000000 0.000000
 0.256111 1.000000 0.000000 1.000000 1.183216 1.000000 0.000000
 0.257222 1.000000 0.000000 1.000000 1.183216 1.000000 0.000000
 0.258333 1.000000 0.000000 1.000000 1.183216 1.000000 0.000000
 0.259444 1.000000 0.000000 1.000000 1.183216 1.000000 0.000000
 0.260556 1.000000 0.000000 1.000000 1.183216 1.000000 0.000000
 0.261667 1.000000 0.000000 1.000000 1.183216 1.000000 0.000000
 0.262778 1.000000 0.000000 1.000000 1.183216 1.000000 0.000000
 0.263889 1.000000 0.000000 1.000000 1.183216 1.000000 0.000000
 0.265000 1.000000 0.000000 1.000000 1.183216 1.000000 0.000000
 0.266111 1.000000 0.000000 1.000000 1.183216 1.000000 0.000000
 0.267222 1.000000 0.000000 1.000000 1.183216 1.000000 0.000000
 0.268333 1.000000 0.000000 1.000000 1.183216 1.000000 0.000000
 0.269444 1.000000 0.000000 1.000000 1.183216 1.000000 0.000000
 0.270556 1.000000 0.000000 1.000000 1.183216 1.000000 0.000000
 0.271667 1.000000 0.000000 1.000000 1.183216 1.000000 0.000000
 0.272778 1.000000 0.000000 1.000000 1.183216 1.000000 0.000000
 0.273889 1.000000 0.000000 1.000000 1.183216 1.000000 0.000000
 0.275000 1.000000 0.000000 1.000000 1.183216 1.000000 0.000000
 0.276111 1.000000 0.000000 1.000000 1.183216 1.000000 0.000000
 0.277222 1.000000 0.000000 1.000000 1.183216 1.000000 0.000000
 0.278333 1.000000 0.000000 1.000000 1.183216 1.000000 0.000000
 0.279444 1.000000 0.000000 1.000000 1.183216 1.000000 0.000000
 0.280556 1.000000 0.000000 1.000000 1.183216 1.000000 0.000000
 0.281667 1.000000 0.000000 1.000000 1.183216 1.000000 0.000000
 0.282778 1.000000 0.000000 1.000000 1.183216 1.000000 0.000000
 0.283889 1.000000 0.000000 1.000000 1.183216 1.000000 0.000000
 0.285000 1.000000 0.000000 1.000000 1.183216 1.000000 0.000000
 0.286111 1.000000 0.000000 1.000000 1.183216 1.000000 0.000000
 0.287222 1.000000 0.000000 1.000000 1.183216 1.000000 0.000000
 0.288333 1.000000 0.000000 1.000000 1.183216 1.000000 0.000000
 0.289444 1.000000 0.000000 1.000000 1.183216 1.000000 0.000000
 0.290556 1.000000 0.000000 1.000000 1.183216 1.000000 0.000000
 0.291667 1.000000 0.000000 1.000000 1.183216 1.000000 0.000000
 0.292778 1.000000 0.000000 1.000000 1.183216 1.000000 0.000000
 0.293889 1.000000 0.000000 1.000000 1.183216 1.000000 0.000000
 0.295000 1.000000 0.000000 1.000000 1.183216 1.000000 0.000000
 0.296111 1.000000 0.000000 1.000000 1.183216 1.000000 0.000000
 0.297222 1.000000 0.000000 1.000000 1.183216 1.000000 0.000000
 0.298333 1.000000 0.000000 1.000000 1.183216 1.000000 0.000000
 0.299444 1.000000 0.000000 1.000000 1.183216 1.000000 0.000000
 0.300556 1.000000 0.000000 1.000000 1.183216 1.000000 0.000000
 0.301667 1.000000 0.000000 1.000000 1.183216 1.000000 0.000000
 0.302778 1.000000 0.000000 1.000000 1.183216 1.000000 0.000000
 0.303889 1.000000 0.000000 1.000000 1.183216 1.000000 0.000000
 0.305000 1.000000 0.000000 1.000000 1.183216 1.000000 0.000000
 0.306111 1.000000 0.000000 1.000000 1.183216 1.000000 0.000000
 0.307222 1.000000 0.000000 1.000000 1.183216 1.000000 0.000000
 0.308333 1.000000 0.000000 1.000000 1.183216 1.000000 0.000000
 0.309444 1.000000 0.000000 1.000000 1.183216 1.000000 0.000000
 0.310556 1.000000 0.000000 1.000000 1.183216 1.000000 0.000000
 0.311667 1.000000 0.000000 1.000000 1.183216 1.000000 0.000000
 0.312778 1.000000 0.000000 1.000000 1.183216 1.000000 0.000000
 0.313889 1.000000 0.000000 1.000000 1.183216 1.000000 0.000000
 0.315000 1.000000 0.000000 1.000000 1.183216 1.000000 0.000000
 0.316111 1.000000 0.000000 1.000000 1.183216 1.000000 0.000000
 0.317222 1.000000 0.000000 1.000000 1.183216 1.000000 0.000000
 0.318333 1.000000 0.000000 1.000000 1.183216 1.000000 0.000000
 0.319444 1.000000 0.000000 1.000000 1.183216 1.000000 0.000000
 0.320556 1.000000 0.000000 1.000000 1.183216 1.000000 0.000000
 0.321667 1.000000 0.000000 1.000000 1.183216 1.000000 0.000000
 0.322778 1.000000 0.000000 1.000000 1.183216 1.000000 0.000000
 0.323889 1.000000 0.000000 1.000000 1.183216 1.000000 0.000000
 0.325000 1.000000 0.000000 1.000000 1.183216 1.000000 0.000000
 0.326111 1.000000 0.000000 1.000000 1.183216 1.000000 0.000000
 0.327222 1.000000 0.000001 0.999999 1.183216 1.000000 0.000000
 0.328333 0.999999 0.000001 0.999999 1.183216 1.000000 0.000000
 0.329444 0.999999 0.000001 0.999998 1.183216 1.000000 0.000000
 0.330556 0.999998 0.000002 0.999997 1.183216 1.000000 0.000000
 0.331667 0.999997 0.000003 0.999996 1.183215 1.000000 0.000000
 0.332778 0.999996 0.000005 0.999994 1.183215 1.000000 0.000000
 0.333889 0.999994 0.000007 0.999991 1.183214 1.000000 0.000000
 0.335000 0.999991 0.000011 0.999987 1.183214 1.000000 0.000000
 0.336111 0.999986 0.000016 0.999981 1.183213 1.000000 0.000000
 0.337222 0.999980 0.000024 0.999972 1.183211 1.000000 0.000000
 0.338333 0.999971 0.000035 0.999959 1.183209 1.000000 0.000000
 0.339444 0.999958 0.000050 0.999941 1.183206 1.000000 0.000000
 0.340556 0.999940 0.000071 0.999916 1.183202 1.000000 0.000000
 0.341667 0.999916 0.000100 0.999882 1.183196 1.000000 0.000000
 0.342778 0.999882 0.000139 0.999835 1.183188 1.000000 0.000000
 0.343889 0.999837 0.000192 0.999772 1.183177 1.000000 0.000000
 0.345000 0.999778 0.000263 0.999689 1.183163 1.000000 0.000000
 0.346111 0.999699 0.000357 0.999578 1.183145 1.000000 0.000000
 0.347222 0.999596 0.000479 0.999434 1.183120 1.000000 0.000000
 0.348333 0.999462 0.000636 0.999247 1.183089 1.000000 0.000000
 0.349444 0.999292 0.000838 0.999009 1.183048 1.000000 0.000000
 0.350556 0.999076 0.001093 0.998707 1.182997 1.000000 0.000000
 0.351667 0.998806 0.001413 0.998329 1.182933 1.000000 0.000000
 0.352778 0.998472 0.001809 0.997861 1.182854 1.000000 0.000000
 0.353889 0.998061 0.002296 0.997287 1.182757 1.000000 0.000000
 0.355000 0.997563 0.002886 0.996591 1.182639 1.000000 0.000000
 0.356111 0.996965 0.003595 0.995754 1.182497 1.000001 0.000000
 0.357222 0.996253 0.004439 0.994759 1.182328 1.000001 0.000000
 0.358333 0.995415 0.005434 0.993588 1.182130 1.000001 0.000000
 0.359444 0.994437 0.006595 0.992223 1.181898 1.000002 0.000000
 0.360556 0.993308 0.007937 0.990646 1.181629 1.000002 0.000000
 0.361667 0.992015 0.009475 0.988842 1.181322 1.000003 0.000000
 0.362778 0.990549 0.011222 0.986797 1.180973 1.000004 0.000000
 0.363889 0.988899 0.013189 0.984498 1.180580 1.000005 0.000000
 0.365000 0.987058 0.015387 0.981935 1.180141 1.000007 0.000000
 0.366111 0.985021 0.017823 0.979101 1.179655 1.000009 0.000000
 0.367222 0.982782 0.020504 0.975990 1.179120 1.000011 0.000000
 0.368333 0.980341 0.023433 0.972600 1.178535 1.000014 0.000000
 0.369444 0.977696 0.026614 0.968931 1.177900 1.000018 0.000000
 0.370556 0.974848 0.030045 0.964986 1.177216 1.000021 0.000000
 0.371667 0.971800 0.033726 0.960769 1.176481 1.000026 0.000000
 0.372778 0.968557 0.037653 0.956288 1.175698 1.000031 0.000000
 0.373889 0.965123 0.041821 0.951551 1.174867 1.000037 0.000000
 0.375000 0.961506 0.046224 0.946568 1.173989 1.000043 0.000000
 0.376111 0.957713 0.050856 0.941351 1.173065 1.000050 0.000000
 0.377222 0.953752 0.055709 0.935911 1.172097 1.000058 0.000000
 0.378333 0.949630 0.060774 0.930262 1.171088 1.000067 0.000000
 0.379444 0.945359 0.066043 0.924418 1.170038 1.000076 0.000000
 0.380556 0.940945 0.071506 0.918390 1.168949 1.000086 0.000000
 0.381667 0.936399 0.077154 0.912194 1.167824 1.000097 0.000000
 0.382778 0.931730 0.082978 0.905843 1.166663 1.000108 0.000000
 0.383889 0.926946 0.088968 0.899349 1.165470 1.000120 0.000000
 0.385000 0.922057 0.095116 0.892726 1.164245 1.000133 0.000000
 0.386111 0.917070 0.101413 0.885986 1.162991 1.000146 0.000000
 0.387222 0.911994 0.107850 0.879141 1.161709 1.000160 0.000000
 0.388333 0.906838 0.114420 0.872202 1.160400 1.000175 0.000000
 0.389444 0.901607 0.121114 0.865180 1.159067 1.000190 0.000000
 0.390556 0.896309 0.127924 0.858085 1.157711 1.000205 0.000000
 0.391667 0.890952 0.134845 0.850926 1.156333 1.000222 0.000000
 0.392778 0.885540 0.141869 0.843713 1.154935 1.000239 0.000000
 0.393889 0.880080 0.148990 0.836454 1.153517 1.000256 0.000000
 0.395000 0.874578 0.156203 0.829157 1.152081 1.000274 0.000000
 0.396111 0.869038 0.163501 0.821829 1.150629 1.000292 0.000000
 0.397222 0.863466 0.170879 0.814476 1.149160 1.000311 0.000000
 0.398333 0.857866 0.178333 0.807106 1.147677 1.000330 0.000000
 0.399444 0.852242 0.185858 0.799723 1.146179 1.000349 0.000000
 0.400556 0.846597 0.193450 0.792333 1.144668 1.000369 0.000000
 0.401667 0.840936 0.201104 0.784942 1.143145 1.000390 0.000000
 0.402778 0.835262 0.208818 0.777554 1.141610 1.000410 0.000000
 0.403889 0.829578 0.216587 0.770172 1.140064 1.000431 0.000000
 0.405000 0.823887 0.224409 0.762801 1.138507 1.000453 0.000000
 0.406111 0.818191 0.232281 0.755445 1.136941 1.000475 0.000000
 0.407222 0.812493 0.240199 0.748107 1.135366 1.000497 0.000000
 0.408333 0.806796 0.248162 0.740789 1.133782 1.000519 0.000000
 0.409444 0.801100 0.256166 0.733495 1.132189 1.000542 0.000000
 0.410556 0.795409 0.264210 0.726227 1.130589 1.000565 0.000000
 0.411667 0.789724 0.272291 0.718987 1.128982 1.000588 0.000000
 0.412778 0.784047 0.280408 0.711779 1.127367 1.000612 0.000000
 0.413889 0.778380 0.288558 0.704602 1.125746 1.000636 0.000000
 0.415000 0.772722 0.296741 0.697460 1.124118 1.000660 0.000000
 0.416111 0.767077 0.304954 0.690354 1.122485 1.000685 0.000000
 0.417222 0.761446 0.313196 0.683286 1.120846 1.000709 0.000000
 0.418333 0.755829 0.321465 0.676256 1.119201 1.000734 0.000000
 0.419444 0.750227 0.329760 0.669267 1.117551 1.000759 0.000000
 0.420556 0.744642 0.338081 0.662319 1.115896 1.000785 0.000000
 0.421667 0.739074 0.346426 0.655413 1.114237 1.000810 0.000000
 0.422778 0.733525 0.354793 0.648550 1.112573 1.000836 0.000000
 0.423889 0.727994 0.363182 0.641732 1.110905 1.000862 0.000000
 0.425000 0.722484 0.371593 0.634958 1.109232 1.000888 0.000000
 0.426111 0.716993 0.380023 0.628230 1.107556 1.000915 0.000000
 0.427222 0.711524 0.388473 0.621547 1.105876 1.000942 0.000000
 0.428333 0.706076 0.396941 0.614912 1.104192 1.000968 0.000000
 0.429444 0.700651 0.405427 0.608323 1.102505 1.000995 0.000000
 0.430556 0.695248 0.413930 0.601782 1.100814 1.001023 0.000000
 0.431667 0.689868 0.422450 0.595289 1.099120 1.001050 0.000000
 0.432778 0.684511 0.430986 0.588844 1.097423 1.001078 0.000000
 0.433889 0.679178 0.439537 0.582448 1.095723 1.001106 0.000000
 0.435000 0.673870 0.448103 0.576100 1.094020 1.001134 0.000000
 0.436111 0.668585 0.456683 0.569802 1.092314 1.001162 0.000000
 0.437222 0.663326 0.465278 0.563552 1.090605 1.001190 0.000000
 0.438333 0.658091 0.473885 0.557352 1.088894 1.001218 0.000000
 0.439444 0.652882 0.482506 0.551201 1.087180 1.001247 0.000000
 0.440556 0.647699 0.491140 0.545100 1.085464 1.001276 0.000000
 0.441667 0.642541 0.499786 0.539048 1.083745 1.001305 0.000000
 0.442778 0.637408 0.508444 0.533045 1.082024 1.001334 0.000000
 0.443889 0.632302 0.517114 0.527092 1.080301 1.001363 0.000000
 0.445000 0.627222 0.525796 0.521188 1.078575 1.001393 0.000000
 0.446111 0.622169 0.534488 0.515334 1.076848 1.001422 0.000000
 0.447222 0.617141 0.543192 0.509529 1.075118 1.001452 0.000000
 0.448333 0.612141 0.551906 0.503773 1.073386 1.001481 0.000000
 0.449444 0.607167 0.560630 0.498066 1.071651 1.001511 0.000000
 0.450556 0.602219 0.569365 0.492408 1.069915 1.001541 0.000000
 0.451667 0.597299 0.578110 0.486800 1.068177 1.001572 0.000000
 0.452778 0.592405 0.586864 0.481240 1.066437 1.001602 0.000000
 0.453889 0.587538 0.595628 0.475728 1.064695 1.001632 0.000000
 0.455000 0.582698 0.604402 0.470265 1.062952 1.001663 0.000000
 0.456111 0.577885 0.613185 0.464850 1.061206 1.001693 0.000000
 0.457222 0.573099 0.621977 0.459483 1.059459 1.001724 0.000000
 0.458333 0.568340 0.630778 0.454165 1.057710 1.001755 0.000000
 0.459444 0.563608 0.639588 0.448893 1.055959 1.001786 0.000000
 0.460556 0.558903 0.648407 0.443670 1.054206 1.001817 0.000000
 0.461667 0.554226 0.657234 0.438493 1.052452 1.001848 0.000000
 0.462778 0.549575 0.666070 0.433364 1.050696 1.001879 0.000000
 0.463889 0.544951 0.674914 0.428281 1.048938 1.001910 0.000000
 0.465000 0.540354 0.683766 0.423246 1.047179 1.001941 0.000000
 0.466111 0.535785 0.692627 0.418256 1.045418 1.001973 0.000000
 0.467222 0.531242 0.701495 0.413313 1.043656 1.002004 0.000000
 0.468333 0.526727 0.710370 0.408416 1.041892 1.002036 0.000000
 0.469444 0.522239 0.719253 0.403565 1.040127 1.002067 0.000000
 0.470556 0.517777 0.728144 0.398759 1.038360 1.002099 0.000000
 0.471667 0.513344 0.737041 0.393999 1.036592 1.002130 0.000000
 0.472778 0.508937 0.745945 0.389285 1.034822 1.002162 0.000000
 0.473889 0.504558 0.754855 0.384616 1.033052 1.002194 0.000000
 0.475000 0.500206 0.763770 0.379992 1.031280 1.002225 0.000000
 0.476111 0.495883 0.772691 0.375413 1.029507 1.002257 0.000000
 0.477222 0.491587 0.781615 0.370880 1.027734 1.002289 0.000000
 0.478333 0.487321 0.790542 0.366393 1.025959 1.002320 0.000000
 0.479444 0.483083 0.799470 0.361952 1.024185 1.002352 0.000000
 0.480556 0.478876 0.808398 0.357557 1.022411 1.002383 0.000000
 0.481667 0.474699 0.817321 0.353210 1.020637 1.002415 0.000000
 0.482778 0.470556 0.826238 0.348912 1.018865 1.002447 0.000000
 0.483889 0.466447 0.835142 0.344665 1.017096 1.002478 0.000000
 0.485000 0.462376 0.844027 0.340472 1.015330 1.002509 0.000000
 0.486111 0.458346 0.852882 0.336336 1.013570 1.002540 0.000000
 0.487222 0.454365 0.861694 0.332263 1.011819 1.002571 0.000000
 0.488333 0.450441 0.870440 0.328263 1.010080 1.002602 0.000000
 0.489444 0.446587 0.879089 0.324347 1.008361 1.002632 0.000000
 0.490556 0.442823 0.887593 0.320536 1.006670 1.002662 0.000000
 0.491667 0.439180 0.895878 0.316859 1.005023 1.002691 0.000000
 0.492778 0.435707 0.903828 0.313365 1.003442 1.002718 0.000000
 0.493889 0.432477 0.911261 0.310127 1.001964 1.002745 0.000000
 0.495000 0.429605 0.917909 0.307254 1.000642 1.002770 0.000000
 0.496111 0.427240 0.923403 0.304897 0.999550 1.002795 0.000000
 0.497222 0.425544 0.927353 0.303211 0.998768 1.002821 0.000000
 0.498333 0.424590 0.929573 0.302269 0.998333 1.002848 0.000000
 0.499444 0.424251 0.930350 0.301939 0.998188 1.002877 0.000000
 0.500556 0.424237 0.930361 0.301935 0.998197 1.002908 0.000000
 0.501667 0.424309 0.930170 0.302016 0.998246 1.002938 0.000000
 0.502778 0.424386 0.929968 0.302102 0.998298 1.002970 0.000000
 0.503889 0.424461 0.929770 0.302186 0.998349 1.003002 0.000000
 0.505000 0.424531 0.929583 0.302265 0.998398 1.003035 0.000000
 0.506111 0.424594 0.929410 0.302339 0.998445 1.003068 0.000000
 0.507222 0.424652 0.929251 0.302407 0.998489 1.003103 0.000000
 0.508333 0.424702 0.929107 0.302468 0.998531 1.003138 0.000000
 0.509444 0.424747 0.928976 0.302524 0.998570 1.003174 0.000000
 0.510556 0.424787 0.928858 0.302574 0.998607 1.003212 0.000000
 0.511667 0.424821 0.928752 0.302619 0.998642 1.003250 0.000000
 0.512778 0.424850 0.928655 0.302660 0.998675 1.003289 0.000000
 0.513889 0.424875 0.928569 0.302698 0.998706 1.003329 0.000000
 0.515000 0.424896 0.928490 0.302731 0.998737 1.003370 0.000000
 0.516111 0.424914 0.928419 0.302762 0.998766 1.003412 0.000000
 0.517222 0.424929 0.928354 0.302789 0.998795 1.003455 0.000000
 0.518333 0.424941 0.928296 0.302814 0.998822 1.003499 0.000000
 0.519444 0.424950 0.928242 0.302837 0.998849 1.003545 0.000000
 0.520556 0.424956 0.928194 0.302858 0.998876 1.003592 0.000000
 0.521667 0.424961 0.928150 0.302877 0.998902 1.003640 0.000000
 0.522778 0.424964 0.928109 0.302895 0.998928 1.003690 0.000000
 0.523889 0.424964 0.928072 0.302911 0.998954 1.003741 0.000000
 0.525000 0.424963 0.928038 0.302926 0.998979 1.003794 0.000000
 0.526111 0.424960 0.928006 0.302939 0.999005 1.003848 0.000000
 0.527222 0.424956 0.927978 0.302952 0.999031 1.003904 0.000000
 0.528333 0.424950 0.927951 0.302964 0.999057 1.003962 0.000000
 0.529444 0.424943 0.927926 0.302974 0.999083 1.004022 0.000000
 0.530556 0.424934 0.927904 0.302984 0.999110 1.004083 0.000000
 0.531667 0.424924 0.927883 0.302993 0.999137 1.004147 0.000000
 0.532778 0.424913 0.927863 0.303002 0.999164 1.004213 0.000000
 0.533889 0.424900 0.927845 0.303010 0.999192 1.004281 0.000000
 0.535000 0.424887 0.927828 0.303018 0.999221 1.004352 0.000000
 0.536111 0.424871 0.927812 0.303025 0.999250 1.004425 0.000000
 0.537222 0.424855 0.927798 0.303031 0.999280 1.004500 0.000000
 0.538333 0.424837 0.927784 0.303037 0.999311 1.004579 0.000000
 0.539444 0.424818 0.927772 0.303043 0.999343 1.004661 0.000000
 0.540556 0.424798 0.927760 0.303048 0.999375 1.004746 0.000000
 0.541667 0.424777 0.927749 0.303053 0.999409 1.004834 0.000000
 0.542778 0.424754 0.927738 0.303058 0.999444 1.004926 0.000000
 0.543889 0.424729 0.927729 0.303063 0.999480 1.005023 0.000000
 0.545000 0.424703 0.927720 0.303067 0.999518 1.005123 0.000000
 0.546111 0.424675 0.927711 0.303071 0.999557 1.005228 0.000000
 0.547222 0.424646 0.927703 0.303075 0.999598 1.005337 0.000000
 0.548333 0.424615 0.927696 0.303078 0.999640 1.005452 0.000000
 0.549444 0.424582 0.927689 0.303082 0.999685 1.005573 0.000000
 0.550556 0.424547 0.927682 0.303085 0.999731 1.005700 0.000000
 0.551667 0.424510 0.927676 0.303088 0.999780 1.005833 0.000000
 0.552778 0.424470 0.927670 0.303091 0.999832 1.005974 0.000000
 0.553889 0.424428 0.927665 0.303094 0.999886 1.006123 0.000000
 0.555000 0.424383 0.927659 0.303096 0.999943 1.006282 0.000000
 0.556111 0.424335 0.927655 0.303099 1.000004 1.006450 0.000000
 0.557222 0.424283 0.927650 0.303101 1.000069 1.006630 0.000000
 0.558333 0.424227 0.927646 0.303104 1.000139 1.006823 0.000000
 0.559444 0.424167 0.927642 0.303106 1.000214 1.007032 0.000000
 0.560556 0.424101 0.927638 0.303108 1.000295 1.007259 0.000000
 0.561667 0.424028 0.927634 0.303110 1.000385 1.007508 0.000000
 0.562778 0.423946 0.927631 0.303112 1.000484 1.007784 0.000000
 0.563889 0.423855 0.927628 0.303114 1.000595 1.008095 0.000000
 0.565000 0.423751 0.927625 0.303116 1.000721 1.008448 0.000000
 0.566111 0.423630 0.927622 0.303117 1.000866 1.008857 0.000000
 0.567222 0.423488 0.927619 0.303119 1.001037 1.009336 0.000000
 0.568333 0.423319 0.927617 0.303121 1.001240 1.009907 0.000000
 0.569444 0.423113 0.927615 0.303122 1.001485 1.010598 0.000000
 0.570556 0.422863 0.927612 0.303124 1.001785 1.011442 0.000000
 0.571667 0.422553 0.927610 0.303125 1.002154 1.012486 0.000000
 0.572778 0.422168 0.927609 0.303127 1.002614 1.013784 0.000000
 0.573889 0.421688 0.927607 0.303128 1.003187 1.015405 0.000000
 0.575000 0.421089 0.927605 0.303129 1.003902 1.017431 0.000000
 0.576111 0.420343 0.927604 0.303131 1.004794 1.019963 0.000000
 0.577222 0.419419 0.927602 0.303132 1.005903 1.023116 0.000000
 0.578333 0.418280 0.927601 0.303133 1.007273 1.027023 0.000000
 0.579444 0.416887 0.927600 0.303134 1.008957 1.031834 0.000000
 0.580556 0.415198 0.927599 0.303136 1.011008 1.037717 0.000000
 0.581667 0.413172 0.927598 0.303137 1.013486 1.044853 0.000000
 0.582778 0.410766 0.927597 0.303138 1.016452 1.053436 0.000000
 0.583889 0.407941 0.927596 0.303139 1.019967 1.063667 0.000000
 0.585000 0.404663 0.927595 0.303140 1.024092 1.075753 0.000000
 0.586111 0.400905 0.927595 0.303141 1.028882 1.089898 0.000000
 0.587222 0.396652 0.927594 0.303142 1.034385 1.106299 0.000000
 0.588333 0.391899 0.927594 0.303143 1.040641 1.125135 0.000000
 0.589444 0.386654 0.927594 0.303144 1.047677 1.146563 0.000000
 0.590556 0.380942 0.927593 0.303145 1.055504 1.170706 0.000000
 0.591667 0.374803 0.927593 0.303146 1.064114 1.197643 0.000000
 0.592778 0.368291 0.927593 0.303147 1.073482 1.227396 0.000000
 0.593889 0.361475 0.927593 0.303148 1.083557 1.259923 0.000000
 0.595000 0.354435 0.927593 0.303148 1.094268 1.295103 0.000000
 0.596111 0.347258 0.927593 0.303149 1.105519 1.332733 0.000000
 0.597222 0.340039 0.927593 0.303150 1.117193 1.372515 0.000000
 0.598333 0.332873 0.927593 0.303151 1.129156 1.414060 0.000000
 0.599444 0.325854 0.927593 0.303152 1.141254 1.456892 0.000000
 0.600556 0.319069 0.927593 0.303152 1.153327 1.500456 0.000000
 0.601667 0.312595 0.927594 0.303153 1.165209 1.544142 0.000000
 0.602778 0.306500 0.927594 0.303154 1.176740 1.587306 0.000000
 0.603889 0.300836 0.927595 0.303154 1.187767 1.629305 0.000000
 0.605000 0.295641 0.927595 0.303155 1.198157 1.669527 0.000000
 0.606111 0.290939 0.927596 0.303156 1.207802 1.707427 0.000000
 0.607222 0.286739 0.927596 0.303156 1.216618 1.742553 0.000000
 0.608333 0.283035 0.927597 0.303157 1.224555 1.774568 0.000000
 0.609444 0.279811 0.927597 0.303158 1.231590 1.803261 0.000000
 0.610556 0.277042 0.927598 0.303159 1.237731 1.828549 0.000000
 0.611667 0.274694 0.927599 0.303159 1.243010 1.850466 0.000000
 0.612778 0.272731 0.927600 0.303160 1.247478 1.869148 0.000000
 0.613889 0.271110 0.927601 0.303161 1.251202 1.884815 0.000000
 0.615000 0.269790 0.927602 0.303161 1.254260 1.897740 0.000000
 0.616111 0.268730 0.927603 0.303162 1.256733 1.908231 0.000000
 0.617222 0.267891 0.927604 0.303163 1.258701 1.916610 0.000000
 0.618333 0.267236 0.927605 0.303163 1.260244 1.923194 0.000000
 0.619444 0.266733 0.927606 0.303164 1.261434 1.928281 0.000000
 0.620556 0.266352 0.927607 0.303165 1.262336 1.932145 0.000000
 0.621667 0.266069 0.927608 0.303165 1.263009 1.935025 0.000000
 0.622778 0.265863 0.927610 0.303166 1.263500 1.937131 0.000000
 0.623889 0.265716 0.927611 0.303167 1.263851 1.938635 0.000000
 0.625000 0.265614 0.927612 0.303168 1.264095 1.939682 0.000000
 0.626111 0.265546 0.927614 0.303168 1.264259 1.940386 0.000000
 0.627222 0.265502 0.927616 0.303169 1.264365 1.940839 0.000000
 0.628333 0.265476 0.927617 0.303170 1.264429 1.941111 0.000000
 0.629444 0.265463 0.927619 0.303171 1.264463 1.941255 0.000000
 0.630556 0.265458 0.927621 0.303172 1.264477 1.941313 0.000000
 0.631667 0.265458 0.927623 0.303173 1.264477 1.941313 0.000000
 0.632778 0.265462 0.927625 0.303173 1.264469 1.941275 0.000000
 0.633889 0.265469 0.927627 0.303174 1.264456 1.941216 0.000000
 0.635000 0.265476 0.927629 0.303175 1.264440 1.941145 0.000000
 0.636111 0.265484 0.927631 0.303176 1.264423 1.941069 0.000000
 0.637222 0.265492 0.927633 0.303177 1.264406 1.940993 0.000000
 0.638333 0.265500 0.927636 0.303178 1.264389 1.940919 0.000000
 0.639444 0.265508 0.927638 0.303179 1.264373 1.940848 0.000000
 0.640556 0.265515 0.927641 0.303180 1.264358 1.940782 0.000000
 0.641667 0.265522 0.927644 0.303182 1.264345 1.940720 0.000000
 0.642778 0.265528 0.927647 0.303183 1.264332 1.940664 0.000000
 0.643889 0.265534 0.927650 0.303184 1.264321 1.940612 0.000000
 0.645000 0.265539 0.927653 0.303185 1.264310 1.940564 0.000000
 0.646111 0.265544 0.927656 0.303186 1.264301 1.940520 0.000000
 0.647222 0.265549 0.927659 0.303188 1.264292 1.940480 0.000000
 0.648333 0.265553 0.927663 0.303189 1.264285 1.940443 0.000000
 0.649444 0.265558 0.927667 0.303191 1.264278 1.940409 0.000000
 0.650556 0.265562 0.927671 0.303192 1.264271 1.940378 0.000000
 0.651667 0.265565 0.927675 0.303194 1.264266 1.940350 0.000000
 0.652778 0.265569 0.927680 0.303195 1.264260 1.940323 0.000000
 0.653889 0.265572 0.927684 0.303197 1.264256 1.940299 0.000000
 0.655000 0.265576 0.927689 0.303199 1.264252 1.940277 0.000000
 0.656111 0.265579 0.927694 0.303201 1.264248 1.940256 0.000000
 0.657222 0.265582 0.927700 0.303203 1.264245 1.940237 0.000000
 0.658333 0.265585 0.927705 0.303205 1.264242 1.940219 0.000000
 0.659444 0.265588 0.927711 0.303207 1.264239 1.940202 0.000000
 0.660556 0.265591 0.927718 0.303209 1.264237 1.940187 0.000000
 0.661667 0.265594 0.927725 0.303212 1.264235 1.940172 0.000000
 0.662778 0.265597 0.927732 0.303214 1.264233 1.940159 0.000000
 0.663889 0.265600 0.927739 0.303217 1.264232 1.940146 0.000000
 0.665000 0.265602 0.927746 0.303219 1.264231 1.940134 0.000000
 0.666111 0.265605 0.927753 0.303222 1.264230 1.940124 0.000000
 0.667222 0.265607 0.927759 0.303224 1.264228 1.940113 0.000000
 0.668333 0.265609 0.927760 0.303224 1.264227 1.940104 0.000000
 0.669444 0.265608 0.927754 0.303222 1.264223 1.940095 0.000000
 0.670556 0.265604 0.927731 0.303215 1.264217 1.940086 0.000000
 0.671667 0.265593 0.927672 0.303195 1.264203 1.940078 0.000000
 0.672778 0.265566 0.927540 0.303151 1.264175 1.940070 0.000000
 0.673889 0.265507 0.927257 0.303056 1.264117 1.940063 0.000000
 0.675000 0.265384 0.926665 0.302857 1.263997 1.940056 0.000000
 0.676111 0.265128 0.925443 0.302448 1.263751 1.940049 0.000000
 0.677222 0.264604 0.922939 0.301610 1.263248 1.940040 0.000000
 0.678333 0.263540 0.917835 0.299910 1.262224 1.940021 0.000000
 0.679444 0.261398 0.907498 0.296495 1.260146 1.939959 0.000000
 0.680556 0.257167 0.886785 0.289763 1.255965 1.939727 0.000000
 0.681667 0.249085 0.846111 0.276967 1.247681 1.938832 0.000000
 0.682778 0.234622 0.769452 0.254286 1.231803 1.935563 0.000000
 0.683889 0.211675 0.636624 0.218978 1.203453 1.925139 0.000000
 0.685000 0.182023 0.442361 0.174969 1.160061 1.900126 0.000000
 0.686111 0.153901 0.234036 0.135776 1.111363 1.865037 0.000000
 0.687222 0.136017 0.091254 0.112901 1.077991 1.843591 0.000000
 0.688333 0.128423 0.028716 0.103891 1.064218 1.838548 0.000000
 0.689444 0.125972 0.008202 0.101093 1.059956 1.837970 0.000000
 0.690556 0.125268 0.002267 0.100301 1.058755 1.837921 0.000000
 0.691667 0.125073 0.000621 0.100082 1.058425 1.837918 0.000000
 0.692778 0.125020 0.000169 0.100022 1.058334 1.837917 0.000000
 0.693889 0.125005 0.000046 0.100006 1.058310 1.837917 0.000000
 0.695000 0.125001 0.000013 0.100002 1.058303 1.837917 0.000000
 0.696111 0.125000 0.000003 0.100000 1.058301 1.837917 0.000000
 0.697222 0.125000 0.000001 0.100000 1.058301 1.837917 0.000000
 0.698333 0.125000 0.000000 0.100000 1.058301 1.837917 0.000000
 0.699444 0.125000 0.000000 0.100000 1.058301 1.837917 0.000000
 0.700556 0.125000 0.000000 0.100000 1.058301 1.837917 0.000000
 0.701667 0.125000 0.000000 0.100000 1.058301 1.837917 0.000000
 0.702778 0.125000 0.000000 0.100000 1.058301 1.837917 0.000000
 0.703889 0.125000 0.000000 0.100000 1.058301 1.837917 0.000000
 0.705000 0.125000 0.000000 0.100000 1.058301 1.837917 0.000000
 0.706111 0.125000 0.000000 0.100000 1.058301 1.837917 0.000000
 0.707222 0.125000 0.000000 0.100000 1.058301 1.837917 0.000000
 0.708333 0.125000 0.000000 0.100000 1.058301 1.837917 0.000000
 0.709444 0.125000 0.000000 0.100000 1.058301 1.837917 0.000000
 0.710556 0.125000 0.000000 0.100000 1.058301 1.837917 0.000000
 0.711667 0.125000 0.000000 0.100000 1.058301 1.837917 0.000000
 0.712778 0.125000 0.000000 0.100000 1.058301 1.837917 0.000000
 0.713889 0.125000 0.000000 0.100000 1.058301 1.837917 0.000000
 0.715000 0.125000 0.000000 0.100000 1.058301 1.837917 0.000000
 0.716111 0.125000 0.000000 0.100000 1.058301 1.837917 0.000000
 0.717222 0.125000 0.000000 0.100000 1.058301 1.837917 0.000000
 0.718333 0.125000 0.000000 0.100000 1.058301 1.837917 0.000000
 0.719444 0.125000 0.000000 0.100000 1.058301 1.837917 0.000000
 0.720556 0.125000 0.000000 0.100000 1.058301 1.837917 0.000000
 0.721667 0.125000 0.000000 0.100000 1.058301 1.837917 0.000000
 0.722778 0.125000 0.000000 0.100000 1.058301 1.837917 0.000000
 0.723889 0.125000 0.000000 0.100000 1.058301 1.837917 0.000000
 0.725000 0.125000 0.000000 0.100000 1.058301 1.837917 0.000000
 0.726111 0.125000 0.000000 0.100000 1.058301 1.837917 0.000000
 0.727222 0.125000 0.000000 0.100000 1.058301 1.837917 0.000000
 0.728333 0.125000 0.000000 0.100000 1.058301 1.837917 0.000000
 0.729444 0.125000 0.000000 0.100000 1.058301 1.837917 0.000000
 0.730556 0.125000 0.000000 0.100000 1.058301 1.837917 0.000000
 0.731667 0.125000 0.000000 0.100000 1.058301 1.837917 0.000000
 0.732778 0.125000 0.000000 0.100000 1.058301 1.837917 0.000000
 0.733889 0.125000 0.000000 0.100000 1.058301 1.837917 0.000000
 0.735000 0.125000 0.000000 0.100000 1.058301 1.837917 0.000000
 0.736111 0.125000 0.000000 0.100000 1.058301 1.837917 0.000000
 0.737222 0.125000 0.000000 0.100000 1.058301 1.837917 0.000000
 0.738333 0.125000 0.000000 0.100000 1.058301 1.837917 0.000000
 0.739444 0.125000 0.000000 0.100000 1.058301 1.837917 0.000000
 0.740556 0.125000 0.000000 0.100000 1.058301 1.837917 0.000000
 0.741667 0.125000 0.000000 0.100000 1.058301 1.837917 0.000000
 0.742778 0.125000 0.000000 0.100000 1.058301 1.837917 0.000000
 0.743889 0.125000 0.000000 0.100000 1.058301 1.837917 0.000000
 0.745000 0.125000 0.000000 0.100000 1.058301 1.837917 0.000000
 0.746111 0.125000 0.000000 0.100000 1.058301 1.837917 0.000000
 0.747222 0.125000 0.000000 0.100000 1.058301 1.837917 0.000000
 0.748333 0.125000 0.000000 0.100000 1.058301 1.837917 0.000000
 0.749444 0.125000 0.000000 0.100000 1.058301 1.837917 0.000000
 0.750556 0.125000 0.000000 0.100000 1.058301 1.837917 0.000000
 0.751667 0.125000 0.000000 0.100000 1.058301 1.837917 0.000000
 0.752778 0.125000 0.000000 0.100000 1.058301 1.837917 0.000000
 0.753889 0.125000 0.000000 0.100000 1.058301 1.837917 0.000000
 0.755000 0.125000 0.000000 0.100000 1.058301 1.837917 0.000000
 0.756111 0.125000 0.000000 0.100000 1.058301 1.837917 0.000000
 0.757222 0.125000 0.000000 0.100000 1.058301 1.837917 0.000000
 0.758333 0.125000 0.000000 0.100000 1.058301 1.837917 0.000000
 0.759444 0.125000 0.000000 0.100000 1.058301 1.837917 0.000000
 0.760556 0.125000 0.000000 0.100000 1.058301 1.837917 0.000000
 0.761667 0.125000 0.000000 0.100000 1.058301 1.837917 0.000000
 0.762778 0.125000 0.000000 0.100000 1.058301 1.837917 0.000000
 0.763889 0.125000 0.000000 0.100000 1.058301 1.837917 0.000000
 0.765000 0.125000 0.000000 0.100000 1.058301 1.837917 0.000000
 0.766111 0.125000 0.000000 0.100000 1.058301 1.837917 0.000000
 0.767222 0.125000 0.000000 0.100000 1.058301 1.837917 0.000000
 0.768333 0.125000 0.000000 0.100000 1.058301 1.837917 0.000000
 0.769444 0.125000 0.000000 0.100000 1.058301 1.837917 0.000000
 0.770556 0.125000 0.000000 0.100000 1.058301 1.837917 0.000000
 0.771667 0.125000 0.000000 0.100000 1.058301 1.837917 0.000000
 0.772778 0.125000 0.000000 0.100000 1.058301 1.837917 0.000000
 0.773889 0.125000 0.000000 0.100000 1.058301 1.837917 0.000000
 0.775000 0.125000 0.000000 0.100000 1.058301 1.837917 0.000000
 0.776111 0.125000 0.000000 0.100000 1.058301 1.837917 0.000000
 0.777222 0.125000 0.000000 0.100000 1.058301 1.837917 0.000000
 0.778333 0.125000 0.000000 0.100000 1.058301 1.837917 0.000000
 0.779444 0.125000 0.000000 0.100000 1.058301 1.837917 0.000000
 0.780556 0.125000 0.000000 0.100000 1.058301 1.837917 0.000000
 0.781667 0.125000 0.000000 0.100000 1.058301 1.837917 0.000000
 0.782778 0.125000 0.000000 0.100000 1.058301 1.837917 0.000000
 0.783889 0.125000 0.000000 0.100000 1.058301 1.837917 0.000000
 0.785000 0.125000 0.000000 0.100000 1.058301 1.837917 0.000000
 0.786111 0.125000 0.000000 0.100000 1.058301 1.837917 0.000000
 0.787222 0.125000 0.000000 0.100000 1.058301 1.837917 0.000000
 0.788333 0.125000 0.000000 0.100000 1.058301 1.837917 0.000000
 0.789444 0.125000 0.000000 0.100000 1.058301 1.837917 0.000000
 0.790556 0.125000 0.000000 0.100000 1.058301 1.837917 0.000000
 0.791667 0.125000 0.000000 0.100000 1.058301 1.837917 0.000000
 0.792778 0.125000 0.000000 0.100000 1.058301 1.837917 0.000000
 0.793889 0.125000 0.000000 0.100000 1.058301 1.837917 0.000000
 0.795000 0.125000 0.000000 0.100000 1.058301 1.837917 0.000000
 0.796111 0.125000 0.000000 0.100000 1.058301 1.837917 0.000000
 0.797222 0.125000 0.000000 0.100000 1.058301 1.837917 0.000000
 0.798333 0.125000 0.000000 0.100000 1.058301 1.837917 0.000000
 0.799444 0.125000 0.000000 0.100000 1.058301 1.837917 0.000000
 0.800556 0.125000 0.000000 0.100000 1.058301 1.837917 0.000000
 0.801667 0.125000 0.000000 0.100000 1.058301 1.837917 0.000000
 0.802778 0.125000 0.000000 0.100000 1.058301 1.837917 0.000000
 0.803889 0.125000 0.000000 0.100000 1.058301 1.837917 0.000000
 0.805000 0.125000 0.000000 0.100000 1.058301 1.837917 0.000000
 0.806111 0.125000 0.000000 0.100000 1.058301 1.837917 0.000000
 0.807222 0.125000 0.000000 0.100000 1.058301 1.837917 0.000000
 0.808333 0.125000 0.000000 0.100000 1.058301 1.837917 0.000000
 0.809444 0.125000 0.000000 0.100000 1.058301 1.837917 0.000000
 0.810556 0.125000 0.000000 0.100000 1.058301 1.837917 0.000000
 0.811667 0.125000 0.000000 0.100000 1.058301 1.837917 0.000000
 0.812778 0.125000 0.000000 0.100000 1.058301 1.837917 0.000000
 0.813889 0.125000 0.000000 0.100000 1.058301 1.837917 0.000000
 0.815000 0.125000 0.000000 0.100000 1.058301 1.837917 0.000000
 0.816111 0.125000 0.000000 0.100000 1.058301 1.837917 0.000000
 0.817222 0.125000 0.000000 0.100000 1.058301 1.837917 0.000000
 0.818333 0.125000 0.000000 0.100000 1.058301 1.837917 0.000000
 0.819444 0.125000 0.000000 0.100000 1.058301 1.837917 0.000000
 0.820556 0.125000 0.000000 0.100000 1.058301 1.837917 0.000000
 0.821667 0.125000 0.000000 0.100000 1.058301 1.837917 0.000000
 0.822778 0.125000 0.000000 0.100000 1.058301 1.837917 0.000000
 0.823889 0.125000 0.000000 0.100000 1.058301 1.837917 0.000000
 0.825000 0.125000 0.000000 0.100000 1.058301 1.837917 0.000000
 0.826111 0.125000 0.000000 0.100000 1.058301 1.837917 0.000000
 0.827222 0.125000 0.000000 0.100000 1.058301 1.837917 0.000000
 0.828333 0.125000 0.000000 0.100000 1.058301 1.837917 0.000000
 0.829444 0.125000 0.000000 0.100000 1.058301 1.837917 0.000000
 0.830556 0.125000 0.000000 0.100000 1.058301 1.837917 0.000000
 0.831667 0.125000 0.000000 0.100000 1.058301 1.837917 0.000000
 0.832778 0.125000 0.000000 0.100000 1.058301 1.837917 0.000000
 0.833889 0.125000 0.000000 0.100000 1.058301 1.837917 0.000000
 0.835000 0.125000 0.000000 0.100000 1.058301 1.837917 0.000000
 0.836111 0.125000 0.000000 0.100000 1.058301 1.837917 0.000000
 0.837222 0.125000 0.000000 0.100000 1.058301 1.837917 0.000000
 0.838333 0.125000 0.000000 0.100000 1.058301 1.837917 0.000000
 0.839444 0.125000 0.000000 0.100000 1.058301 1.837917 0.000000
 0.840556 0.125000 0.000000 0.100000 1.058301 1.837917 0.000000
 0.841667 0.125000 0.000000 0.100000 1.058301 1.837917 0.000000
 0.842778 0.125000 0.000000 0.100000 1.058301 1.837917 0.000000
 0.843889 0.125000 0.000000 0.100000 1.058301 1.837917 0.000000
 0.845000 0.125000 0.000000 0.100000 1.058301 1.837917 0.000000
 0.846111 0.125000 0.000000 0.100000 1.058301 1.837917 0.000000
 0.847222 0.125000 0.000000 0.100000 1.058301 1.837917 0.000000
 0.848333 0.125000 0.000000 0.100000 1.058301 1.837917 0.000000
 0.849444 0.125000 0.000000 0.100000 1.058301 1.837917 0.000000
 0.850556 0.125000 0.000000 0.100000 1.058301 1.837917 0.000000
 0.851667 0.125000 0.000000 0.100000 1.058301 1.837917 0.000000
 0.852778 0.125000 0.000000 0.100000 1.058301 1.837917 0.000000
 0.853889 0.125000 0.000000 0.100000 1.058301 1.837917 0.000000
 0.855000 0.125000 0.000000 0.100000 1.058301 1.837917 0.000000
 0.856111 0.125000 0.000000 0.100000 1.058301 1.837917 0.000000
 0.857222 0.125000 0.000000 0.100000 1.058301 1.837917 0.000000
 0.858333 0.125000 0.000000 0.100000 1.058301 1.837917 0.000000
 0.859444 0.125000 0.000000 0.100000 1.058301 1.837917 0.000000
 0.860556 0.125000 0.000000 0.100000 1.058301 1.837917 0.000000
 0.861667 0.125000 0.000000 0.100000 1.058301 1.837917 0.000000
 0.862778 0.125000 0.000000 0.100000 1.058301 1.837917 0.000000
 0.863889 0.125000 0.000000 0.100000 1.058301 1.837917 0.000000
 0.865000 0.125000 0.000000 0.100000 1.058301 1.837917 0.000000
 0.866111 0.125000 0.000000 0.100000 1.058301 1.837917 0.000000
 0.867222 0.125000 0.000000 0.100000 1.058301 1.837917 0.000000
 0.868333 0.125000 0.000000 0.100000 1.058301 1.837917 0.000000
 0.869444 0.125000 0.000000 0.100000 1.058301 1.837917 0.000000
 0.870556 0.125000 0.000000 0.100000 1.058301 1.837917 0.000000
 0.871667 0.125000 0.000000 0.100000 1.058301 1.837917 0.000000
 0.872778 0.125000 0.000000 0.100000 1.058301 1.837917 0.000000
 0.873889 0.125000 0.000000 0.100000 1.058301 1.837917 0.000000
 0.875000 0.125000 0.000000 0.100000 1.058301 1.837917 0.000000
 0.876111 0.125000 0.000000 0.100000 1.058301 1.837917 0.000000
 0.877222 0.125000 0.000000 0.100000 1.058301 1.837917 0.000000
 0.878333 0.125000 0.000000 0.100000 1.058301 1.837917 0.000000
 0.879444 0.125000 0.000000 0.100000 1.058301 1.837917 0.000000
 0.880556 0.125000 0.000000 0.100000 1.058301 1.837917 0.000000
 0.881667 0.125000 0.000000 0.100000 1.058301 1.837917 0.000000
 0.882778 0.125000 0.000000 0.100000 1.058301 1.837917 0.000000
 0.883889 0.125000 0.000000 0.100000 1.058301 1.837917 0.000000
 0.885000 0.125000 0.000000 0.100000 1.058301 1.837917 0.000000
 0.886111 0.125000 0.000000 0.100000 1.058301 1.837917 0.000000
 0.887222 0.125000 0.000000 0.100000 1.058301 1.837917 0.000000
 0.888333 0.125000 0.000000 0.100000 1.058301 1.837917 0.000000
 0.889444 0.125000 0.000000 0.100000 1.058301 1.837917 0.000000
 0.890556 0.125000 0.000000 0.100000 1.058301 1.837917 0.000000
 0.891667 0.125000 0.000000 0.100000 1.058301 1.837917 0.000000
 0.892778 0.125000 0.000000 0.100000 1.058301 1.837917 0.000000
 0.893889 0.125000 0.000000 0.100000 1.058301 1.837917 0.000000
 0.895000 0.125000 0.000000 0.100000 1.058301 1.837917 0.000000
 0.896111 0.125000 0.000000 0.100000 1.058301 1.837917 0.000000
 0.897222 0.125000 0.000000 0.100000 1.058301 1.837917 0.000000
 0.898333 0.125000 0.000000 0.100000 1.058301 1.837917 0.000000
 0.899444 0.125000 0.000000 0.100000 1.058301 1.837917 0.000000
 0.900556 0.125000 0.000000 0.100000 1.058301 1.837917 0.000000
 0.901667 0.125000 0.000000 0.100000 1.058301 1.837917 0.000000
 0.902778 0.125000 0.000000 0.100000 1.058301 1.837917 0.000000
 0.903889 0.125000 0.000000 0.100000 1.058301 1.837917 0.000000
 0.905000 0.125000 0.000000 0.100000 1.058301 1.837917 0.000000
 0.906111 0.125000 0.000000 0.100000 1.058301 1.837917 0.000000
 0.907222 0.125000 0.000000 0.100000 1.058301 1.837917 0.000000
 0.908333 0.125000 0.000000 0.100000 1.058301 1.837917 0.000000
 0.909444 0.125000 0.000000 0.100000 1.058301 1.837917 0.000000
 0.910556 0.125000 0.000000 0.100000 1.058301 1.837917 0.000000
 0.911667 0.125000 0.000000 0.100000 1.058301 1.837917 0.000000
 0.912778 0.125000 0.000000 0.100000 1.058301 1.837917 0.000000
 0.913889 0.125000 0.000000 0.100000 1.058301 1.837917 0.000000
 0.915000 0.125000 0.000000 0.100000 1.058301 1.837917 0.000000
 0.916111 0.125000 0.000000 0.100000 1.058301 1.837917 0.000000
 0.917222 0.125000 0.000000 0.100000 1.058301 1.837917 0.000000
 0.918333 0.125000 0.000000 0.100000 1.058301 1.837917 0.000000
 0.919444 0.125000 0.000000 0.100000 1.058301 1.837917 0.000000
 0.920556 0.125000 0.000000 0.100000 1.058301 1.837917 0.000000
 0.921667 0.125000 0.000000 0.100000 1.058301 1.837917 0.000000
 0.922778 0.125000 0.000000 0.100000 1.058301 1.837917 0.000000
 0.923889 0.125000 0.000000 0.100000 1.058301 1.837917 0.000000
 0.925000 0.125000 0.000000 0.100000 1.058301 1.837917 0.000000
 0.926111 0.125000 0.000000 0.100000 1.058301 1.837917 0.000000
 0.927222 0.125000 0.000000 0.100000 1.058301 1.837917 0.000000
 0.928333 0.125000 0.000000 0.100000 1.058301 1.837917 0.000000
 0.929444 0.125000 0.000000 0.100000 1.058301 1.837917 0.000000
 0.930556 0.125000 0.000000 0.100000 1.058301 1.837917 0.000000
 0.931667 0.125000 0.000000 0.100000 1.058301 1.837917 0.000000
 0.932778 0.125000 0.000000 0.100000 1.058301 1.837917 0.000000
 0.933889 0.125000 0.000000 0.100000 1.058301 1.837917 0.000000
 0.935000 0.125000 0.000000 0.100000 1.058301 1.837917 0.000000
 0.936111 0.125000 0.000000 0.100000 1.058301 1.837917 0.000000
 0.937222 0.125000 0.000000 0.100000 1.058301 1.837917 0.000000
 0.938333 0.125000 0.000000 0.100000 1.058301 1.837917 0.000000
 0.939444 0.125000 0.000000 0.100000 1.058301 1.837917 0.000000
 0.940556 0.125000 0.000000 0.100000 1.058301 1.837917 0.000000
 0.941667 0.125000 0.000000 0.100000 1.058301 1.837917 0.000000
 0.942778 0.125000 0.000000 0.100000 1.058301 1.837917 0.000000
 0.943889 0.125000 0.000000 0.100000 1.058301 1.837917 0.000000
 0.945000 0.125000 0.000000 0.100000 1.058301 1.837917 0.000000
 0.946111 0.125000 0.000000 0.100000 1.058301 1.837917 0.000000
 0.947222 0.125000 0.000000 0.100000 1.058301 1.837917 0.000000
 0.948333 0.125000 0.000000 0.100000 1.058301 1.837917 0.000000
 0.949444 0.125000 0.000000 0.100000 1.058301 1.837917 0.000000
 0.950556 0.125000 0.000000 0.100000 1.058301 1.837917 0.000000
 0.951667 0.125000 0.000000 0.100000 1.058301 1.837917 0.000000
 0.952778 0.125000 0.000000 0.100000 1.058301 1.837917 0.000000
 0.953889 0.125000 0.000000 0.100000 1.058301 1.837917 0.000000
 0.955000 0.125000 0.000000 0.100000 1.058301 1.837917 0.000000
 0.956111 0.125000 0.000000 0.100000 1.058301 1.837917 0.000000
 0.957222 0.125000 0.000000 0.100000 1.058301 1.837917 0.000000
 0.958333 0.125000 0.000000 0.100000 1.058301 1.837917 0.000000
 0.959444 0.125000 0.000000 0.100000 1.058301 1.837917 0.000000
 0.960556 0.125000 0.000000 0.100000 1.058301 1.837917 0.000000
 0.961667 0.125000 0.000000 0.100000 1.058301 1.837917 0.000000
 0.962778 0.125000 0.000000 0.100000 1.058301 1.837917 0.000000
 0.963889 0.125000 0.000000 0.100000 1.058301 1.837917 0.000000
 0.965000 0.125000 0.000000 0.100000 1.058301 1.837917 0.000000
 0.966111 0.125000 0.000000 0.100000 1.058301 1.837917 0.000000
 0.967222 0.125000 0.000000 0.100000 1.058301 1.837917 0.000000
 0.968333 0.125000 0.000000 0.100000 1.058301 1.837917 0.000000
 0.969444 0.125000 0.000000 0.100000 1.058301 1.837917 0.000000
 0.970556 0.125000 0.000000 0.100000 1.058301 1.837917 0.000000
 0.971667 0.125000 0.000000 0.100000 1.058301 1.837917 0.000000
 0.972778 0.125000 0.000000 0.100000 1.058301 1.837917 0.000000
 0.973889 0.125000 0.000000 0.100000 1.058301 1.837917 0.000000
 0.975000 0.125000 0.000000 0.100000 1.058301 1.837917 0.000000
 0.976111 0.125000 0.000000 0.100000 1.058301 1.837917 0.000000
 0.977222 0.125000 0.000000 0.100000 1.058301 1.837917 0.000000
 0.978333 0.125000 0.000000 0.100000 1.058301 1.837917 0.000000
 0.979444 0.125000 0.000000 0.100000 1.058301 1.837917 0.000000
 0.980556 0.125000 0.000000 0.100000 1.058301 1.837917 0.000000
 0.981667 0.125000 0.000000 0.100000 1.058301 1.837917 0.000000
 0.982778 0.125000 0.000000 0.100000 1.058301 1.837917 0.000000
 0.983889 0.125000 0.000000 0.100000 1.058301 1.837917 0.000000
 0.985000 0.125000 0.000000 0.100000 1.058301 1.837917 0.000000
 0.986111 0.125000 0.000000 0.100000 1.058301 1.837917 0.000000
 0.987222 0.125000 0.000000 0.100000 1.058301 1.837917 0.000000
 0.988333 0.125000 0.000000 0.100000 1.058301 1.837917 0.000000
 0.989444 0.125000 0.000000 0.100000 1.058301 1.837917 0.000000
 0.990556 0.125000 0.000000 0.100000 1.058301 1.837917 0.000000
 0.991667 0.125000 0.000000 0.100000 1.058301 1.837917 0.000000
 0.992778 0.125000 0.000000 0.100000 1.058301 1.837917 0.000000
 0.993889 0.125000 0.000000 0.100000 1.058301 1.837917 0.000000
 0.995000 0.125000 0.000000 0.100000 1.058301 1.837917 0.000000
 0.996111 0.125000 0.000000 0.100000 1.058301 1.837917 0.000000
 0.997222 0.125000 0.000000 0.100000 1.058301 1.837917 0.000000
 0.998333 0.125000 0.000000 0.100000 1.058301 1.837917 0.000000
 0.999444 0.125000 0.000000 0.100000 1.058301 1.837917 0.000000
