Timer: 0.112295
 0.000556 2.000000 0.000000 2.000000 1.183216 0.757858 0.000000
 0.001667 2.000000 0.000000 2.000000 1.183216 0.757858 0.000000
 0.002778 2.000000 0.000000 2.000000 1.183216 0.757858 0.000000
 0.003889 2.000000 0.000000 2.000000 1.183216 0.757858 0.000000
 0.005000 2.000000 0.000000 2.000000 1.183216 0.757858 0.000000
 0.006111 2.000000 0.000000 2.000000 1.183216 0.757858 0.000000
 0.007222 2.000000 0.000000 2.000000 1.183216 0.757858 0.000000
 0.008333 2.000000 0.000000 2.000000 1.183216 0.757858 0.000000
 0.009444 2.000000 0.000000 2.000000 1.183216 0.757858 0.000000
 0.010556 2.000000 0.000000 2.000000 1.183216 0.757858 0.000000
 0.011667 2.000000 0.000000 2.000000 1.183216 0.757858 0.000000
 0.012778 2.000000 0.000000 2.000000 1.183216 0.757858 0.000000
 0.013889 2.000000 0.000000 2.000000 1.183216 0.757858 0.000000
 0.015000 2.000000 0.000000 2.000000 1.183216 0.757858 0.000000
 0.016111 2.000000 0.000000 2.000000 1.183216 0.757858 0.000000
 0.017222 2.000000 0.000000 2.000000 1.183216 0.757858 0.000000
 0.018333 2.000000 0.000000 2.000000 1.183216 0.757858 0.000000
 0.019444 2.000000 0.000000 2.000000 1.183216 0.757858 0.000000
 0.020556 2.000000 0.000000 2.000000 1.183216 0.757858 0.000000
 0.021667 2.000000 0.000000 2.000000 1.183216 0.757858 0.000000
 0.022778 2.000000 0.000000 2.000000 1.183216 0.757858 0.000000
 0.023889 2.000000 0.000000 2.000000 1.183216 0.757858 0.000000
 0.025000 2.000000 0.000000 2.000000 1.183216 0.757858 0.000000
 0.026111 2.000000 0.000000 2.000000 1.183216 0.757858 0.000000
 0.027222 2.000000 0.000000 2.000000 1.183216 0.757858 0.000000
 0.028333 2.000000 0.000000 2.000000 1.183216 0.757858 0.000000
 0.029444 2.000000 0.000000 2.000000 1.183216 0.757858 0.000000
 0.030556 2.000000 0.000000 2.000000 1.183216 0.757858 0.000000
 0.031667 2.000000 0.000000 2.000000 1.183216 0.757858 0.000000
 0.032778 2.000000 0.000000 2.000000 1.183216 0.757858 0.000000
 0.033889 2.000000 0.000000 2.000000 1.183216 0.757858 0.000000
 0.035000 2.000000 0.000000 2.000000 1.183216 0.757858 0.000000
 0.036111 2.000000 0.000000 2.000000 1.183216 0.757858 0.000000
 0.037222 2.000000 0.000000 2.000000 1.183216 0.757858 0.000000
 0.038333 2.000000 0.000000 2.000000 1.183216 0.757858 0.000000
 0.039444 2.000000 0.000000 2.000000 1.183216 0.757858 0.000000
 0.040556 2.000000 0.000000 2.000000 1.183216 0.757858 0.000000
 0.041667 2.000000 0.000000 2.000000 1.183216 0.757858 0.000000
 0.042778 2.000000 0.000000 2.000000 1.183216 0.757858 0.000000
 0.043889 2.000000 0.000000 2.000000 1.183216 0.757858 0.000000
 0.045000 2.000000 0.000000 2.000000 1.183216 0.757858 0.000000
 0.046111 2.000000 0.000000 2.000000 1.183216 0.757858 0.000000
 0.047222 2.000000 0.000000 2.000000 1.183216 0.757858 0.000000
 0.048333 2.000000 0.000000 2.000000 1.183216 0.757858 0.000000
 0.049444 2.000000 0.000000 2.000000 1.183216 0.757858 0.000000
 0.050556 2.000000 0.000000 2.000000 1.183216 0.757858 0.000000
 0.051667 2.000000 0.000000 2.000000 1.183216 0.757858 0.000000
 0.052778 2.000000 0.000000 2.000000 1.183216 0.757858 0.000000
 0.053889 2.000000 0.000000 2.000000 1.183216 0.757858 0.000000
 0.055000 2.000000 0.000000 2.000000 1.183216 0.757858 0.000000
 0.056111 2.000000 0.000000 2.000000 1.183216 0.757858 0.000000
 0.057222 2.000000 0.000000 2.000000 1.183216 0.757858 0.000000
 0.058333 2.000000 0.000000 2.000000 1.183216 0.757858 0.000000
 0.059444 2.000000 0.000000 2.000000 1.183216 0.757858 0.000000
 0.060556 2.000000 0.000000 2.000000 1.183216 0.757858 0.000000
 0.061667 2.000000 0.000000 2.000000 1.183216 0.757858 0.000000
 0.062778 2.000000 0.000000 2.000000 1.183216 0.757858 0.000000
 0.063889 2.000000 0.000000 2.000000 1.183216 0.757858 0.000000
 0.065000 2.000000 0.000000 2.000000 1.183216 0.757858 0.000000
 0.066111 2.000000 0.000000 2.000000 1.183216 0.757858 0.000000
 0.067222 2.000000 0.000000 2.000000 1.183216 0.757858 0.000000
 0.068333 2.000000 0.000000 2.000000 1.183216 0.757858 0.000000
 0.069444 2.000000 0.000000 2.000000 1.183216 0.757858 0.000000
 0.070556 2.000000 0.000000 2.000000 1.183216 0.757858 0.000000
 0.071667 2.000000 0.000000 2.000000 1.183216 0.757858 0.000000
 0.072778 2.000000 0.000000 2.000000 1.183216 0.757858 0.000000
 0.073889 2.000000 0.000000 2.000000 1.183216 0.757858 0.000000
 0.075000 2.000000 0.000000 2.000000 1.183216 0.757858 0.000000
 0.076111 2.000000 0.000000 2.000000 1.183216 0.757858 0.000000
 0.077222 2.000000 0.000000 2.000000 1.183216 0.757858 0.000000
 0.078333 2.000000 0.000000 2.000000 1.183216 0.757858 0.000000
 0.079444 2.000000 0.000000 2.000000 1.183216 0.757858 0.000000
 0.080556 2.000000 0.000000 2.000000 1.183216 0.757858 0.000000
 0.081667 2.000000 0.000000 2.000000 1.183216 0.757858 0.000000
 0.082778 2.000000 0.000000 2.000000 1.183216 0.757858 0.000000
 0.083889 2.000000 0.000000 2.000000 1.183216 0.757858 0.000000
 0.085000 2.000000 0.000000 2.000000 1.183216 0.757858 0.000000
 0.086111 2.000000 0.000000 2.000000 1.183216 0.757858 0.000000
 0.087222 2.000000 0.000000 2.000000 1.183216 0.757858 0.000000
 0.088333 2.000000 0.000000 2.000000 1.183216 0.757858 0.000000
 0.089444 2.000000 0.000000 2.000000 1.183216 0.757858 0.000000
 0.090556 2.000000 0.000000 2.000000 1.183216 0.757858 0.000000
 0.091667 2.000000 0.000000 2.000000 1.183216 0.757858 0.000000
 0.092778 2.000000 0.000000 2.000000 1.183216 0.757858 0.000000
 0.093889 2.000000 0.000000 2.000000 1.183216 0.757858 0.000000
 0.095000 2.000000 0.000000 2.000000 1.183216 0.757858 0.000000
 0.096111 2.000000 0.000000 2.000000 1.183216 0.757858 0.000000
 0.097222 2.000000 0.000000 2.000000 1.183216 0.757858 0.000000
 0.098333 2.000000 0.000000 2.000000 1.183216 0.757858 0.000000
 0.099444 2.000000 0.000000 2.000000 1.183216 0.757858 0.000000
 0.100556 2.000000 0.000000 2.000000 1.183216 0.757858 0.000000
 0.101667 2.000000 0.000000 2.000000 1.183216 0.757858 0.000000
 0.102778 2.000000 0.000000 2.000000 1.183216 0.757858 0.000000
 0.103889 2.000000 0.000000 2.000000 1.183216 0.757858 0.000000
 0.105000 2.000000 0.000000 2.000000 1.183216 0.757858 0.000000
 0.106111 2.000000 0.000000 2.000000 1.183216 0.757858 0.000000
 0.107222 2.000000 0.000000 2.000000 1.183216 0.757858 0.000000
 0.108333 2.000000 0.000000 2.000000 1.183216 0.757858 0.000000
 0.109444 2.000000 0.000000 2.000000 1.183216 0.757858 0.000000
 0.110556 2.000000 0.000000 2.000000 1.183216 0.757858 0.000000
 0.111667 2.000000 0.000000 2.000000 1.183216 0.757858 0.000000
 0.112778 2.000000 0.000000 2.000000 1.183216 0.757858 0.000000
 0.113889 2.000000 0.000000 2.000000 1.183216 0.757858 0.000000
 0.115000 2.000000 0.000000 2.000000 1.183216 0.757858 0.000000
 0.116111 2.000000 0.000000 2.000000 1.183216 0.757858 0.000000
 0.117222 2.000000 0.000000 2.000000 1.183216 0.757858 0.000000
 0.118333 2.000000 0.000000 2.000000 1.183216 0.757858 0.000000
 0.119444 2.000000 0.000000 2.000000 1.183216 0.757858 0.000000
 0.120556 2.000000 0.000000 2.000000 1.183216 0.757858 0.000000
 0.121667 2.000000 0.000000 2.000000 1.183216 0.757858 0.000000
 0.122778 2.000000 0.000000 2.000000 1.183216 0.757858 0.000000
 0.123889 2.000000 0.000000 2.000000 1.183216 0.757858 0.000000
 0.125000 2.000000 0.000000 2.000000 1.183216 0.757858 0.000000
 0.126111 2.000000 0.000000 2.000000 1.183216 0.757858 0.000000
 0.127222 2.000000 0.000000 2.000000 1.183216 0.757858 0.000000
 0.128333 2.000000 0.000000 2.000000 1.183216 0.757858 0.000000
 0.129444 2.000000 0.000000 2.000000 1.183216 0.757858 0.000000
 0.130556 2.000000 0.000000 2.000000 1.183216 0.757858 0.000000
 0.131667 2.000000 0.000000 2.000000 1.183216 0.757858 0.000000
 0.132778 2.000000 0.000000 2.000000 1.183216 0.757858 0.000000
 0.133889 2.000000 0.000000 2.000000 1.183216 0.757858 0.000000
 0.135000 2.000000 0.000000 2.000000 1.183216 0.757858 0.000000
 0.136111 2.000000 0.000000 2.000000 1.183216 0.757858 0.000000
 0.137222 2.000000 0.000000 2.000000 1.183216 0.757858 0.000000
 0.138333 2.000000 0.000000 2.000000 1.183216 0.757858 0.000000
 0.139444 2.000000 0.000000 2.000000 1.183216 0.757858 0.000000
 0.140556 2.000000 0.000000 2.000000 1.183216 0.757858 0.000000
 0.141667 2.000000 0.000000 2.000000 1.183216 0.757858 0.000000
 0.142778 2.000000 0.000000 2.000000 1.183216 0.757858 0.000000
 0.143889 2.000000 0.000000 2.000000 1.183216 0.757858 0.000000
 0.145000 2.000000 0.000000 2.000000 1.183216 0.757858 0.000000
 0.146111 2.000000 0.000000 2.000000 1.183216 0.757858 0.000000
 0.147222 2.000000 0.000000 2.000000 1.183216 0.757858 0.000000
 0.148333 2.000000 0.000000 2.000000 1.183216 0.757858 0.000000
 0.149444 2.000000 0.000000 2.000000 1.183216 0.757858 0.000000
 0.150556 2.000000 0.000000 2.000000 1.183216 0.757858 0.000000
 0.151667 2.000000 0.000000 2.000000 1.183216 0.757858 0.000000
 0.152778 2.000000 0.000000 2.000000 1.183216 0.757858 0.000000
 0.153889 2.000000 0.000000 2.000000 1.183216 0.757858 0.000000
 0.155000 2.000000 0.000000 2.000000 1.183216 0.757858 0.000000
 0.156111 2.000000 0.000000 2.000000 1.183216 0.757858 0.000000
 0.157222 2.000000 0.000000 2.000000 1.183216 0.757858 0.000000
 0.158333 2.000000 0.000000 2.000000 1.183216 0.757858 0.000000
 0.159444 2.000000 0.000000 2.000000 1.183216 0.757858 0.000000
 0.160556 2.000000 0.000000 2.000000 1.183216 0.757858 0.000000
 0.161667 2.000000 0.000000 2.000000 1.183216 0.757858 0.000000
 0.162778 2.000000 0.000000 2.000000 1.183216 0.757858 0.000000
 0.163889 2.000000 0.000000 2.000000 1.183216 0.757858 0.000000
 0.165000 2.000000 0.000000 2.000000 1.183216 0.757858 0.000000
 0.166111 2.000000 0.000000 2.000000 1.183216 0.757858 0.000000
 0.167222 2.000000 0.000000 2.000000 1.183216 0.757858 0.000000
 0.168333 2.000000 0.000000 2.000000 1.183216 0.757858 0.000000
 0.169444 2.000000 0.000000 2.000000 1.183216 0.757858 0.000000
 0.170556 2.000000 0.000000 2.000000 1.183216 0.757858 0.000000
 0.171667 2.000000 0.000000 2.000000 1.183216 0.757858 0.000000
 0.172778 2.000000 0.000000 2.000000 1.183216 0.757858 0.000000
 0.173889 2.000000 0.000000 2.000000 1.183216 0.757858 0.000000
 0.175000 2.000000 0.000000 2.000000 1.183216 0.757858 0.000000
 0.176111 2.000000 0.000000 2.000000 1.183216 0.757858 0.000000
 0.177222 2.000000 0.000000 2.000000 1.183216 0.757858 0.000000
 0.178333 2.000000 0.000000 2.000000 1.183216 0.757858 0.000000
 0.179444 2.000000 0.000000 2.000000 1.183216 0.757858 0.000000
 0.180556 2.000000 0.000000 2.000000 1.183216 0.757858 0.000000
 0.181667 2.000000 0.000000 2.000000 1.183216 0.757858 0.000000
 0.182778 2.000000 0.000000 2.000000 1.183216 0.757858 0.000000
 0.183889 2.000000 0.000000 2.000000 1.183216 0.757858 0.000000
 0.185000 2.000000 0.000000 2.000000 1.183216 0.757858 0.000000
 0.186111 2.000000 0.000000 2.000000 1.183216 0.757858 0.000000
 0.187222 2.000000 0.000000 2.000000 1.183216 0.757858 0.000000
 0.188333 2.000000 0.000000 2.000000 1.183216 0.757858 0.000000
 0.189444 2.000000 0.000000 2.000000 1.183216 0.757858 0.000000
 0.190556 2.000000 0.000000 2.000000 1.183216 0.757858 0.000000
 0.191667 2.000000 0.000000 2.000000 1.183216 0.757858 0.000000
 0.192778 2.000000 0.000000 2.000000 1.183216 0.757858 0.000000
 0.193889 2.000000 0.000000 2.000000 1.183216 0.757858 0.000000
 0.195000 2.000000 0.000000 2.000000 1.183216 0.757858 0.000000
 0.196111 2.000000 0.000000 2.000000 1.183216 0.757858 0.000000
 0.197222 2.000000 0.000000 2.000000 1.183216 0.757858 0.000000
 0.198333 2.000000 0.000000 2.000000 1.183216 0.757858 0.000000
 0.199444 2.000000 0.000000 2.000000 1.183216 0.757858 0.000000
 0.200556 2.000000 0.000000 2.000000 1.183216 0.757858 0.000000
 0.201667 2.000000 0.000000 2.000000 1.183216 0.757858 0.000000
 0.202778 2.000000 0.000000 2.000000 1.183216 0.757858 0.000000
 0.203889 2.000000 0.000000 2.000000 1.183216 0.757858 0.000000
 0.205000 2.000000 0.000000 2.000000 1.183216 0.757858 0.000000
 0.206111 2.000000 0.000000 2.000000 1.183216 0.757858 0.000000
 0.207222 2.000000 0.000000 2.000000 1.183216 0.757858 0.000000
 0.208333 2.000000 0.000000 2.000000 1.183216 0.757858 0.000000
 0.209444 2.000000 0.000000 2.000000 1.183216 0.757858 0.000000
 0.210556 2.000000 0.000000 2.000000 1.183216 0.757858 0.000000
 0.211667 2.000000 0.000000 2.000000 1.183216 0.757858 0.000000
 0.212778 2.000000 0.000000 2.000000 1.183216 0.757858 0.000000
 0.213889 2.000000 0.000000 2.000000 1.183216 0.757858 0.000000
 0.215000 2.000000 0.000000 2.000000 1.183216 0.757858 0.000000
 0.216111 2.000000 0.000000 2.000000 1.183216 0.757858 0.000000
 0.217222 2.000000 0.000000 2.000000 1.183216 0.757858 0.000000
 0.218333 2.000000 0.000000 2.000000 1.183216 0.757858 0.000000
 0.219444 2.000000 0.000000 2.000000 1.183216 0.757858 0.000000
 0.220556 2.000000 0.000000 2.000000 1.183216 0.757858 0.000000
 0.221667 2.000000 0.000000 2.000000 1.183216 0.757858 0.000000
 0.222778 2.000000 0.000000 2.000000 1.183216 0.757858 0.000000
 0.223889 2.000000 0.000000 2.000000 1.183216 0.757858 0.000000
 0.225000 2.000000 0.000000 2.000000 1.183216 0.757858 0.000000
 0.226111 2.000000 0.000000 2.000000 1.183216 0.757858 0.000000
 0.227222 2.000000 0.000000 2.000000 1.183216 0.757858 0.000000
 0.228333 2.000000 0.000000 2.000000 1.183216 0.757858 0.000000
 0.229444 2.000000 0.000000 2.000000 1.183216 0.757858 0.000000
 0.230556 2.000000 0.000000 2.000000 1.183216 0.757858 0.000000
 0.231667 2.000000 0.000000 2.000000 1.183216 0.757858 0.000000
 0.232778 2.000000 0.000000 2.000000 1.183216 0.757858 0.000000
 0.233889 2.000000 0.000000 2.000000 1.183216 0.757858 0.000000
 0.235000 2.000000 0.000000 2.000000 1.183216 0.757858 0.000000
 0.236111 2.000000 0.000000 2.000000 1.183216 0.757858 0.000000
 0.237222 2.000000 0.000000 2.000000 1.183216 0.757858 0.000000
 0.238333 2.000000 0.000000 2.000000 1.183216 0.757858 0.000000
 0.239444 2.000000 0.000000 2.000000 1.183216 0.757858 0.000000
 0.240556 2.000000 0.000000 2.000000 1.183216 0.757858 0.000000
 0.241667 2.000000 0.000000 2.000000 1.183216 0.757858 0.000000
 0.242778 2.000000 0.000000 2.000000 1.183216 0.757858 0.000000
 0.243889 2.000000 0.000000 2.000000 1.183216 0.757858 0.000000
 0.245000 2.000000 0.000000 2.000000 1.183216 0.757858 0.000000
 0.246111 2.000000 0.000000 2.000000 1.183216 0.757858 0.000000
 0.247222 2.000000 0.000000 2.000000 1.183216 0.757858 0.000000
 0.248333 2.000000 0.000000 2.000000 1.183216 0.757858 0.000000
 0.249444 2.000000 0.000000 2.000000 1.183216 0.757858 0.000000
 0.250556 2.000000 0.000000 2.000000 1.183216 0.757858 0.000000
 0.251667 2.000000 0.000000 2.000000 1.183216 0.757858 0.000000
 0.252778 2.000000 0.000000 2.000000 1.183216 0.757858 0.000000
 0.253889 2.000000 0.000000 2.000000 1.183216 0.757858 0.000000
 0.255000 2.000000 0.000000 2.000000 1.183216 0.757858 0.000000
 0.256111 2.000000 0.000000 2.000000 1.183216 0.757858 0.000000
 0.257222 2.000000 0.000000 2.000000 1.183216 0.757858 0.000000
 0.258333 2.000000 0.000000 2.000000 1.183216 0.757858 0.000000
 0.259444 2.000000 0.000000 2.000000 1.183216 0.757858 0.000000
 0.260556 2.000000 0.000000 2.000000 1.183216 0.757858 0.000000
 0.261667 2.000000 0.000000 2.000000 1.183216 0.757858 0.000000
 0.262778 2.000000 0.000000 2.000000 1.183216 0.757858 0.000000
 0.263889 2.000000 0.000000 2.000000 1.183216 0.757858 0.000000
 0.265000 2.000000 0.000000 2.000000 1.183216 0.757858 0.000000
 0.266111 2.000000 0.000000 2.000000 1.183216 0.757858 0.000000
 0.267222 2.000000 0.000000 2.000000 1.183216 0.757858 0.000000
 0.268333 2.000000 0.000000 2.000000 1.183216 0.757858 0.000000
 0.269444 2.000000 0.000000 2.000000 1.183216 0.757858 0.000000
 0.270556 2.000000 0.000000 2.000000 1.183216 0.757858 0.000000
 0.271667 2.000000 0.000000 2.000000 1.183216 0.757858 0.000000
 0.272778 2.000000 0.000000 2.000000 1.183216 0.757858 0.000000
 0.273889 2.000000 0.000000 2.000000 1.183216 0.757858 0.000000
 0.275000 2.000000 0.000000 2.000000 1.183216 0.757858 0.000000
 0.276111 2.000000 0.000000 2.000000 1.183216 0.757858 0.000000
 0.277222 2.000000 0.000000 2.000000 1.183216 0.757858 0.000000
 0.278333 2.000000 0.000000 2.000000 1.183216 0.757858 0.000000
 0.279444 2.000000 0.000000 2.000000 1.183216 0.757858 0.000000
 0.280556 2.000000 0.000000 2.000000 1.183216 0.757858 0.000000
 0.281667 2.000000 0.000000 2.000000 1.183216 0.757858 0.000000
 0.282778 2.000000 0.000000 2.000000 1.183216 0.757858 0.000000
 0.283889 2.000000 0.000000 2.000000 1.183216 0.757858 0.000000
 0.285000 2.000000 0.000000 2.000000 1.183216 0.757858 0.000000
 0.286111 2.000000 0.000000 2.000000 1.183216 0.757858 0.000000
 0.287222 2.000000 0.000000 2.000000 1.183216 0.757858 0.000000
 0.288333 2.000000 0.000000 2.000000 1.183216 0.757858 0.000000
 0.289444 2.000000 0.000000 2.000000 1.183216 0.757858 0.000000
 0.290556 2.000000 0.000000 2.000000 1.183216 0.757858 0.000000
 0.291667 2.000000 0.000000 2.000000 1.183216 0.757858 0.000000
 0.292778 2.000000 0.000000 2.000000 1.183216 0.757858 0.000000
 0.293889 2.000000 0.000000 2.000000 1.183216 0.757858 0.000000
 0.295000 2.000000 0.000000 2.000000 1.183216 0.757858 0.000000
 0.296111 2.000000 0.000000 2.000000 1.183216 0.757858 0.000000
 0.297222 2.000000 0.000000 2.000000 1.183216 0.757858 0.000000
 0.298333 2.000000 0.000000 2.000000 1.183216 0.757858 0.000000
 0.299444 2.000000 0.000000 2.000000 1.183216 0.757858 0.000000
 0.300556 2.000000 0.000000 2.000000 1.183216 0.757858 0.000000
 0.301667 2.000000 0.000000 2.000000 1.183216 0.757858 0.000000
 0.302778 2.000000 0.000000 2.000000 1.183216 0.757858 0.000000
 0.303889 2.000000 0.000000 2.000000 1.183216 0.757858 0.000000
 0.305000 2.000000 0.000000 2.000000 1.183216 0.757858 0.000000
 0.306111 2.000000 0.000000 2.000000 1.183216 0.757858 0.000000
 0.307222 2.000000 0.000000 2.000000 1.183216 0.757858 0.000000
 0.308333 2.000000 0.000000 2.000000 1.183216 0.757858 0.000000
 0.309444 2.000000 0.000000 2.000000 1.183216 0.757858 0.000000
 0.310556 2.000000 0.000000 2.000000 1.183216 0.757858 0.000000
 0.311667 2.000000 0.000000 2.000000 1.183216 0.757858 0.000000
 0.312778 2.000000 0.000000 2.000000 1.183216 0.757858 0.000000
 0.313889 2.000000 0.000000 2.000000 1.183216 0.757858 0.000000
 0.315000 2.000000 0.000000 2.000000 1.183216 0.757858 0.000000
 0.316111 2.000000 0.000000 2.000000 1.183216 0.757858 0.000000
 0.317222 2.000000 0.000000 2.000000 1.183216 0.757858 0.000000
 0.318333 2.000000 0.000000 2.000000 1.183216 0.757858 0.000000
 0.319444 2.000000 0.000000 1.999999 1.183216 0.757858 0.000000
 0.320556 1.999999 0.000000 1.999999 1.183216 0.757858 0.000000
 0.321667 1.999999 0.000001 1.999998 1.183216 0.757858 0.000000
 0.322778 1.999998 0.000001 1.999997 1.183216 0.757858 0.000000
 0.323889 1.999997 0.000002 1.999996 1.183216 0.757858 0.000000
 0.325000 1.999995 0.000003 1.999993 1.183215 0.757858 0.000000
 0.326111 1.999992 0.000005 1.999989 1.183215 0.757858 0.000000
 0.327222 1.999988 0.000007 1.999984 1.183215 0.757858 0.000000
 0.328333 1.999982 0.000011 1.999975 1.183214 0.757858 0.000000
 0.329444 1.999973 0.000016 1.999963 1.183213 0.757858 0.000000
 0.330556 1.999960 0.000023 1.999945 1.183211 0.757858 0.000000
 0.331667 1.999942 0.000034 1.999919 1.183209 0.757858 0.000000
 0.332778 1.999915 0.000050 1.999882 1.183206 0.757858 0.000000
 0.333889 1.999878 0.000072 1.999829 1.183202 0.757858 0.000000
 0.335000 1.999827 0.000103 1.999757 1.183195 0.757858 0.000000
 0.336111 1.999756 0.000145 1.999658 1.183187 0.757858 0.000000
 0.337222 1.999659 0.000202 1.999523 1.183176 0.757858 0.000000
 0.338333 1.999530 0.000278 1.999342 1.183160 0.757858 0.000000
 0.339444 1.999358 0.000380 1.999102 1.183140 0.757858 0.000000
 0.340556 1.999133 0.000513 1.998787 1.183113 0.757858 0.000000
 0.341667 1.998842 0.000685 1.998379 1.183079 0.757858 0.000000
 0.342778 1.998468 0.000907 1.997856 1.183035 0.757858 0.000000
 0.343889 1.997995 0.001187 1.997193 1.182979 0.757858 0.000000
 0.345000 1.997402 0.001538 1.996364 1.182908 0.757858 0.000000
 0.346111 1.996668 0.001972 1.995337 1.182822 0.757858 0.000000
 0.347222 1.995770 0.002505 1.994080 1.182715 0.757858 0.000000
 0.348333 1.994682 0.003149 1.992560 1.182586 0.757859 0.000000
 0.349444 1.993381 0.003921 1.990740 1.182432 0.757859 0.000000
 0.350556 1.991839 0.004836 1.988585 1.182249 0.757859 0.000000
 0.351667 1.990032 0.005908 1.986061 1.182035 0.757859 0.000000
 0.352778 1.987936 0.007153 1.983134 1.181786 0.757859 0.000000
 0.353889 1.985529 0.008584 1.979774 1.181500 0.757860 0.000000
 0.355000 1.982791 0.010214 1.975954 1.181174 0.757861 0.000000
 0.356111 1.979705 0.012053 1.971652 1.180807 0.757861 0.000000
 0.357222 1.976257 0.014109 1.966849 1.180396 0.757862 0.000000
 0.358333 1.972438 0.016391 1.961534 1.179941 0.757863 0.000000
 0.359444 1.968242 0.018901 1.955697 1.179439 0.757865 0.000000
 0.360556 1.963665 0.021644 1.949338 1.178892 0.757866 0.000000
 0.361667 1.958710 0.024620 1.942460 1.178298 0.757868 0.000000
 0.362778 1.953380 0.027827 1.935070 1.177657 0.757871 0.000000
 0.363889 1.947684 0.031262 1.927181 1.176972 0.757873 0.000000
 0.365000 1.941632 0.034920 1.918810 1.176242 0.757876 0.000000
 0.366111 1.935237 0.038795 1.909976 1.175468 0.757880 0.000000
 0.367222 1.928513 0.042880 1.900702 1.174653 0.757883 0.000000
 0.368333 1.921478 0.047166 1.891012 1.173798 0.757887 0.000000
 0.369444 1.914149 0.051645 1.880933 1.172905 0.757892 0.000000
 0.370556 1.906544 0.056306 1.870491 1.171975 0.757897 0.000000
 0.371667 1.898683 0.061139 1.859715 1.171011 0.757902 0.000000
 0.372778 1.890585 0.066135 1.848634 1.170015 0.757907 0.000000
 0.373889 1.882269 0.071283 1.837275 1.168988 0.757913 0.000000
 0.375000 1.873756 0.076572 1.825666 1.167934 0.757920 0.000000
 0.376111 1.865063 0.081992 1.813835 1.166853 0.757926 0.000000
 0.377222 1.856209 0.087532 1.801808 1.165748 0.757933 0.000000
 0.378333 1.847213 0.093184 1.789612 1.164622 0.757940 0.000000
 0.379444 1.838092 0.098936 1.777271 1.163475 0.757948 0.000000
 0.380556 1.828864 0.104779 1.764809 1.162311 0.757956 0.000000
 0.381667 1.819545 0.110703 1.752250 1.161130 0.757964 0.000000
 0.382778 1.810150 0.116700 1.739617 1.159935 0.757972 0.000000
 0.383889 1.800697 0.122759 1.726930 1.158727 0.757980 0.000000
 0.385000 1.791200 0.128872 1.714211 1.157509 0.757989 0.000000
 0.386111 1.781673 0.135030 1.701481 1.156281 0.757998 0.000000
 0.387222 1.772132 0.141223 1.688758 1.155047 0.758006 0.000000
 0.388333 1.762591 0.147444 1.676062 1.153807 0.758015 0.000000
 0.389444 1.753064 0.153681 1.663413 1.152564 0.758025 0.000000
 0.390556 1.743566 0.159928 1.650829 1.151320 0.758034 0.000000
 0.391667 1.734110 0.166173 1.638329 1.150075 0.758043 0.000000
 0.392778 1.724712 0.172407 1.625932 1.148833 0.758052 0.000000
 0.393889 1.715387 0.178620 1.613657 1.147595 0.758061 0.000000
 0.395000 1.706149 0.184801 1.601523 1.146363 0.758071 0.000000
 0.396111 1.697014 0.190940 1.589551 1.145140 0.758080 0.000000
 0.397222 1.687999 0.197024 1.577760 1.143927 0.758089 0.000000
 0.398333 1.679120 0.203042 1.566172 1.142728 0.758098 0.000000
 0.399444 1.670395 0.208980 1.554809 1.141545 0.758106 0.000000
 0.400556 1.661844 0.214825 1.543694 1.140380 0.758115 0.000000
 0.401667 1.653484 0.220562 1.532851 1.139237 0.758123 0.000000
 0.402778 1.645337 0.226175 1.522304 1.138118 0.758131 0.000000
 0.403889 1.637423 0.231649 1.512079 1.137027 0.758139 0.000000
 0.405000 1.629765 0.236967 1.502202 1.135967 0.758147 0.000000
 0.406111 1.622385 0.242111 1.492701 1.134942 0.758154 0.000000
 0.407222 1.615305 0.247063 1.483603 1.133954 0.758161 0.000000
 0.408333 1.608548 0.251805 1.474934 1.133009 0.758167 0.000000
 0.409444 1.602136 0.256321 1.466722 1.132109 0.758173 0.000000
 0.410556 1.596090 0.260591 1.458990 1.131257 0.758179 0.000000
 0.411667 1.590430 0.264602 1.451762 1.130458 0.758184 0.000000
 0.412778 1.585172 0.268337 1.445056 1.129713 0.758189 0.000000
 0.413889 1.580330 0.271786 1.438889 1.129025 0.758194 0.000000
 0.415000 1.575912 0.274939 1.433269 1.128397 0.758198 0.000000
 0.416111 1.571925 0.277792 1.428201 1.127828 0.758202 0.000000
 0.417222 1.568365 0.280344 1.423682 1.127320 0.758206 0.000000
 0.418333 1.565226 0.282597 1.419701 1.126871 0.758209 0.000000
 0.419444 1.562494 0.284561 1.416240 1.126479 0.758213 0.000000
 0.420556 1.560150 0.286248 1.413272 1.126144 0.758216 0.000000
 0.421667 1.558168 0.287675 1.410765 1.125860 0.758219 0.000000
 0.422778 1.556520 0.288864 1.408681 1.125623 0.758222 0.000000
 0.423889 1.555170 0.289837 1.406977 1.125430 0.758225 0.000000
 0.425000 1.554085 0.290619 1.405608 1.125275 0.758228 0.000000
 0.426111 1.553227 0.291236 1.404528 1.125153 0.758231 0.000000
 0.427222 1.552562 0.291715 1.403691 1.125059 0.758234 0.000000
 0.428333 1.552056 0.292078 1.403057 1.124988 0.758237 0.000000
 0.429444 1.551679 0.292348 1.402585 1.124936 0.758240 0.000000
 0.430556 1.551403 0.292545 1.402241 1.124898 0.758243 0.000000
 0.431667 1.551205 0.292684 1.401997 1.124872 0.758246 0.000000
 0.432778 1.551066 0.292781 1.401828 1.124854 0.758249 0.000000
 0.433889 1.550971 0.292847 1.401713 1.124842 0.758253 0.000000
 0.435000 1.550907 0.292889 1.401638 1.124836 0.758256 0.000000
 0.436111 1.550865 0.292916 1.401591 1.124832 0.758259 0.000000
 0.437222 1.550838 0.292932 1.401563 1.124831 0.758263 0.000000
 0.438333 1.550820 0.292941 1.401548 1.124831 0.758266 0.000000
 0.439444 1.550809 0.292945 1.401540 1.124832 0.758270 0.000000
 0.440556 1.550802 0.292946 1.401538 1.124834 0.758274 0.000000
 0.441667 1.550798 0.292945 1.401539 1.124836 0.758277 0.000000
 0.442778 1.550794 0.292943 1.401542 1.124838 0.758281 0.000000
 0.443889 1.550791 0.292941 1.401546 1.124840 0.758285 0.000000
 0.445000 1.550789 0.292938 1.401550 1.124843 0.758289 0.000000
 0.446111 1.550786 0.292935 1.401554 1.124846 0.758293 0.000000
 0.447222 1.550784 0.292932 1.401558 1.124848 0.758297 0.000000
 0.448333 1.550781 0.292930 1.401563 1.124851 0.758301 0.000000
 0.449444 1.550778 0.292927 1.401567 1.124854 0.758306 0.000000
 0.450556 1.550774 0.292925 1.401571 1.124857 0.758310 0.000000
 0.451667 1.550771 0.292922 1.401575 1.124860 0.758315 0.000000
 0.452778 1.550767 0.292920 1.401578 1.124862 0.758319 0.000000
 0.453889 1.550763 0.292918 1.401582 1.124865 0.758324 0.000000
 0.455000 1.550758 0.292915 1.401585 1.124868 0.758329 0.000000
 0.456111 1.550753 0.292913 1.401588 1.124871 0.758334 0.000000
 0.457222 1.550748 0.292911 1.401591 1.124874 0.758339 0.000000
 0.458333 1.550743 0.292909 1.401594 1.124877 0.758344 0.000000
 0.459444 1.550737 0.292908 1.401597 1.124881 0.758350 0.000000
 0.460556 1.550732 0.292906 1.401599 1.124884 0.758355 0.000000
 0.461667 1.550725 0.292904 1.401602 1.124887 0.758361 0.000000
 0.462778 1.550719 0.292902 1.401604 1.124890 0.758367 0.000000
 0.463889 1.550712 0.292901 1.401607 1.124894 0.758372 0.000000
 0.465000 1.550705 0.292899 1.401609 1.124897 0.758379 0.000000
 0.466111 1.550698 0.292897 1.401611 1.124901 0.758385 0.000000
 0.467222 1.550690 0.292896 1.401613 1.124904 0.758391 0.000000
 0.468333 1.550682 0.292894 1.401615 1.124908 0.758398 0.000000
 0.469444 1.550673 0.292893 1.401617 1.124912 0.758405 0.000000
 0.470556 1.550665 0.292892 1.401619 1.124916 0.758412 0.000000
 0.471667 1.550656 0.292890 1.401621 1.124920 0.758419 0.000000
 0.472778 1.550646 0.292889 1.401623 1.124924 0.758426 0.000000
 0.473889 1.550636 0.292888 1.401624 1.124928 0.758434 0.000000
 0.475000 1.550626 0.292886 1.401626 1.124933 0.758442 0.000000
 0.476111 1.550615 0.292885 1.401628 1.124937 0.758450 0.000000
 0.477222 1.550604 0.292884 1.401629 1.124942 0.758458 0.000000
 0.478333 1.550593 0.292883 1.401631 1.124947 0.758467 0.000000
 0.479444 1.550581 0.292882 1.401632 1.124952 0.758476 0.000000
 0.480556 1.550568 0.292880 1.401633 1.124957 0.758485 0.000000
 0.481667 1.550555 0.292879 1.401635 1.124962 0.758495 0.000000
 0.482778 1.550541 0.292878 1.401636 1.124967 0.758505 0.000000
 0.483889 1.550527 0.292877 1.401637 1.124973 0.758515 0.000000
 0.485000 1.550512 0.292876 1.401638 1.124979 0.758526 0.000000
 0.486111 1.550497 0.292875 1.401640 1.124985 0.758538 0.000000
 0.487222 1.550481 0.292874 1.401641 1.124991 0.758549 0.000000
 0.488333 1.550464 0.292873 1.401642 1.124998 0.758561 0.000000
 0.489444 1.550446 0.292872 1.401643 1.125005 0.758574 0.000000
 0.490556 1.550428 0.292871 1.401644 1.125012 0.758587 0.000000
 0.491667 1.550408 0.292870 1.401645 1.125019 0.758601 0.000000
 0.492778 1.550388 0.292869 1.401646 1.125027 0.758616 0.000000
 0.493889 1.550366 0.292869 1.401647 1.125035 0.758631 0.000000
 0.495000 1.550344 0.292868 1.401648 1.125044 0.758647 0.000000
 0.496111 1.550320 0.292867 1.401648 1.125053 0.758663 0.000000
 0.497222 1.550295 0.292866 1.401649 1.125062 0.758681 0.000000
 0.498333 1.550269 0.292865 1.401650 1.125072 0.758700 0.000000
 0.499444 1.550240 0.292864 1.401651 1.125083 0.758719 0.000000
 0.500556 1.550211 0.292863 1.401651 1.125094 0.758740 0.000000
 0.501667 1.550179 0.292863 1.401652 1.125105 0.758762 0.000000
 0.502778 1.550145 0.292862 1.401653 1.125118 0.758786 0.000000
 0.503889 1.550109 0.292861 1.401653 1.125131 0.758811 0.000000
 0.505000 1.550070 0.292860 1.401654 1.125146 0.758838 0.000000
 0.506111 1.550028 0.292859 1.401655 1.125161 0.758867 0.000000
 0.507222 1.549983 0.292859 1.401655 1.125178 0.758898 0.000000
 0.508333 1.549934 0.292858 1.401656 1.125196 0.758932 0.000000
 0.509444 1.549880 0.292857 1.401656 1.125216 0.758969 0.000000
 0.510556 1.549820 0.292856 1.401657 1.125238 0.759011 0.000000
 0.511667 1.549751 0.292856 1.401657 1.125263 0.759058 0.000000
 0.512778 1.549668 0.292855 1.401658 1.125293 0.759115 0.000000
 0.513889 1.549560 0.292854 1.401658 1.125332 0.759190 0.000000
 0.515000 1.549405 0.292854 1.401658 1.125389 0.759296 0.000000
 0.516111 1.549163 0.292853 1.401659 1.125477 0.759463 0.000000
 0.517222 1.548763 0.292852 1.401659 1.125622 0.759737 0.000000
 0.518333 1.548092 0.292852 1.401660 1.125867 0.760199 0.000000
 0.519444 1.546976 0.292851 1.401660 1.126273 0.760967 0.000000
 0.520556 1.545175 0.292850 1.401660 1.126929 0.762209 0.000000
 0.521667 1.542379 0.292849 1.401660 1.127950 0.764144 0.000000
 0.522778 1.538220 0.292849 1.401661 1.129474 0.767038 0.000000
 0.523889 1.532303 0.292848 1.401661 1.131653 0.771188 0.000000
 0.525000 1.524255 0.292847 1.401661 1.134636 0.776895 0.000000
 0.526111 1.513783 0.292847 1.401661 1.138554 0.784430 0.000000
 0.527222 1.500734 0.292846 1.401662 1.143494 0.793995 0.000000
 0.528333 1.485149 0.292846 1.401662 1.149478 0.805685 0.000000
 0.529444 1.467281 0.292845 1.401662 1.156456 0.819454 0.000000
 0.530556 1.447598 0.292844 1.401662 1.164291 0.835095 0.000000
 0.531667 1.426739 0.292844 1.401662 1.172772 0.852238 0.000000
 0.532778 1.405449 0.292843 1.401662 1.181621 0.870366 0.000000
 0.533889 1.384500 0.292842 1.401662 1.190527 0.888859 0.000000
 0.535000 1.364607 0.292842 1.401662 1.199173 0.907053 0.000000
 0.536111 1.346359 0.292841 1.401663 1.207272 0.924311 0.000000
 0.537222 1.330177 0.292840 1.401663 1.214594 0.940092 0.000000
 0.538333 1.316292 0.292840 1.401663 1.220983 0.954004 0.000000
 0.539444 1.304758 0.292839 1.401663 1.226368 0.965832 0.000000
 0.540556 1.295474 0.292838 1.401663 1.230755 0.975536 0.000000
 0.541667 1.288231 0.292838 1.401663 1.234209 0.983223 0.000000
 0.542778 1.282752 0.292837 1.401662 1.236842 0.989108 0.000000
 0.543889 1.278732 0.292837 1.401662 1.238785 0.993464 0.000000
 0.545000 1.275872 0.292836 1.401662 1.240173 0.996583 0.000000
 0.546111 1.273901 0.292835 1.401662 1.241132 0.998743 0.000000
 0.547222 1.272584 0.292835 1.401662 1.241773 1.000189 0.000000
 0.548333 1.271737 0.292834 1.401662 1.242187 1.001123 0.000000
 0.549444 1.271212 0.292833 1.401662 1.242444 1.001701 0.000000
 0.550556 1.270902 0.292833 1.401662 1.242595 1.002042 0.000000
 0.551667 1.270732 0.292832 1.401662 1.242678 1.002230 0.000000
 0.552778 1.270649 0.292832 1.401661 1.242718 1.002322 0.000000
 0.553889 1.270618 0.292831 1.401661 1.242734 1.002356 0.000000
 0.555000 1.270617 0.292830 1.401661 1.242734 1.002358 0.000000
 0.556111 1.270631 0.292830 1.401661 1.242727 1.002341 0.000000
 0.557222 1.270654 0.292829 1.401661 1.242716 1.002316 0.000000
 0.558333 1.270680 0.292828 1.401660 1.242703 1.002287 0.000000
 0.559444 1.270707 0.292828 1.401660 1.242690 1.002257 0.000000
 0.560556 1.270733 0.292827 1.401660 1.242677 1.002228 0.000000
 0.561667 1.270758 0.292826 1.401660 1.242664 1.002200 0.000000
 0.562778 1.270782 0.292826 1.401659 1.242653 1.002174 0.000000
 0.563889 1.270804 0.292825 1.401659 1.242642 1.002149 0.000000
 0.565000 1.270825 0.292824 1.401659 1.242631 1.002126 0.000000
 0.566111 1.270845 0.292824 1.401658 1.242622 1.002104 0.000000
 0.567222 1.270863 0.292823 1.401658 1.242612 1.002083 0.000000
 0.568333 1.270880 0.292822 1.401658 1.242604 1.002064 0.000000
 0.569444 1.270896 0.292822 1.401657 1.242596 1.002046 0.000000
 0.570556 1.270912 0.292821 1.401657 1.242588 1.002029 0.000000
 0.571667 1.270926 0.292820 1.401656 1.242581 1.002013 0.000000
 0.572778 1.270940 0.292820 1.401656 1.242574 1.001997 0.000000
 0.573889 1.270953 0.292819 1.401655 1.242567 1.001983 0.000000
 0.575000 1.270965 0.292818 1.401655 1.242561 1.001969 0.000000
 0.576111 1.270976 0.292818 1.401654 1.242555 1.001956 0.000000
 0.577222 1.270987 0.292817 1.401654 1.242550 1.001943 0.000000
 0.578333 1.270998 0.292816 1.401653 1.242544 1.001931 0.000000
 0.579444 1.271008 0.292815 1.401653 1.242539 1.001920 0.000000
 0.580556 1.271018 0.292815 1.401652 1.242534 1.001909 0.000000
 0.581667 1.271027 0.292814 1.401652 1.242530 1.001898 0.000000
 0.582778 1.271035 0.292813 1.401651 1.242525 1.001888 0.000000
 0.583889 1.271044 0.292812 1.401650 1.242521 1.001879 0.000000
 0.585000 1.271051 0.292812 1.401650 1.242517 1.001869 0.000000
 0.586111 1.271059 0.292811 1.401649 1.242513 1.001861 0.000000
 0.587222 1.271066 0.292810 1.401648 1.242509 1.001852 0.000000
 0.588333 1.271073 0.292809 1.401648 1.242505 1.001844 0.000000
 0.589444 1.271080 0.292808 1.401647 1.242502 1.001836 0.000000
 0.590556 1.271086 0.292808 1.401646 1.242498 1.001829 0.000000
 0.591667 1.271092 0.292807 1.401645 1.242495 1.001821 0.000000
 0.592778 1.271098 0.292806 1.401645 1.242492 1.001814 0.000000
 0.593889 1.271104 0.292805 1.401644 1.242489 1.001808 0.000000
 0.595000 1.271109 0.292804 1.401643 1.242486 1.001801 0.000000
 0.596111 1.271114 0.292803 1.401642 1.242483 1.001795 0.000000
 0.597222 1.271119 0.292802 1.401641 1.242480 1.001789 0.000000
 0.598333 1.271123 0.292802 1.401640 1.242477 1.001783 0.000000
 0.599444 1.271128 0.292801 1.401639 1.242475 1.001777 0.000000
 0.600556 1.271132 0.292800 1.401638 1.242472 1.001772 0.000000
 0.601667 1.271136 0.292799 1.401637 1.242470 1.001767 0.000000
 0.602778 1.271140 0.292798 1.401636 1.242467 1.001762 0.000000
 0.603889 1.271144 0.292797 1.401635 1.242465 1.001757 0.000000
 0.605000 1.271148 0.292796 1.401634 1.242463 1.001752 0.000000
 0.606111 1.271151 0.292795 1.401633 1.242460 1.001747 0.000000
 0.607222 1.271154 0.292794 1.401632 1.242458 1.001743 0.000000
 0.608333 1.271158 0.292793 1.401630 1.242456 1.001738 0.000000
 0.609444 1.271161 0.292792 1.401629 1.242454 1.001734 0.000000
 0.610556 1.271163 0.292791 1.401628 1.242452 1.001730 0.000000
 0.611667 1.271166 0.292789 1.401626 1.242450 1.001726 0.000000
 0.612778 1.271169 0.292788 1.401625 1.242448 1.001722 0.000000
 0.613889 1.271171 0.292787 1.401624 1.242447 1.001719 0.000000
 0.615000 1.271173 0.292786 1.401622 1.242445 1.001715 0.000000
 0.616111 1.271176 0.292785 1.401621 1.242443 1.001712 0.000000
 0.617222 1.271178 0.292784 1.401619 1.242441 1.001708 0.000000
 0.618333 1.271180 0.292782 1.401617 1.242440 1.001705 0.000000
 0.619444 1.271181 0.292781 1.401616 1.242438 1.001702 0.000000
 0.620556 1.271183 0.292779 1.401614 1.242436 1.001698 0.000000
 0.621667 1.271185 0.292778 1.401612 1.242435 1.001695 0.000000
 0.622778 1.271186 0.292776 1.401609 1.242433 1.001692 0.000000
 0.623889 1.271187 0.292774 1.401607 1.242432 1.001690 0.000000
 0.625000 1.271187 0.292772 1.401603 1.242430 1.001687 0.000000
 0.626111 1.271187 0.292769 1.401599 1.242428 1.001684 0.000000
 0.627222 1.271185 0.292765 1.401593 1.242426 1.001681 0.000000
 0.628333 1.271182 0.292759 1.401585 1.242424 1.001679 0.000000
 0.629444 1.271176 0.292751 1.401572 1.242421 1.001676 0.000000
 0.630556 1.271166 0.292739 1.401552 1.242418 1.001674 0.000000
 0.631667 1.271148 0.292719 1.401522 1.242413 1.001672 0.000000
 0.632778 1.271120 0.292690 1.401476 1.242406 1.001669 0.000000
 0.633889 1.271075 0.292643 1.401403 1.242396 1.001667 0.000000
 0.635000 1.271004 0.292572 1.401291 1.242380 1.001665 0.000000
 0.636111 1.270894 0.292462 1.401117 1.242358 1.001663 0.000000
 0.637222 1.270723 0.292293 1.400851 1.242323 1.001661 0.000000
 0.638333 1.270462 0.292036 1.400445 1.242271 1.001659 0.000000
 0.639444 1.270065 0.291645 1.399829 1.242192 1.001656 0.000000
 0.640556 1.269466 0.291058 1.398903 1.242073 1.001654 0.000000
 0.641667 1.268570 0.290179 1.397518 1.241897 1.001652 0.000000
 0.642778 1.267240 0.288874 1.395464 1.241635 1.001650 0.000000
 0.643889 1.265282 0.286951 1.392442 1.241249 1.001648 0.000000
 0.645000 1.262426 0.284141 1.388039 1.240686 1.001644 0.000000
 0.646111 1.258307 0.280080 1.381695 1.239872 1.001638 0.000000
 0.647222 1.252447 0.274281 1.372682 1.238709 1.001629 0.000000
 0.648333 1.244258 0.266133 1.360109 1.237074 1.001611 0.000000
 0.649444 1.233072 0.254924 1.342979 1.234822 1.001579 0.000000
 0.650556 1.218249 0.239924 1.320356 1.231804 1.001522 0.000000
 0.651667 1.199361 0.220571 1.291663 1.227902 1.001427 0.000000
 0.652778 1.176467 0.196753 1.257093 1.223088 1.001280 0.000000
 0.653889 1.150372 0.169127 1.217985 1.217491 1.001078 0.000000
 0.655000 1.122700 0.139275 1.176879 1.211429 1.000836 0.000000
 0.656111 1.095608 0.109499 1.137030 1.205375 1.000586 0.000000
 0.657222 1.071188 0.082193 1.101469 1.199823 1.000369 0.000000
 0.658333 1.050854 0.059116 1.072137 1.195138 1.000209 0.000000
 0.659444 1.035075 0.040992 1.049560 1.191466 1.000108 0.000000
 0.660556 1.023523 0.027601 1.033140 1.188762 1.000052 0.000000
 0.661667 1.015441 0.018169 1.021707 1.186861 1.000023 0.000000
 0.662778 1.009973 0.011758 1.014000 1.185573 1.000010 0.000000
 0.663889 1.006364 0.007512 1.008925 1.184721 1.000004 0.000000
 0.665000 1.004022 0.004752 1.005637 1.184167 1.000002 0.000000
 0.666111 1.002523 0.002982 1.003534 1.183813 1.000001 0.000000
 0.667222 1.001572 0.001859 1.002201 1.183588 1.000000 0.000000
 0.668333 1.000973 0.001151 1.001363 1.183446 1.000000 0.000000
 0.669444 1.000599 0.000709 1.000839 1.183358 1.000000 0.000000
 0.670556 1.000367 0.000434 1.000514 1.183303 1.000000 0.000000
 0.671667 1.000223 0.000264 1.000312 1.183269 1.000000 0.000000
 0.672778 1.000135 0.000160 1.000189 1.183248 1.000000 0.000000
 0.673889 1.000081 0.000096 1.000114 1.183235 1.000000 0.000000
 0.675000 1.000049 0.000057 1.000068 1.183227 1.000000 0.000000
 0.676111 1.000029 0.000034 1.000040 1.183223 1.000000 0.000000
 0.677222 1.000017 0.000020 1.000024 1.183220 1.000000 0.000000
 0.678333 1.000010 0.000012 1.000014 1.183218 1.000000 0.000000
 0.679444 1.000006 0.000007 1.000008 1.183217 1.000000 0.000000
 0.680556 1.000003 0.000004 1.000005 1.183217 1.000000 0.000000
 0.681667 1.000002 0.000002 1.000003 1.183216 1.000000 0.000000
 0.682778 1.000001 0.000001 1.000002 1.183216 1.000000 0.000000
 0.683889 1.000001 0.000001 1.000001 1.183216 1.000000 0.000000
 0.685000 1.000000 0.000000 1.000000 1.183216 1.000000 0.000000
 0.686111 1.000000 0.000000 1.000000 1.183216 1.000000 0.000000
 0.687222 1.000000 0.000000 1.000000 1.183216 1.000000 0.000000
 0.688333 1.000000 0.000000 1.000000 1.183216 1.000000 0.000000
 0.689444 1.000000 0.000000 1.000000 1.183216 1.000000 0.000000
 0.690556 1.000000 0.000000 1.000000 1.183216 1.000000 0.000000
 0.691667 1.000000 0.000000 1.000000 1.183216 1.000000 0.000000
 0.692778 1.000000 0.000000 1.000000 1.183216 1.000000 0.000000
 0.693889 1.000000 0.000000 1.000000 1.183216 1.000000 0.000000
 0.695000 1.000000 0.000000 1.000000 1.183216 1.000000 0.000000
 0.696111 1.000000 0.000000 1.000000 1.183216 1.000000 0.000000
 0.697222 1.000000 0.000000 1.000000 1.183216 1.000000 0.000000
 0.698333 1.000000 0.000000 1.000000 1.183216 1.000000 0.000000
 0.699444 1.000000 0.000000 1.000000 1.183216 1.000000 0.000000
 0.700556 1.000000 0.000000 1.000000 1.183216 1.000000 0.000000
 0.701667 1.000000 0.000000 1.000000 1.183216 1.000000 0.000000
 0.702778 1.000000 0.000000 1.000000 1.183216 1.000000 0.000000
 0.703889 1.000000 0.000000 1.000000 1.183216 1.000000 0.000000
 0.705000 1.000000 0.000000 1.000000 1.183216 1.000000 0.000000
 0.706111 1.000000 0.000000 1.000000 1.183216 1.000000 0.000000
 0.707222 1.000000 0.000000 1.000000 1.183216 1.000000 0.000000
 0.708333 1.000000 0.000000 1.000000 1.183216 1.000000 0.000000
 0.709444 1.000000 0.000000 1.000000 1.183216 1.000000 0.000000
 0.710556 1.000000 0.000000 1.000000 1.183216 1.000000 0.000000
 0.711667 1.000000 0.000000 1.000000 1.183216 1.000000 0.000000
 0.712778 1.000000 0.000000 1.000000 1.183216 1.000000 0.000000
 0.713889 1.000000 0.000000 1.000000 1.183216 1.000000 0.000000
 0.715000 1.000000 0.000000 1.000000 1.183216 1.000000 0.000000
 0.716111 1.000000 0.000000 1.000000 1.183216 1.000000 0.000000
 0.717222 1.000000 0.000000 1.000000 1.183216 1.000000 0.000000
 0.718333 1.000000 0.000000 1.000000 1.183216 1.000000 0.000000
 0.719444 1.000000 -0.000000 1.000000 1.183216 1.000000 0.000000
 0.720556 1.000000 0.000000 1.000000 1.183216 1.000000 0.000000
 0.721667 1.000000 -0.000000 1.000000 1.183216 1.000000 0.000000
 0.722778 1.000000 0.000000 1.000000 1.183216 1.000000 0.000000
 0.723889 1.000000 -0.000000 1.000000 1.183216 1.000000 0.000000
 0.725000 1.000000 0.000000 1.000000 1.183216 1.000000 0.000000
 0.726111 1.000000 -0.000000 1.000000 1.183216 1.000000 0.000000
 0.727222 1.000000 0.000000 1.000000 1.183216 1.000000 0.000000
 0.728333 1.000000 -0.000000 1.000000 1.183216 1.000000 0.000000
 0.729444 1.000000 0.000000 1.000000 1.183216 1.000000 0.000000
 0.730556 1.000000 -0.000000 1.000000 1.183216 1.000000 0.000000
 0.731667 1.000000 0.000000 1.000000 1.183216 1.000000 0.000000
 0.732778 1.000000 -0.000000 1.000000 1.183216 1.000000 0.000000
 0.733889 1.000000 0.000000 1.000000 1.183216 1.000000 0.000000
 0.735000 1.000000 -0.000000 1.000000 1.183216 1.000000 0.000000
 0.736111 1.000000 0.000000 1.000000 1.183216 1.000000 0.000000
 0.737222 1.000000 -0.000000 1.000000 1.183216 1.000000 0.000000
 0.738333 1.000000 0.000000 1.000000 1.183216 1.000000 0.000000
 0.739444 1.000000 -0.000000 1.000000 1.183216 1.000000 0.000000
 0.740556 1.000000 0.000000 1.000000 1.183216 1.000000 0.000000
 0.741667 1.000000 -0.000000 1.000000 1.183216 1.000000 0.000000
 0.742778 1.000000 0.000000 1.000000 1.183216 1.000000 0.000000
 0.743889 1.000000 -0.000000 1.000000 1.183216 1.000000 0.000000
 0.745000 1.000000 0.000000 1.000000 1.183216 1.000000 0.000000
 0.746111 1.000000 -0.000000 1.000000 1.183216 1.000000 0.000000
 0.747222 1.000000 0.000000 1.000000 1.183216 1.000000 0.000000
 0.748333 1.000000 -0.000000 1.000000 1.183216 1.000000 0.000000
 0.749444 1.000000 0.000000 1.000000 1.183216 1.000000 0.000000
 0.750556 1.000000 -0.000000 1.000000 1.183216 1.000000 0.000000
 0.751667 1.000000 0.000000 1.000000 1.183216 1.000000 0.000000
 0.752778 1.000000 -0.000000 1.000000 1.183216 1.000000 0.000000
 0.753889 1.000000 0.000000 1.000000 1.183216 1.000000 0.000000
 0.755000 1.000000 -0.000000 1.000000 1.183216 1.000000 0.000000
 0.756111 1.000000 0.000000 1.000000 1.183216 1.000000 0.000000
 0.757222 1.000000 -0.000000 1.000000 1.183216 1.000000 0.000000
 0.758333 1.000000 0.000000 1.000000 1.183216 1.000000 0.000000
 0.759444 1.000000 -0.000000 1.000000 1.183216 1.000000 0.000000
 0.760556 1.000000 0.000000 1.000000 1.183216 1.000000 0.000000
 0.761667 1.000000 -0.000000 1.000000 1.183216 1.000000 0.000000
 0.762778 1.000000 0.000000 1.000000 1.183216 1.000000 0.000000
 0.763889 1.000000 -0.000000 1.000000 1.183216 1.000000 0.000000
 0.765000 1.000000 0.000000 1.000000 1.183216 1.000000 0.000000
 0.766111 1.000000 -0.000000 1.000000 1.183216 1.000000 0.000000
 0.767222 1.000000 0.000000 1.000000 1.183216 1.000000 0.000000
 0.768333 1.000000 -0.000000 1.000000 1.183216 1.000000 0.000000
 0.769444 1.000000 0.000000 1.000000 1.183216 1.000000 0.000000
 0.770556 1.000000 -0.000000 1.000000 1.183216 1.000000 0.000000
 0.771667 1.000000 0.000000 1.000000 1.183216 1.000000 0.000000
 0.772778 1.000000 -0.000000 1.000000 1.183216 1.000000 0.000000
 0.773889 1.000000 0.000000 1.000000 1.183216 1.000000 0.000000
 0.775000 1.000000 -0.000000 1.000000 1.183216 1.000000 0.000000
 0.776111 1.000000 0.000000 1.000000 1.183216 1.000000 0.000000
 0.777222 1.000000 -0.000000 1.000000 1.183216 1.000000 0.000000
 0.778333 1.000000 0.000000 1.000000 1.183216 1.000000 0.000000
 0.779444 1.000000 -0.000000 1.000000 1.183216 1.000000 0.000000
 0.780556 1.000000 0.000000 1.000000 1.183216 1.000000 0.000000
 0.781667 1.000000 -0.000000 1.000000 1.183216 1.000000 0.000000
 0.782778 1.000000 0.000000 1.000000 1.183216 1.000000 0.000000
 0.783889 1.000000 -0.000000 1.000000 1.183216 1.000000 0.000000
 0.785000 1.000000 0.000000 1.000000 1.183216 1.000000 0.000000
 0.786111 1.000000 -0.000000 1.000000 1.183216 1.000000 0.000000
 0.787222 1.000000 0.000000 1.000000 1.183216 1.000000 0.000000
 0.788333 1.000000 -0.000000 1.000000 1.183216 1.000000 0.000000
 0.789444 1.000000 0.000000 1.000000 1.183216 1.000000 0.000000
 0.790556 1.000000 -0.000000 1.000000 1.183216 1.000000 0.000000
 0.791667 1.000000 0.000000 1.000000 1.183216 1.000000 0.000000
 0.792778 1.000000 -0.000000 1.000000 1.183216 1.000000 0.000000
 0.793889 1.000000 0.000000 1.000000 1.183216 1.000000 0.000000
 0.795000 1.000000 -0.000000 1.000000 1.183216 1.000000 0.000000
 0.796111 1.000000 0.000000 1.000000 1.183216 1.000000 0.000000
 0.797222 1.000000 -0.000000 1.000000 1.183216 1.000000 0.000000
 0.798333 1.000000 0.000000 1.000000 1.183216 1.000000 0.000000
 0.799444 1.000000 -0.000000 1.000000 1.183216 1.000000 0.000000
 0.800556 1.000000 0.000000 1.000000 1.183216 1.000000 0.000000
 0.801667 1.000000 -0.000000 1.000000 1.183216 1.000000 0.000000
 0.802778 1.000000 0.000000 1.000000 1.183216 1.000000 0.000000
 0.803889 1.000000 -0.000000 1.000000 1.183216 1.000000 0.000000
 0.805000 1.000000 0.000000 1.000000 1.183216 1.000000 0.000000
 0.806111 1.000000 -0.000000 1.000000 1.183216 1.000000 0.000000
 0.807222 1.000000 0.000000 1.000000 1.183216 1.000000 0.000000
 0.808333 1.000000 -0.000000 1.000000 1.183216 1.000000 0.000000
 0.809444 1.000000 0.000000 1.000000 1.183216 1.000000 0.000000
 0.810556 1.000000 -0.000000 1.000000 1.183216 1.000000 0.000000
 0.811667 1.000000 0.000000 1.000000 1.183216 1.000000 0.000000
 0.812778 1.000000 -0.000000 1.000000 1.183216 1.000000 0.000000
 0.813889 1.000000 0.000000 1.000000 1.183216 1.000000 0.000000
 0.815000 1.000000 -0.000000 1.000000 1.183216 1.000000 0.000000
 0.816111 1.000000 0.000000 1.000000 1.183216 1.000000 0.000000
 0.817222 1.000000 -0.000000 1.000000 1.183216 1.000000 0.000000
 0.818333 1.000000 0.000000 1.000000 1.183216 1.000000 0.000000
 0.819444 1.000000 -0.000000 1.000000 1.183216 1.000000 0.000000
 0.820556 1.000000 0.000000 1.000000 1.183216 1.000000 0.000000
 0.821667 1.000000 -0.000000 1.000000 1.183216 1.000000 0.000000
 0.822778 1.000000 0.000000 1.000000 1.183216 1.000000 0.000000
 0.823889 1.000000 -0.000000 1.000000 1.183216 1.000000 0.000000
 0.825000 1.000000 0.000000 1.000000 1.183216 1.000000 0.000000
 0.826111 1.000000 -0.000000 1.000000 1.183216 1.000000 0.000000
 0.827222 1.000000 0.000000 1.000000 1.183216 1.000000 0.000000
 0.828333 1.000000 -0.000000 1.000000 1.183216 1.000000 0.000000
 0.829444 1.000000 0.000000 1.000000 1.183216 1.000000 0.000000
 0.830556 1.000000 -0.000000 1.000000 1.183216 1.000000 0.000000
 0.831667 1.000000 0.000000 1.000000 1.183216 1.000000 0.000000
 0.832778 1.000000 -0.000000 1.000000 1.183216 1.000000 0.000000
 0.833889 1.000000 0.000000 1.000000 1.183216 1.000000 0.000000
 0.835000 1.000000 -0.000000 1.000000 1.183216 1.000000 0.000000
 0.836111 1.000000 0.000000 1.000000 1.183216 1.000000 0.000000
 0.837222 1.000000 -0.000000 1.000000 1.183216 1.000000 0.000000
 0.838333 1.000000 0.000000 1.000000 1.183216 1.000000 0.000000
 0.839444 1.000000 -0.000000 1.000000 1.183216 1.000000 0.000000
 0.840556 1.000000 0.000000 1.000000 1.183216 1.000000 0.000000
 0.841667 1.000000 -0.000000 1.000000 1.183216 1.000000 0.000000
 0.842778 1.000000 0.000000 1.000000 1.183216 1.000000 0.000000
 0.843889 1.000000 -0.000000 1.000000 1.183216 1.000000 0.000000
 0.845000 1.000000 0.000000 1.000000 1.183216 1.000000 0.000000
 0.846111 1.000000 -0.000000 1.000000 1.183216 1.000000 0.000000
 0.847222 1.000000 0.000000 1.000000 1.183216 1.000000 0.000000
 0.848333 1.000000 -0.000000 1.000000 1.183216 1.000000 0.000000
 0.849444 1.000000 0.000000 1.000000 1.183216 1.000000 0.000000
 0.850556 1.000000 -0.000000 1.000000 1.183216 1.000000 0.000000
 0.851667 1.000000 0.000000 1.000000 1.183216 1.000000 0.000000
 0.852778 1.000000 -0.000000 1.000000 1.183216 1.000000 0.000000
 0.853889 1.000000 0.000000 1.000000 1.183216 1.000000 0.000000
 0.855000 1.000000 -0.000000 1.000000 1.183216 1.000000 0.000000
 0.856111 1.000000 0.000000 1.000000 1.183216 1.000000 0.000000
 0.857222 1.000000 -0.000000 1.000000 1.183216 1.000000 0.000000
 0.858333 1.000000 0.000000 1.000000 1.183216 1.000000 0.000000
 0.859444 1.000000 -0.000000 1.000000 1.183216 1.000000 0.000000
 0.860556 1.000000 0.000000 1.000000 1.183216 1.000000 0.000000
 0.861667 1.000000 -0.000000 1.000000 1.183216 1.000000 0.000000
 0.862778 1.000000 0.000000 1.000000 1.183216 1.000000 0.000000
 0.863889 1.000000 -0.000000 1.000000 1.183216 1.000000 0.000000
 0.865000 1.000000 0.000000 1.000000 1.183216 1.000000 0.000000
 0.866111 1.000000 -0.000000 1.000000 1.183216 1.000000 0.000000
 0.867222 1.000000 0.000000 1.000000 1.183216 1.000000 0.000000
 0.868333 1.000000 -0.000000 1.000000 1.183216 1.000000 0.000000
 0.869444 1.000000 0.000000 1.000000 1.183216 1.000000 0.000000
 0.870556 1.000000 -0.000000 1.000000 1.183216 1.000000 0.000000
 0.871667 1.000000 0.000000 1.000000 1.183216 1.000000 0.000000
 0.872778 1.000000 -0.000000 1.000000 1.183216 1.000000 0.000000
 0.873889 1.000000 0.000000 1.000000 1.183216 1.000000 0.000000
 0.875000 1.000000 -0.000000 1.000000 1.183216 1.000000 0.000000
 0.876111 1.000000 0.000000 1.000000 1.183216 1.000000 0.000000
 0.877222 1.000000 -0.000000 1.000000 1.183216 1.000000 0.000000
 0.878333 1.000000 0.000000 1.000000 1.183216 1.000000 0.000000
 0.879444 1.000000 -0.000000 1.000000 1.183216 1.000000 0.000000
 0.880556 1.000000 0.000000 1.000000 1.183216 1.000000 0.000000
 0.881667 1.000000 -0.000000 1.000000 1.183216 1.000000 0.000000
 0.882778 1.000000 0.000000 1.000000 1.183216 1.000000 0.000000
 0.883889 1.000000 -0.000000 1.000000 1.183216 1.000000 0.000000
 0.885000 1.000000 0.000000 1.000000 1.183216 1.000000 0.000000
 0.886111 1.000000 -0.000000 1.000000 1.183216 1.000000 0.000000
 0.887222 1.000000 0.000000 1.000000 1.183216 1.000000 0.000000
 0.888333 1.000000 -0.000000 1.000000 1.183216 1.000000 0.000000
 0.889444 1.000000 0.000000 1.000000 1.183216 1.000000 0.000000
 0.890556 1.000000 -0.000000 1.000000 1.183216 1.000000 0.000000
 0.891667 1.000000 0.000000 1.000000 1.183216 1.000000 0.000000
 0.892778 1.000000 -0.000000 1.000000 1.183216 1.000000 0.000000
 0.893889 1.000000 0.000000 1.000000 1.183216 1.000000 0.000000
 0.895000 1.000000 -0.000000 1.000000 1.183216 1.000000 0.000000
 0.896111 1.000000 0.000000 1.000000 1.183216 1.000000 0.000000
 0.897222 1.000000 -0.000000 1.000000 1.183216 1.000000 0.000000
 0.898333 1.000000 0.000000 1.000000 1.183216 1.000000 0.000000
 0.899444 1.000000 -0.000000 1.000000 1.183216 1.000000 0.000000
 0.900556 1.000000 0.000000 1.000000 1.183216 1.000000 0.000000
 0.901667 1.000000 -0.000000 1.000000 1.183216 1.000000 0.000000
 0.902778 1.000000 0.000000 1.000000 1.183216 1.000000 0.000000
 0.903889 1.000000 -0.000000 1.000000 1.183216 1.000000 0.000000
 0.905000 1.000000 0.000000 1.000000 1.183216 1.000000 0.000000
 0.906111 1.000000 -0.000000 1.000000 1.183216 1.000000 0.000000
 0.907222 1.000000 0.000000 1.000000 1.183216 1.000000 0.000000
 0.908333 1.000000 -0.000000 1.000000 1.183216 1.000000 0.000000
 0.909444 1.000000 0.000000 1.000000 1.183216 1.000000 0.000000
 0.910556 1.000000 -0.000000 1.000000 1.183216 1.000000 0.000000
 0.911667 1.000000 0.000000 1.000000 1.183216 1.000000 0.000000
 0.912778 1.000000 -0.000000 1.000000 1.183216 1.000000 0.000000
 0.913889 1.000000 0.000000 1.000000 1.183216 1.000000 0.000000
 0.915000 1.000000 -0.000000 1.000000 1.183216 1.000000 0.000000
 0.916111 1.000000 0.000000 1.000000 1.183216 1.000000 0.000000
 0.917222 1.000000 -0.000000 1.000000 1.183216 1.000000 0.000000
 0.918333 1.000000 0.000000 1.000000 1.183216 1.000000 0.000000
 0.919444 1.000000 -0.000000 1.000000 1.183216 1.000000 0.000000
 0.920556 1.000000 0.000000 1.000000 1.183216 1.000000 0.000000
 0.921667 1.000000 -0.000000 1.000000 1.183216 1.000000 0.000000
 0.922778 1.000000 0.000000 1.000000 1.183216 1.000000 0.000000
 0.923889 1.000000 -0.000000 1.000000 1.183216 1.000000 0.000000
 0.925000 1.000000 0.000000 1.000000 1.183216 1.000000 0.000000
 0.926111 1.000000 -0.000000 1.000000 1.183216 1.000000 0.000000
 0.927222 1.000000 0.000000 1.000000 1.183216 1.000000 0.000000
 0.928333 1.000000 -0.000000 1.000000 1.183216 1.000000 0.000000
 0.929444 1.000000 0.000000 1.000000 1.183216 1.000000 0.000000
 0.930556 1.000000 0.000000 1.000000 1.183216 1.000000 0.000000
 0.931667 1.000000 0.000000 1.000000 1.183216 1.000000 0.000000
 0.932778 1.000000 0.000000 1.000000 1.183216 1.000000 0.000000
 0.933889 1.000000 0.000000 1.000000 1.183216 1.000000 0.000000
 0.935000 1.000000 0.000000 1.000000 1.183216 1.000000 0.000000
 0.936111 1.000000 0.000000 1.000000 1.183216 1.000000 0.000000
 0.937222 1.000000 0.000000 1.000000 1.183216 1.000000 0.000000
 0.938333 1.000000 0.000000 1.000000 1.183216 1.000000 0.000000
 0.939444 1.000000 0.000000 1.000000 1.183216 1.000000 0.000000
 0.940556 1.000000 0.000000 1.000000 1.183216 1.000000 0.000000
 0.941667 1.000000 0.000000 1.000000 1.183216 1.000000 0.000000
 0.942778 1.000000 0.000000 1.000000 1.183216 1.000000 0.000000
 0.943889 1.000000 0.000000 1.000000 1.183216 1.000000 0.000000
 0.945000 1.000000 0.000000 1.000000 1.183216 1.000000 0.000000
 0.946111 1.000000 0.000000 1.000000 1.183216 1.000000 0.000000
 0.947222 1.000000 0.000000 1.000000 1.183216 1.000000 0.000000
 0.948333 1.000000 0.000000 1.000000 1.183216 1.000000 0.000000
 0.949444 1.000000 0.000000 1.000000 1.183216 1.000000 0.000000
 0.950556 1.000000 0.000000 1.000000 1.183216 1.000000 0.000000
 0.951667 1.000000 0.000000 1.000000 1.183216 1.000000 0.000000
 0.952778 1.000000 0.000000 1.000000 1.183216 1.000000 0.000000
 0.953889 1.000000 0.000000 1.000000 1.183216 1.000000 0.000000
 0.955000 1.000000 0.000000 1.000000 1.183216 1.000000 0.000000
 0.956111 1.000000 0.000000 1.000000 1.183216 1.000000 0.000000
 0.957222 1.000000 0.000000 1.000000 1.183216 1.000000 0.000000
 0.958333 1.000000 0.000000 1.000000 1.183216 1.000000 0.000000
 0.959444 1.000000 0.000000 1.000000 1.183216 1.000000 0.000000
 0.960556 1.000000 0.000000 1.000000 1.183216 1.000000 0.000000
 0.961667 1.000000 0.000000 1.000000 1.183216 1.000000 0.000000
 0.962778 1.000000 0.000000 1.000000 1.183216 1.000000 0.000000
 0.963889 1.000000 0.000000 1.000000 1.183216 1.000000 0.000000
 0.965000 1.000000 0.000000 1.000000 1.183216 1.000000 0.000000
 0.966111 1.000000 0.000000 1.000000 1.183216 1.000000 0.000000
 0.967222 1.000000 0.000000 1.000000 1.183216 1.000000 0.000000
 0.968333 1.000000 0.000000 1.000000 1.183216 1.000000 0.000000
 0.969444 1.000000 0.000000 1.000000 1.183216 1.000000 0.000000
 0.970556 1.000000 0.000000 1.000000 1.183216 1.000000 0.000000
 0.971667 1.000000 0.000000 1.000000 1.183216 1.000000 0.000000
 0.972778 1.000000 0.000000 1.000000 1.183216 1.000000 0.000000
 0.973889 1.000000 0.000000 1.000000 1.183216 1.000000 0.000000
 0.975000 1.000000 0.000000 1.000000 1.183216 1.000000 0.000000
 0.976111 1.000000 0.000000 1.000000 1.183216 1.000000 0.000000
 0.977222 1.000000 0.000000 1.000000 1.183216 1.000000 0.000000
 0.978333 1.000000 0.000000 1.000000 1.183216 1.000000 0.000000
 0.979444 1.000000 0.000000 1.000000 1.183216 1.000000 0.000000
 0.980556 1.000000 0.000000 1.000000 1.183216 1.000000 0.000000
 0.981667 1.000000 0.000000 1.000000 1.183216 1.000000 0.000000
 0.982778 1.000000 0.000000 1.000000 1.183216 1.000000 0.000000
 0.983889 1.000000 0.000000 1.000000 1.183216 1.000000 0.000000
 0.985000 1.000000 0.000000 1.000000 1.183216 1.000000 0.000000
 0.986111 1.000000 0.000000 1.000000 1.183216 1.000000 0.000000
 0.987222 1.000000 0.000000 1.000000 1.183216 1.000000 0.000000
 0.988333 1.000000 0.000000 1.000000 1.183216 1.000000 0.000000
 0.989444 1.000000 0.000000 1.000000 1.183216 1.000000 0.000000
 0.990556 1.000000 0.000000 1.000000 1.183216 1.000000 0.000000
 0.991667 1.000000 0.000000 1.000000 1.183216 1.000000 0.000000
 0.992778 1.000000 0.000000 1.000000 1.183216 1.000000 0.000000
 0.993889 1.000000 0.000000 1.000000 1.183216 1.000000 0.000000
 0.995000 1.000000 0.000000 1.000000 1.183216 1.000000 0.000000
 0.996111 1.000000 0.000000 1.000000 1.183216 1.000000 0.000000
 0.997222 1.000000 0.000000 1.000000 1.183216 1.000000 0.000000
 0.998333 1.000000 0.000000 1.000000 1.183216 1.000000 0.000000
 0.999444 1.000000 0.000000 1.000000 1.183216 1.000000 0.000000
