Timer: 0.039900
 0.000556 1.000000 -1.000000 1.000000 1.183216 1.000000 0.000000
 0.001667 1.000000 -1.000000 1.000000 1.183216 1.000000 0.000000
 0.002778 1.000000 -1.000000 1.000000 1.183216 1.000000 0.000000
 0.003889 1.000000 -1.000000 1.000000 1.183216 1.000000 0.000000
 0.005000 1.000000 -1.000000 1.000000 1.183216 1.000000 0.000000
 0.006111 1.000000 -1.000000 1.000000 1.183216 1.000000 0.000000
 0.007222 1.000000 -1.000000 1.000000 1.183216 1.000000 0.000000
 0.008333 1.000000 -1.000000 1.000000 1.183216 1.000000 0.000000
 0.009444 1.000000 -1.000000 1.000000 1.183216 1.000000 0.000000
 0.010556 1.000000 -1.000000 1.000000 1.183216 1.000000 0.000000
 0.011667 1.000000 -1.000000 1.000000 1.183216 1.000000 0.000000
 0.012778 1.000000 -1.000000 1.000000 1.183216 1.000000 0.000000
 0.013889 1.000000 -1.000000 1.000000 1.183216 1.000000 0.000000
 0.015000 1.000000 -1.000000 1.000000 1.183216 1.000000 0.000000
 0.016111 1.000000 -1.000000 1.000000 1.183216 1.000000 0.000000
 0.017222 1.000000 -1.000000 1.000000 1.183216 1.000000 0.000000
 0.018333 1.000000 -1.000000 1.000000 1.183216 1.000000 0.000000
 0.019444 1.000000 -1.000000 1.000000 1.183216 1.000000 0.000000
 0.020556 1.000000 -1.000000 1.000000 1.183216 1.000000 0.000000
 0.021667 1.000000 -1.000000 1.000000 1.183216 1.000000 0.000000
 0.022778 1.000000 -1.000000 1.000000 1.183216 1.000000 0.000000
 0.023889 1.000000 -1.000000 1.000000 1.183216 1.000000 0.000000
 0.025000 1.000000 -1.000000 1.000000 1.183216 1.000000 0.000000
 0.026111 1.000000 -1.000000 1.000000 1.183216 1.000000 0.000000
 0.027222 1.000000 -1.000000 1.000000 1.183216 1.000000 0.000000
 0.028333 1.000000 -1.000000 1.000000 1.183216 1.000000 0.000000
 0.029444 1.000000 -1.000000 1.000000 1.183216 1.000000 0.000000
 0.030556 1.000000 -1.000000 1.000000 1.183216 1.000000 0.000000
 0.031667 1.000000 -1.000000 1.000000 1.183216 1.000000 0.000000
 0.032778 1.000000 -1.000000 1.000000 1.183216 1.000000 0.000000
 0.033889 1.000000 -1.000000 1.000000 1.183216 1.000000 0.000000
 0.035000 1.000000 -1.000000 1.000000 1.183216 1.000000 0.000000
 0.036111 1.000000 -1.000000 1.000000 1.183216 1.000000 0.000000
 0.037222 1.000000 -1.000000 1.000000 1.183216 1.000000 0.000000
 0.038333 1.000000 -1.000000 1.000000 1.183216 1.000000 0.000000
 0.039444 1.000000 -1.000000 1.000000 1.183216 1.000000 0.000000
 0.040556 1.000000 -1.000000 1.000000 1.183216 1.000000 0.000000
 0.041667 1.000000 -1.000000 1.000000 1.183216 1.000000 0.000000
 0.042778 1.000000 -1.000000 1.000000 1.183216 1.000000 0.000000
 0.043889 1.000000 -1.000000 1.000000 1.183216 1.000000 0.000000
 0.045000 1.000000 -1.000000 1.000000 1.183216 1.000000 0.000000
 0.046111 1.000000 -1.000000 1.000000 1.183216 1.000000 0.000000
 0.047222 1.000000 -1.000000 1.000000 1.183216 1.000000 0.000000
 0.048333 1.000000 -1.000000 1.000000 1.183216 1.000000 0.000000
 0.049444 1.000000 -1.000000 1.000000 1.183216 1.000000 0.000000
 0.050556 1.000000 -1.000000 1.000000 1.183216 1.000000 0.000000
 0.051667 1.000000 -1.000000 1.000000 1.183216 1.000000 0.000000
 0.052778 1.000000 -1.000000 1.000000 1.183216 1.000000 0.000000
 0.053889 1.000000 -1.000000 1.000000 1.183216 1.000000 0.000000
 0.055000 1.000000 -1.000000 1.000000 1.183216 1.000000 0.000000
 0.056111 1.000000 -1.000000 1.000000 1.183216 1.000000 0.000000
 0.057222 1.000000 -1.000000 1.000000 1.183216 1.000000 0.000000
 0.058333 1.000000 -1.000000 1.000000 1.183216 1.000000 0.000000
 0.059444 1.000000 -1.000000 1.000000 1.183216 1.000000 0.000000
 0.060556 1.000000 -1.000000 1.000000 1.183216 1.000000 0.000000
 0.061667 1.000000 -1.000000 1.000000 1.183216 1.000000 0.000000
 0.062778 1.000000 -1.000000 1.000000 1.183216 1.000000 0.000000
 0.063889 1.000000 -1.000000 1.000000 1.183216 1.000000 0.000000
 0.065000 1.000000 -1.000000 1.000000 1.183216 1.000000 0.000000
 0.066111 1.000000 -1.000000 1.000000 1.183216 1.000000 0.000000
 0.067222 1.000000 -1.000000 1.000000 1.183216 1.000000 0.000000
 0.068333 1.000000 -1.000000 1.000000 1.183216 1.000000 0.000000
 0.069444 1.000000 -1.000000 1.000000 1.183216 1.000000 0.000000
 0.070556 1.000000 -1.000000 1.000000 1.183216 1.000000 0.000000
 0.071667 1.000000 -1.000000 1.000000 1.183216 1.000000 0.000000
 0.072778 1.000000 -1.000000 1.000000 1.183216 1.000000 0.000000
 0.073889 1.000000 -1.000000 1.000000 1.183216 1.000000 0.000000
 0.075000 1.000000 -1.000000 1.000000 1.183216 1.000000 0.000000
 0.076111 1.000000 -1.000000 1.000000 1.183216 1.000000 0.000000
 0.077222 1.000000 -1.000000 1.000000 1.183216 1.000000 0.000000
 0.078333 1.000000 -1.000000 1.000000 1.183216 1.000000 0.000000
 0.079444 1.000000 -1.000000 1.000000 1.183216 1.000000 0.000000
 0.080556 1.000000 -1.000000 1.000000 1.183216 1.000000 0.000000
 0.081667 1.000000 -1.000000 1.000000 1.183216 1.000000 0.000000
 0.082778 1.000000 -1.000000 1.000000 1.183216 1.000000 0.000000
 0.083889 1.000000 -1.000000 1.000000 1.183216 1.000000 0.000000
 0.085000 1.000000 -1.000000 1.000000 1.183216 1.000000 0.000000
 0.086111 1.000000 -1.000000 1.000000 1.183216 1.000000 0.000000
 0.087222 1.000000 -1.000000 1.000000 1.183216 1.000000 0.000000
 0.088333 1.000000 -1.000000 1.000000 1.183216 1.000000 0.000000
 0.089444 1.000000 -1.000000 1.000000 1.183216 1.000000 0.000000
 0.090556 1.000000 -1.000000 1.000000 1.183216 1.000000 0.000000
 0.091667 1.000000 -1.000000 1.000000 1.183216 1.000000 0.000000
 0.092778 1.000000 -1.000000 1.000000 1.183216 1.000000 0.000000
 0.093889 1.000000 -1.000000 1.000000 1.183216 1.000000 0.000000
 0.095000 1.000000 -1.000000 1.000000 1.183216 1.000000 0.000000
 0.096111 1.000000 -1.000000 1.000000 1.183216 1.000000 0.000000
 0.097222 1.000000 -1.000000 1.000000 1.183216 1.000000 0.000000
 0.098333 1.000000 -1.000000 1.000000 1.183216 1.000000 0.000000
 0.099444 1.000000 -1.000000 1.000000 1.183216 1.000000 0.000000
 0.100556 1.000000 -1.000000 1.000000 1.183216 1.000000 0.000000
 0.101667 1.000000 -1.000000 1.000000 1.183216 1.000000 0.000000
 0.102778 1.000000 -1.000000 1.000000 1.183216 1.000000 0.000000
 0.103889 1.000000 -1.000000 1.000000 1.183216 1.000000 0.000000
 0.105000 1.000000 -1.000000 1.000000 1.183216 1.000000 0.000000
 0.106111 1.000000 -1.000000 1.000000 1.183216 1.000000 0.000000
 0.107222 1.000000 -1.000000 1.000000 1.183216 1.000000 0.000000
 0.108333 1.000000 -1.000000 1.000000 1.183216 1.000000 0.000000
 0.109444 1.000000 -1.000000 1.000000 1.183216 1.000000 0.000000
 0.110556 1.000000 -1.000000 1.000000 1.183216 1.000000 0.000000
 0.111667 1.000000 -1.000000 1.000000 1.183216 1.000000 0.000000
 0.112778 1.000000 -1.000000 1.000000 1.183216 1.000000 0.000000
 0.113889 1.000000 -1.000000 1.000000 1.183216 1.000000 0.000000
 0.115000 1.000000 -1.000000 1.000000 1.183216 1.000000 0.000000
 0.116111 1.000000 -1.000000 1.000000 1.183216 1.000000 0.000000
 0.117222 1.000000 -1.000000 1.000000 1.183216 1.000000 0.000000
 0.118333 1.000000 -1.000000 1.000000 1.183216 1.000000 0.000000
 0.119444 1.000000 -1.000000 1.000000 1.183216 1.000000 0.000000
 0.120556 1.000000 -1.000000 1.000000 1.183216 1.000000 0.000000
 0.121667 1.000000 -1.000000 1.000000 1.183216 1.000000 0.000000
 0.122778 1.000000 -1.000000 1.000000 1.183216 1.000000 0.000000
 0.123889 1.000000 -1.000000 1.000000 1.183216 1.000000 0.000000
 0.125000 1.000000 -1.000000 1.000000 1.183216 1.000000 0.000000
 0.126111 1.000000 -1.000000 1.000000 1.183216 1.000000 0.000000
 0.127222 1.000000 -1.000000 1.000000 1.183216 1.000000 0.000000
 0.128333 1.000000 -1.000000 1.000000 1.183216 1.000000 0.000000
 0.129444 1.000000 -1.000000 1.000000 1.183216 1.000000 0.000000
 0.130556 1.000000 -1.000000 1.000000 1.183216 1.000000 0.000000
 0.131667 1.000000 -1.000000 1.000000 1.183216 1.000000 0.000000
 0.132778 1.000000 -1.000000 1.000000 1.183216 1.000000 0.000000
 0.133889 1.000000 -1.000000 1.000000 1.183216 1.000000 0.000000
 0.135000 1.000000 -1.000000 1.000000 1.183216 1.000000 0.000000
 0.136111 1.000000 -1.000000 1.000000 1.183216 1.000000 0.000000
 0.137222 1.000000 -1.000000 1.000000 1.183216 1.000000 0.000000
 0.138333 1.000000 -1.000000 1.000000 1.183216 1.000000 0.000000
 0.139444 1.000000 -1.000000 1.000000 1.183216 1.000000 0.000000
 0.140556 1.000000 -1.000000 1.000000 1.183216 1.000000 0.000000
 0.141667 1.000000 -1.000000 1.000000 1.183216 1.000000 0.000000
 0.142778 1.000000 -1.000000 1.000000 1.183216 1.000000 0.000000
 0.143889 1.000000 -1.000000 1.000000 1.183216 1.000000 0.000000
 0.145000 1.000000 -1.000000 1.000000 1.183216 1.000000 0.000000
 0.146111 1.000000 -1.000000 1.000000 1.183216 1.000000 0.000000
 0.147222 1.000000 -1.000000 1.000000 1.183216 1.000000 0.000000
 0.148333 1.000000 -1.000000 1.000000 1.183216 1.000000 0.000000
 0.149444 1.000000 -1.000000 1.000000 1.183216 1.000000 0.000000
 0.150556 1.000000 -1.000000 1.000000 1.183216 1.000000 0.000000
 0.151667 1.000000 -1.000000 1.000000 1.183216 1.000000 0.000000
 0.152778 1.000000 -1.000000 1.000000 1.183216 1.000000 0.000000
 0.153889 1.000000 -1.000000 1.000000 1.183216 1.000000 0.000000
 0.155000 1.000000 -1.000000 1.000000 1.183216 1.000000 0.000000
 0.156111 1.000000 -1.000000 1.000000 1.183216 1.000000 0.000000
 0.157222 1.000000 -1.000000 1.000000 1.183216 1.000000 0.000000
 0.158333 1.000000 -1.000000 1.000000 1.183216 1.000000 0.000000
 0.159444 1.000000 -1.000000 1.000000 1.183216 1.000000 0.000000
 0.160556 1.000000 -1.000000 1.000000 1.183216 1.000000 0.000000
 0.161667 1.000000 -1.000000 1.000000 1.183216 1.000000 0.000000
 0.162778 1.000000 -1.000000 1.000000 1.183216 1.000000 0.000000
 0.163889 1.000000 -1.000000 1.000000 1.183216 1.000000 0.000000
 0.165000 1.000000 -1.000000 1.000000 1.183216 1.000000 0.000000
 0.166111 1.000000 -1.000000 1.000000 1.183216 1.000000 0.000000
 0.167222 1.000000 -1.000000 1.000000 1.183216 1.000000 0.000000
 0.168333 1.000000 -1.000000 1.000000 1.183216 1.000000 0.000000
 0.169444 1.000000 -1.000000 1.000000 1.183216 1.000000 0.000000
 0.170556 1.000000 -1.000000 1.000000 1.183216 1.000000 0.000000
 0.171667 1.000000 -1.000000 1.000000 1.183216 1.000000 0.000000
 0.172778 1.000000 -1.000000 1.000000 1.183216 1.000000 0.000000
 0.173889 1.000000 -1.000000 1.000000 1.183216 1.000000 0.000000
 0.175000 1.000000 -1.000000 1.000000 1.183216 1.000000 0.000000
 0.176111 1.000000 -1.000000 1.000000 1.183216 1.000000 0.000000
 0.177222 1.000000 -1.000000 1.000000 1.183216 1.000000 0.000000
 0.178333 1.000000 -1.000000 1.000000 1.183216 1.000000 0.000000
 0.179444 1.000000 -1.000000 1.000000 1.183216 1.000000 0.000000
 0.180556 1.000000 -1.000000 1.000000 1.183216 1.000000 0.000000
 0.181667 1.000000 -1.000000 1.000000 1.183216 1.000000 0.000000
 0.182778 1.000000 -1.000000 1.000000 1.183216 1.000000 0.000000
 0.183889 1.000000 -1.000000 1.000000 1.183216 1.000000 0.000000
 0.185000 1.000000 -1.000000 1.000000 1.183216 1.000000 0.000000
 0.186111 1.000000 -1.000000 1.000000 1.183216 1.000000 0.000000
 0.187222 1.000000 -1.000000 1.000000 1.183216 1.000000 0.000000
 0.188333 1.000000 -1.000000 1.000000 1.183216 1.000000 0.000000
 0.189444 1.000000 -1.000000 1.000000 1.183216 1.000000 0.000000
 0.190556 1.000000 -1.000000 1.000000 1.183216 1.000000 0.000000
 0.191667 1.000000 -1.000000 1.000000 1.183216 1.000000 0.000000
 0.192778 1.000000 -1.000000 1.000000 1.183216 1.000000 0.000000
 0.193889 1.000000 -1.000000 1.000000 1.183216 1.000000 0.000000
 0.195000 1.000000 -1.000000 1.000000 1.183216 1.000000 0.000000
 0.196111 1.000000 -1.000000 1.000000 1.183216 1.000000 0.000000
 0.197222 1.000000 -1.000000 1.000000 1.183216 1.000000 0.000000
 0.198333 1.000000 -1.000000 1.000000 1.183216 1.000000 0.000000
 0.199444 1.000000 -1.000000 1.000000 1.183216 1.000000 0.000000
 0.200556 1.000000 -1.000000 1.000000 1.183216 1.000000 0.000000
 0.201667 1.000000 -1.000000 1.000000 1.183216 1.000000 0.000000
 0.202778 1.000000 -1.000000 1.000000 1.183216 1.000000 0.000000
 0.203889 1.000000 -1.000000 1.000000 1.183216 1.000000 0.000000
 0.205000 1.000000 -1.000000 1.000000 1.183216 1.000000 0.000000
 0.206111 1.000000 -1.000000 1.000000 1.183216 1.000000 0.000000
 0.207222 1.000000 -1.000000 1.000000 1.183216 1.000000 0.000000
 0.208333 1.000000 -1.000000 1.000000 1.183216 1.000000 0.000000
 0.209444 1.000000 -1.000000 1.000000 1.183216 1.000000 0.000000
 0.210556 1.000000 -1.000000 1.000000 1.183216 1.000000 0.000000
 0.211667 1.000000 -1.000000 1.000000 1.183216 1.000000 0.000000
 0.212778 1.000000 -1.000000 1.000000 1.183216 1.000000 0.000000
 0.213889 1.000000 -1.000000 1.000000 1.183216 1.000000 0.000000
 0.215000 1.000000 -1.000000 1.000000 1.183216 1.000000 0.000000
 0.216111 1.000000 -1.000000 1.000000 1.183216 1.000000 0.000000
 0.217222 1.000000 -1.000000 1.000000 1.183216 1.000000 0.000000
 0.218333 1.000000 -1.000000 1.000000 1.183216 1.000000 0.000000
 0.219444 1.000000 -1.000000 1.000000 1.183216 1.000000 0.000000
 0.220556 1.000000 -1.000000 1.000000 1.183216 1.000000 0.000000
 0.221667 1.000000 -1.000000 1.000000 1.183216 1.000000 0.000000
 0.222778 1.000000 -1.000000 1.000000 1.183216 1.000000 0.000000
 0.223889 1.000000 -1.000000 1.000000 1.183216 1.000000 0.000000
 0.225000 1.000000 -1.000000 1.000000 1.183216 1.000000 0.000000
 0.226111 1.000000 -1.000000 1.000000 1.183216 1.000000 0.000000
 0.227222 1.000000 -1.000000 1.000000 1.183216 1.000000 0.000000
 0.228333 1.000000 -1.000000 1.000000 1.183216 1.000000 0.000000
 0.229444 1.000000 -1.000000 1.000000 1.183216 1.000000 0.000000
 0.230556 1.000000 -1.000000 1.000000 1.183216 1.000000 0.000000
 0.231667 1.000000 -1.000000 1.000000 1.183216 1.000000 0.000000
 0.232778 1.000000 -1.000000 1.000000 1.183216 1.000000 0.000000
 0.233889 1.000000 -1.000000 1.000000 1.183216 1.000000 0.000000
 0.235000 1.000000 -1.000000 1.000000 1.183216 1.000000 0.000000
 0.236111 1.000000 -1.000000 1.000000 1.183216 1.000000 0.000000
 0.237222 1.000000 -1.000000 1.000000 1.183216 1.000000 0.000000
 0.238333 1.000000 -1.000000 1.000000 1.183216 1.000000 0.000000
 0.239444 1.000000 -1.000000 1.000000 1.183216 1.000000 0.000000
 0.240556 1.000000 -1.000000 1.000000 1.183216 1.000000 0.000000
 0.241667 1.000000 -1.000000 1.000000 1.183216 1.000000 0.000000
 0.242778 1.000000 -1.000000 1.000000 1.183216 1.000000 0.000000
 0.243889 1.000000 -1.000000 1.000000 1.183216 1.000000 0.000000
 0.245000 1.000000 -1.000000 1.000000 1.183216 1.000000 0.000000
 0.246111 1.000000 -1.000000 1.000000 1.183216 1.000000 0.000000
 0.247222 1.000000 -1.000000 1.000000 1.183216 1.000000 0.000000
 0.248333 1.000000 -1.000000 1.000000 1.183216 1.000000 0.000000
 0.249444 1.000000 -1.000000 1.000000 1.183216 1.000000 0.000000
 0.250556 1.000000 -1.000000 1.000000 1.183216 1.000000 0.000000
 0.251667 1.000000 -1.000000 1.000000 1.183216 1.000000 0.000000
 0.252778 1.000000 -1.000000 1.000000 1.183216 1.000000 0.000000
 0.253889 1.000000 -1.000000 1.000000 1.183216 1.000000 0.000000
 0.255000 1.000000 -1.000000 1.000000 1.183216 1.000000 0.000000
 0.256111 1.000000 -1.000000 1.000000 1.183216 1.000000 0.000000
 0.257222 1.000000 -1.000000 1.000000 1.183216 1.000000 0.000000
 0.258333 1.000000 -1.000000 1.000000 1.183216 1.000000 0.000000
 0.259444 1.000000 -1.000000 1.000000 1.183216 1.000000 0.000000
 0.260556 1.000000 -1.000000 1.000000 1.183216 1.000000 0.000000
 0.261667 1.000000 -1.000000 1.000000 1.183216 1.000000 0.000000
 0.262778 1.000000 -1.000000 1.000000 1.183216 1.000000 0.000000
 0.263889 1.000000 -1.000000 1.000000 1.183216 1.000000 0.000000
 0.265000 1.000000 -1.000000 1.000000 1.183216 1.000000 0.000000
 0.266111 1.000000 -1.000000 1.000000 1.183216 1.000000 0.000000
 0.267222 1.000000 -1.000000 1.000000 1.183216 1.000000 0.000000
 0.268333 1.000000 -1.000000 1.000000 1.183216 1.000000 0.000000
 0.269444 1.000000 -1.000000 1.000000 1.183216 1.000000 0.000000
 0.270556 1.000000 -1.000000 1.000000 1.183216 1.000000 0.000000
 0.271667 1.000000 -1.000000 1.000000 1.183216 1.000000 0.000000
 0.272778 1.000000 -1.000000 1.000000 1.183216 1.000000 0.000000
 0.273889 1.000000 -1.000000 1.000000 1.183216 1.000000 0.000000
 0.275000 1.000000 -1.000000 1.000000 1.183216 1.000000 0.000000
 0.276111 1.000000 -1.000000 1.000000 1.183216 1.000000 0.000000
 0.277222 1.000000 -1.000000 1.000000 1.183216 1.000000 0.000000
 0.278333 1.000000 -1.000000 1.000000 1.183216 1.000000 0.000000
 0.279444 1.000000 -1.000000 1.000000 1.183216 1.000000 0.000000
 0.280556 1.000000 -1.000000 1.000000 1.183216 1.000000 0.000000
 0.281667 1.000000 -1.000000 1.000000 1.183216 1.000000 0.000000
 0.282778 1.000000 -1.000000 1.000000 1.183216 1.000000 0.000000
 0.283889 1.000000 -1.000000 1.000000 1.183216 1.000000 0.000000
 0.285000 1.000000 -1.000000 1.000000 1.183216 1.000000 0.000000
 0.286111 1.000000 -1.000000 1.000000 1.183216 1.000000 0.000000
 0.287222 1.000000 -1.000000 1.000000 1.183216 1.000000 0.000000
 0.288333 1.000000 -1.000000 1.000000 1.183216 1.000000 0.000000
 0.289444 1.000000 -1.000000 1.000000 1.183216 1.000000 0.000000
 0.290556 1.000000 -1.000000 1.000000 1.183216 1.000000 0.000000
 0.291667 1.000000 -1.000000 1.000000 1.183216 1.000000 0.000000
 0.292778 1.000000 -1.000000 1.000000 1.183216 1.000000 0.000000
 0.293889 1.000000 -1.000000 1.000000 1.183216 1.000000 0.000000
 0.295000 1.000000 -1.000000 1.000000 1.183216 1.000000 0.000000
 0.296111 1.000000 -1.000000 1.000000 1.183216 1.000000 0.000000
 0.297222 1.000000 -1.000000 1.000000 1.183216 1.000000 0.000000
 0.298333 1.000000 -1.000000 1.000000 1.183216 1.000000 0.000000
 0.299444 1.000000 -1.000000 1.000000 1.183216 1.000000 0.000000
 0.300556 1.000000 -1.000000 1.000000 1.183216 1.000000 0.000000
 0.301667 1.000000 -1.000000 1.000000 1.183216 1.000000 0.000000
 0.302778 1.000000 -1.000000 1.000000 1.183216 1.000000 0.000000
 0.303889 1.000000 -1.000000 1.000000 1.183216 1.000000 0.000000
 0.305000 1.000000 -1.000000 1.000000 1.183216 1.000000 0.000000
 0.306111 1.000000 -1.000000 1.000000 1.183216 1.000000 0.000000
 0.307222 1.000000 -1.000000 1.000000 1.183216 1.000000 0.000000
 0.308333 1.000000 -1.000000 1.000000 1.183216 1.000000 0.000000
 0.309444 1.000000 -1.000000 1.000000 1.183216 1.000000 0.000000
 0.310556 1.000000 -1.000000 1.000000 1.183216 1.000000 0.000000
 0.311667 1.000000 -1.000000 1.000000 1.183216 1.000000 0.000000
 0.312778 1.000000 -1.000000 1.000000 1.183216 1.000000 0.000000
 0.313889 1.000000 -1.000000 1.000000 1.183216 1.000000 0.000000
 0.315000 1.000000 -1.000000 1.000000 1.183216 1.000000 0.000000
 0.316111 1.000000 -1.000000 1.000000 1.183216 1.000000 0.000000
 0.317222 1.000000 -1.000000 1.000000 1.183216 1.000000 0.000000
 0.318333 1.000000 -1.000000 1.000000 1.183216 1.000000 0.000000
 0.319444 1.000000 -1.000000 1.000000 1.183216 1.000000 0.000000
 0.320556 1.000000 -1.000000 1.000000 1.183216 1.000000 0.000000
 0.321667 1.000000 -1.000000 1.000000 1.183216 1.000000 0.000000
 0.322778 1.000000 -1.000000 1.000000 1.183216 1.000000 0.000000
 0.323889 1.000000 -1.000000 1.000000 1.183216 1.000000 0.000000
 0.325000 1.000000 -1.000000 1.000000 1.183216 1.000000 0.000000
 0.326111 1.000000 -1.000000 1.000000 1.183216 1.000000 0.000000
 0.327222 1.000000 -1.000000 1.000000 1.183216 1.000000 0.000000
 0.328333 1.000000 -1.000000 1.000000 1.183216 1.000000 0.000000
 0.329444 1.000000 -1.000000 1.000000 1.183216 1.000000 0.000000
 0.330556 1.000000 -1.000000 1.000000 1.183216 1.000000 0.000000
 0.331667 1.000000 -1.000000 1.000000 1.183216 1.000000 0.000000
 0.332778 1.000000 -1.000000 1.000000 1.183216 1.000000 0.000000
 0.333889 1.000000 -1.000000 1.000000 1.183216 1.000000 0.000000
 0.335000 1.000000 -1.000000 1.000000 1.183216 1.000000 0.000000
 0.336111 1.000000 -1.000000 1.000000 1.183216 1.000000 0.000000
 0.337222 1.000000 -1.000000 1.000000 1.183216 1.000000 0.000000
 0.338333 1.000000 -1.000000 1.000000 1.183216 1.000000 0.000000
 0.339444 1.000000 -1.000000 1.000000 1.183216 1.000000 0.000000
 0.340556 1.000000 -1.000000 1.000000 1.183216 1.000000 0.000000
 0.341667 1.000000 -1.000000 1.000000 1.183216 1.000000 0.000000
 0.342778 1.000000 -1.000000 1.000000 1.183216 1.000000 0.000000
 0.343889 1.000000 -1.000000 1.000000 1.183216 1.000000 0.000000
 0.345000 1.000000 -1.000000 1.000000 1.183216 1.000000 0.000000
 0.346111 1.000000 -1.000000 1.000000 1.183216 1.000000 0.000000
 0.347222 1.000000 -1.000000 1.000000 1.183216 1.000000 0.000000
 0.348333 1.000000 -1.000000 1.000000 1.183216 1.000000 0.000000
 0.349444 1.000000 -1.000000 1.000000 1.183216 1.000000 0.000000
 0.350556 1.000000 -1.000000 1.000000 1.183216 1.000000 0.000000
 0.351667 1.000000 -1.000000 1.000000 1.183216 1.000000 0.000000
 0.352778 1.000000 -1.000000 1.000000 1.183216 1.000000 0.000000
 0.353889 1.000000 -1.000000 1.000000 1.183216 1.000000 0.000000
 0.355000 1.000000 -1.000000 1.000000 1.183216 1.000000 0.000000
 0.356111 1.000000 -1.000000 1.000000 1.183216 1.000000 0.000000
 0.357222 1.000000 -1.000000 1.000000 1.183216 1.000000 0.000000
 0.358333 1.000000 -1.000000 1.000000 1.183216 1.000000 0.000000
 0.359444 1.000000 -1.000000 1.000000 1.183216 1.000000 0.000000
 0.360556 1.000000 -1.000000 1.000000 1.183216 1.000000 0.000000
 0.361667 1.000000 -1.000000 1.000000 1.183216 1.000000 0.000000
 0.362778 1.000000 -1.000000 1.000000 1.183216 1.000000 0.000000
 0.363889 1.000000 -1.000000 1.000000 1.183216 1.000000 0.000000
 0.365000 1.000000 -1.000000 1.000000 1.183216 1.000000 0.000000
 0.366111 1.000000 -1.000000 1.000000 1.183216 1.000000 0.000000
 0.367222 1.000000 -1.000000 1.000000 1.183216 1.000000 0.000000
 0.368333 1.000000 -1.000000 1.000000 1.183216 1.000000 0.000000
 0.369444 1.000000 -1.000000 1.000000 1.183216 1.000000 0.000000
 0.370556 1.000000 -1.000000 1.000000 1.183216 1.000000 0.000000
 0.371667 1.000000 -1.000000 1.000000 1.183216 1.000000 0.000000
 0.372778 1.000000 -1.000000 1.000000 1.183216 1.000000 0.000000
 0.373889 1.000000 -1.000000 1.000000 1.183216 1.000000 0.000000
 0.375000 1.000000 -1.000000 1.000000 1.183216 1.000000 0.000000
 0.376111 1.000000 -1.000000 1.000000 1.183216 1.000000 0.000000
 0.377222 1.000000 -0.999999 0.999999 1.183216 1.000000 0.000000
 0.378333 0.999999 -0.999999 0.999999 1.183216 1.000000 0.000000
 0.379444 0.999998 -0.999998 0.999998 1.183216 1.000000 0.000000
 0.380556 0.999997 -0.999996 0.999996 1.183215 1.000000 0.000000
 0.381667 0.999994 -0.999993 0.999992 1.183215 1.000000 0.000000
 0.382778 0.999990 -0.999988 0.999986 1.183214 1.000000 0.000000
 0.383889 0.999982 -0.999979 0.999975 1.183212 1.000000 0.000000
 0.385000 0.999969 -0.999964 0.999957 1.183209 1.000000 0.000000
 0.386111 0.999948 -0.999939 0.999927 1.183204 1.000000 0.000000
 0.387222 0.999914 -0.999898 0.999879 1.183196 1.000000 0.000000
 0.388333 0.999859 -0.999833 0.999803 1.183183 1.000000 0.000000
 0.389444 0.999775 -0.999734 0.999685 1.183163 1.000000 0.000000
 0.390556 0.999647 -0.999583 0.999506 1.183133 1.000000 0.000000
 0.391667 0.999458 -0.999359 0.999241 1.183088 1.000000 0.000000
 0.392778 0.999183 -0.999033 0.998857 1.183023 1.000000 0.000000
 0.393889 0.998792 -0.998571 0.998310 1.182930 1.000000 0.000000
 0.395000 0.998249 -0.997927 0.997549 1.182801 1.000000 0.000000
 0.396111 0.997508 -0.997049 0.996513 1.182626 1.000001 0.000000
 0.397222 0.996519 -0.995877 0.995132 1.182392 1.000002 0.000000
 0.398333 0.995227 -0.994344 0.993327 1.182086 1.000003 0.000000
 0.399444 0.993570 -0.992378 0.991015 1.181693 1.000005 0.000000
 0.400556 0.991489 -0.989904 0.988113 1.181200 1.000008 0.000000
 0.401667 0.988923 -0.986848 0.984539 1.180591 1.000013 0.000000
 0.402778 0.985815 -0.983141 0.980218 1.179852 1.000020 0.000000
 0.403889 0.982118 -0.978720 0.975084 1.178971 1.000030 0.000000
 0.405000 0.977790 -0.973529 0.969087 1.177938 1.000044 0.000000
 0.406111 0.972802 -0.967527 0.962191 1.176745 1.000062 0.000000
 0.407222 0.967137 -0.960684 0.954378 1.175385 1.000086 0.000000
 0.408333 0.960790 -0.952981 0.945649 1.173856 1.000116 0.000000
 0.409444 0.953767 -0.944414 0.936021 1.172157 1.000153 0.000000
 0.410556 0.946085 -0.934989 0.925525 1.170289 1.000198 0.000000
 0.411667 0.937769 -0.924722 0.914206 1.168256 1.000252 0.000000
 0.412778 0.928855 -0.913639 0.902119 1.166063 1.000315 0.000000
 0.413889 0.919380 -0.901771 0.889327 1.163717 1.000388 0.000000
 0.415000 0.909389 -0.889155 0.875899 1.161224 1.000471 0.000000
 0.416111 0.898927 -0.875829 0.861904 1.158594 1.000564 0.000000
 0.417222 0.888041 -0.861836 0.847415 1.155835 1.000668 0.000000
 0.418333 0.876778 -0.847219 0.832502 1.152954 1.000783 0.000000
 0.419444 0.865184 -0.832019 0.817234 1.149961 1.000909 0.000000
 0.420556 0.853303 -0.816278 0.801675 1.146863 1.001045 0.000000
 0.421667 0.841178 -0.800036 0.785888 1.143669 1.001193 0.000000
 0.422778 0.828848 -0.783331 0.769929 1.140386 1.001351 0.000000
 0.423889 0.816350 -0.766199 0.753852 1.137022 1.001519 0.000000
 0.425000 0.803718 -0.748673 0.737704 1.133583 1.001699 0.000000
 0.426111 0.790984 -0.730786 0.721530 1.130075 1.001889 0.000000
 0.427222 0.778177 -0.712566 0.705369 1.126505 1.002090 0.000000
 0.428333 0.765324 -0.694042 0.689257 1.122877 1.002301 0.000000
 0.429444 0.752448 -0.675238 0.673226 1.119197 1.002523 0.000000
 0.430556 0.739572 -0.656177 0.657305 1.115469 1.002755 0.000000
 0.431667 0.726715 -0.636883 0.641519 1.111698 1.002997 0.000000
 0.432778 0.713896 -0.617374 0.625890 1.107887 1.003250 0.000000
 0.433889 0.701131 -0.597671 0.610438 1.104041 1.003513 0.000000
 0.435000 0.688435 -0.577791 0.595182 1.100164 1.003787 0.000000
 0.436111 0.675822 -0.557752 0.580136 1.096257 1.004070 0.000000
 0.437222 0.663305 -0.537569 0.565314 1.092326 1.004364 0.000000
 0.438333 0.650895 -0.517259 0.550729 1.088372 1.004668 0.000000
 0.439444 0.638602 -0.496837 0.536391 1.084400 1.004983 0.000000
 0.440556 0.626438 -0.476318 0.522310 1.080411 1.005308 0.000000
 0.441667 0.614411 -0.455719 0.508495 1.076410 1.005643 0.000000
 0.442778 0.602532 -0.435054 0.494954 1.072399 1.005988 0.000000
 0.443889 0.590808 -0.414341 0.481693 1.068381 1.006343 0.000000
 0.445000 0.579249 -0.393597 0.468722 1.064361 1.006708 0.000000
 0.446111 0.567864 -0.372841 0.456045 1.060341 1.007084 0.000000
 0.447222 0.556663 -0.352095 0.443671 1.056327 1.007469 0.000000
 0.448333 0.545655 -0.331381 0.431606 1.052322 1.007864 0.000000
 0.449444 0.534852 -0.310726 0.419858 1.048331 1.008268 0.000000
 0.450556 0.524265 -0.290161 0.408437 1.044362 1.008681 0.000000
 0.451667 0.513907 -0.269718 0.397351 1.040420 1.009102 0.000000
 0.452778 0.503794 -0.249439 0.386611 1.036513 1.009532 0.000000
 0.453889 0.493942 -0.229371 0.376230 1.032650 1.009969 0.000000
 0.455000 0.484370 -0.209567 0.366224 1.028843 1.010413 0.000000
 0.456111 0.475101 -0.190091 0.356609 1.025103 1.010864 0.000000
 0.457222 0.466160 -0.171018 0.347406 1.021445 1.011319 0.000000
 0.458333 0.457576 -0.152435 0.338637 1.017887 1.011779 0.000000
 0.459444 0.449384 -0.134441 0.330330 1.014448 1.012242 0.000000
 0.460556 0.441619 -0.117150 0.322515 1.011150 1.012707 0.000000
 0.461667 0.434322 -0.100688 0.315225 1.008019 1.013175 0.000000
 0.462778 0.427536 -0.085193 0.308494 1.005081 1.013643 0.000000
 0.463889 0.421305 -0.070807 0.302358 1.002367 1.014113 0.000000
 0.465000 0.415669 -0.057671 0.296849 0.999903 1.014586 0.000000
 0.466111 0.410662 -0.045914 0.291993 0.997717 1.015062 0.000000
 0.467222 0.406308 -0.035636 0.287804 0.995829 1.015546 0.000000
 0.468333 0.402612 -0.026894 0.284285 0.994254 1.016041 0.000000
 0.469444 0.399560 -0.019690 0.281413 0.992991 1.016553 0.000000
 0.470556 0.397112 -0.013963 0.279149 0.992032 1.017087 0.000000
 0.471667 0.395207 -0.009585 0.277429 0.991352 1.017650 0.000000
 0.472778 0.393767 -0.006380 0.276177 0.990920 1.018248 0.000000
 0.473889 0.392701 -0.004137 0.275305 0.990694 1.018888 0.000000
 0.475000 0.391921 -0.002640 0.274725 0.990635 1.019577 0.000000
 0.476111 0.391341 -0.001687 0.274356 0.990704 1.020323 0.000000
 0.477222 0.390891 -0.001105 0.274132 0.990870 1.021134 0.000000
 0.478333 0.390516 -0.000762 0.274002 0.991109 1.022020 0.000000
 0.479444 0.390174 -0.000564 0.273927 0.991407 1.022994 0.000000
 0.480556 0.389838 -0.000448 0.273884 0.991757 1.024068 0.000000
 0.481667 0.389487 -0.000375 0.273858 0.992156 1.025262 0.000000
 0.482778 0.389109 -0.000326 0.273841 0.992609 1.026596 0.000000
 0.483889 0.388690 -0.000288 0.273829 0.993121 1.028099 0.000000
 0.485000 0.388220 -0.000257 0.273819 0.993704 1.029805 0.000000
 0.486111 0.387686 -0.000229 0.273811 0.994373 1.031759 0.000000
 0.487222 0.387073 -0.000204 0.273804 0.995147 1.034021 0.000000
 0.488333 0.386361 -0.000180 0.273798 0.996054 1.036670 0.000000
 0.489444 0.385521 -0.000159 0.273793 0.997129 1.039813 0.000000
 0.490556 0.384517 -0.000139 0.273788 0.998422 1.043599 0.000000
 0.491667 0.383295 -0.000120 0.273784 1.000004 1.048242 0.000000
 0.492778 0.381781 -0.000102 0.273781 1.001979 1.054056 0.000000
 0.493889 0.379859 -0.000085 0.273778 1.004506 1.061520 0.000000
 0.495000 0.377350 -0.000069 0.273776 1.007836 1.071406 0.000000
 0.496111 0.373953 -0.000053 0.273774 1.012399 1.085046 0.000000
 0.497222 0.369125 -0.000037 0.273773 1.018996 1.104962 0.000000
 0.498333 0.361724 -0.000022 0.273772 1.029366 1.136739 0.000000
 0.499444 0.348573 -0.000007 0.273772 1.048604 1.197230 0.000000
 0.500556 0.348573 0.000007 0.273772 1.048604 1.197230 0.000000
 0.501667 0.361724 0.000022 0.273772 1.029366 1.136739 0.000000
 0.502778 0.369125 0.000037 0.273773 1.018996 1.104962 0.000000
 0.503889 0.373953 0.000053 0.273774 1.012399 1.085046 0.000000
 0.505000 0.377350 0.000069 0.273776 1.007836 1.071406 0.000000
 0.506111 0.379859 0.000085 0.273778 1.004506 1.061520 0.000000
 0.507222 0.381781 0.000102 0.273781 1.001979 1.054056 0.000000
 0.508333 0.383295 0.000120 0.273784 1.000004 1.048242 0.000000
 0.509444 0.384517 0.000139 0.273788 0.998422 1.043599 0.000000
 0.510556 0.385521 0.000159 0.273793 0.997129 1.039813 0.000000
 0.511667 0.386361 0.000180 0.273798 0.996054 1.036670 0.000000
 0.512778 0.387073 0.000204 0.273804 0.995147 1.034021 0.000000
 0.513889 0.387686 0.000229 0.273811 0.994373 1.031759 0.000000
 0.515000 0.388220 0.000257 0.273819 0.993704 1.029805 0.000000
 0.516111 0.388690 0.000288 0.273829 0.993121 1.028099 0.000000
 0.517222 0.389109 0.000326 0.273841 0.992609 1.026596 0.000000
 0.518333 0.389487 0.000375 0.273858 0.992156 1.025262 0.000000
 0.519444 0.389838 0.000448 0.273884 0.991757 1.024068 0.000000
 0.520556 0.390174 0.000564 0.273927 0.991407 1.022994 0.000000
 0.521667 0.390516 0.000762 0.274002 0.991109 1.022020 0.000000
 0.522778 0.390891 0.001105 0.274132 0.990870 1.021134 0.000000
 0.523889 0.391341 0.001687 0.274356 0.990704 1.020323 0.000000
 0.525000 0.391921 0.002640 0.274725 0.990635 1.019577 0.000000
 0.526111 0.392701 0.004137 0.275305 0.990694 1.018888 0.000000
 0.527222 0.393767 0.006380 0.276177 0.990920 1.018248 0.000000
 0.528333 0.395207 0.009585 0.277429 0.991352 1.017650 0.000000
 0.529444 0.397112 0.013963 0.279149 0.992032 1.017087 0.000000
 0.530556 0.399560 0.019690 0.281413 0.992991 1.016553 0.000000
 0.531667 0.402612 0.026894 0.284285 0.994254 1.016041 0.000000
 0.532778 0.406308 0.035636 0.287804 0.995829 1.015546 0.000000
 0.533889 0.410662 0.045914 0.291993 0.997717 1.015062 0.000000
 0.535000 0.415669 0.057671 0.296849 0.999903 1.014586 0.000000
 0.536111 0.421305 0.070807 0.302358 1.002367 1.014113 0.000000
 0.537222 0.427536 0.085193 0.308494 1.005081 1.013643 0.000000
 0.538333 0.434322 0.100688 0.315225 1.008019 1.013175 0.000000
 0.539444 0.441619 0.117150 0.322515 1.011150 1.012707 0.000000
 0.540556 0.449384 0.134441 0.330330 1.014448 1.012242 0.000000
 0.541667 0.457576 0.152435 0.338637 1.017887 1.011779 0.000000
 0.542778 0.466160 0.171018 0.347406 1.021445 1.011319 0.000000
 0.543889 0.475101 0.190091 0.356609 1.025103 1.010864 0.000000
 0.545000 0.484370 0.209567 0.366224 1.028843 1.010413 0.000000
 0.546111 0.493942 0.229371 0.376230 1.032650 1.009969 0.000000
 0.547222 0.503794 0.249439 0.386611 1.036513 1.009532 0.000000
 0.548333 0.513907 0.269718 0.397351 1.040420 1.009102 0.000000
 0.549444 0.524265 0.290161 0.408437 1.044362 1.008681 0.000000
 0.550556 0.534852 0.310726 0.419858 1.048331 1.008268 0.000000
 0.551667 0.545655 0.331381 0.431606 1.052322 1.007864 0.000000
 0.552778 0.556663 0.352095 0.443671 1.056327 1.007469 0.000000
 0.553889 0.567864 0.372841 0.456045 1.060341 1.007084 0.000000
 0.555000 0.579249 0.393597 0.468722 1.064361 1.006708 0.000000
 0.556111 0.590808 0.414341 0.481693 1.068381 1.006343 0.000000
 0.557222 0.602532 0.435054 0.494954 1.072399 1.005988 0.000000
 0.558333 0.614411 0.455719 0.508495 1.076410 1.005643 0.000000
 0.559444 0.626438 0.476318 0.522310 1.080411 1.005308 0.000000
 0.560556 0.638602 0.496837 0.536391 1.084400 1.004983 0.000000
 0.561667 0.650895 0.517259 0.550729 1.088372 1.004668 0.000000
 0.562778 0.663305 0.537569 0.565314 1.092326 1.004364 0.000000
 0.563889 0.675822 0.557752 0.580136 1.096257 1.004070 0.000000
 0.565000 0.688435 0.577791 0.595182 1.100164 1.003787 0.000000
 0.566111 0.701131 0.597671 0.610438 1.104041 1.003513 0.000000
 0.567222 0.713896 0.617374 0.625890 1.107887 1.003250 0.000000
 0.568333 0.726715 0.636883 0.641519 1.111698 1.002997 0.000000
 0.569444 0.739572 0.656177 0.657305 1.115469 1.002755 0.000000
 0.570556 0.752448 0.675238 0.673226 1.119197 1.002523 0.000000
 0.571667 0.765324 0.694042 0.689257 1.122877 1.002301 0.000000
 0.572778 0.778177 0.712566 0.705369 1.126505 1.002090 0.000000
 0.573889 0.790984 0.730786 0.721530 1.130075 1.001889 0.000000
 0.575000 0.803718 0.748673 0.737704 1.133583 1.001699 0.000000
 0.576111 0.816350 0.766199 0.753852 1.137022 1.001519 0.000000
 0.577222 0.828848 0.783331 0.769929 1.140386 1.001351 0.000000
 0.578333 0.841178 0.800036 0.785888 1.143669 1.001193 0.000000
 0.579444 0.853303 0.816278 0.801675 1.146863 1.001045 0.000000
 0.580556 0.865184 0.832019 0.817234 1.149961 1.000909 0.000000
 0.581667 0.876778 0.847219 0.832502 1.152954 1.000783 0.000000
 0.582778 0.888041 0.861836 0.847415 1.155835 1.000668 0.000000
 0.583889 0.898927 0.875829 0.861904 1.158594 1.000564 0.000000
 0.585000 0.909389 0.889155 0.875899 1.161224 1.000471 0.000000
 0.586111 0.919380 0.901771 0.889327 1.163717 1.000388 0.000000
 0.587222 0.928855 0.913639 0.902119 1.166063 1.000315 0.000000
 0.588333 0.937769 0.924722 0.914206 1.168256 1.000252 0.000000
 0.589444 0.946085 0.934989 0.925525 1.170289 1.000198 0.000000
 0.590556 0.953767 0.944414 0.936021 1.172157 1.000153 0.000000
 0.591667 0.960790 0.952981 0.945649 1.173856 1.000116 0.000000
 0.592778 0.967137 0.960684 0.954378 1.175385 1.000086 0.000000
 0.593889 0.972802 0.967527 0.962191 1.176745 1.000062 0.000000
 0.595000 0.977790 0.973529 0.969087 1.177938 1.000044 0.000000
 0.596111 0.982118 0.978720 0.975084 1.178971 1.000030 0.000000
 0.597222 0.985815 0.983141 0.980218 1.179852 1.000020 0.000000
 0.598333 0.988923 0.986848 0.984539 1.180591 1.000013 0.000000
 0.599444 0.991489 0.989904 0.988113 1.181200 1.000008 0.000000
 0.600556 0.993570 0.992378 0.991015 1.181693 1.000005 0.000000
 0.601667 0.995227 0.994344 0.993327 1.182086 1.000003 0.000000
 0.602778 0.996519 0.995877 0.995132 1.182392 1.000002 0.000000
 0.603889 0.997508 0.997049 0.996513 1.182626 1.000001 0.000000
 0.605000 0.998249 0.997927 0.997549 1.182801 1.000000 0.000000
 0.606111 0.998792 0.998571 0.998310 1.182930 1.000000 0.000000
 0.607222 0.999183 0.999033 0.998857 1.183023 1.000000 0.000000
 0.608333 0.999458 0.999359 0.999241 1.183088 1.000000 0.000000
 0.609444 0.999647 0.999583 0.999506 1.183133 1.000000 0.000000
 0.610556 0.999775 0.999734 0.999685 1.183163 1.000000 0.000000
 0.611667 0.999859 0.999833 0.999803 1.183183 1.000000 0.000000
 0.612778 0.999914 0.999898 0.999879 1.183196 1.000000 0.000000
 0.613889 0.999948 0.999939 0.999927 1.183204 1.000000 0.000000
 0.615000 0.999969 0.999964 0.999957 1.183209 1.000000 0.000000
 0.616111 0.999982 0.999979 0.999975 1.183212 1.000000 0.000000
 0.617222 0.999990 0.999988 0.999986 1.183214 1.000000 0.000000
 0.618333 0.999994 0.999993 0.999992 1.183215 1.000000 0.000000
 0.619444 0.999997 0.999996 0.999996 1.183215 1.000000 0.000000
 0.620556 0.999998 0.999998 0.999998 1.183216 1.000000 0.000000
 0.621667 0.999999 0.999999 0.999999 1.183216 1.000000 0.000000
 0.622778 1.000000 0.999999 0.999999 1.183216 1.000000 0.000000
 0.623889 1.000000 1.000000 1.000000 1.183216 1.000000 0.000000
 0.625000 1.000000 1.000000 1.000000 1.183216 1.000000 0.000000
 0.626111 1.000000 1.000000 1.000000 1.183216 1.000000 0.000000
 0.627222 1.000000 1.000000 1.000000 1.183216 1.000000 0.000000
 0.628333 1.000000 1.000000 1.000000 1.183216 1.000000 0.000000
 0.629444 1.000000 1.000000 1.000000 1.183216 1.000000 0.000000
 0.630556 1.000000 1.000000 1.000000 1.183216 1.000000 0.000000
 0.631667 1.000000 1.000000 1.000000 1.183216 1.000000 0.000000
 0.632778 1.000000 1.000000 1.000000 1.183216 1.000000 0.000000
 0.633889 1.000000 1.000000 1.000000 1.183216 1.000000 0.000000
 0.635000 1.000000 1.000000 1.000000 1.183216 1.000000 0.000000
 0.636111 1.000000 1.000000 1.000000 1.183216 1.000000 0.000000
 0.637222 1.000000 1.000000 1.000000 1.183216 1.000000 0.000000
 0.638333 1.000000 1.000000 1.000000 1.183216 1.000000 0.000000
 0.639444 1.000000 1.000000 1.000000 1.183216 1.000000 0.000000
 0.640556 1.000000 1.000000 1.000000 1.183216 1.000000 0.000000
 0.641667 1.000000 1.000000 1.000000 1.183216 1.000000 0.000000
 0.642778 1.000000 1.000000 1.000000 1.183216 1.000000 0.000000
 0.643889 1.000000 1.000000 1.000000 1.183216 1.000000 0.000000
 0.645000 1.000000 1.000000 1.000000 1.183216 1.000000 0.000000
 0.646111 1.000000 1.000000 1.000000 1.183216 1.000000 0.000000
 0.647222 1.000000 1.000000 1.000000 1.183216 1.000000 0.000000
 0.648333 1.000000 1.000000 1.000000 1.183216 1.000000 0.000000
 0.649444 1.000000 1.000000 1.000000 1.183216 1.000000 0.000000
 0.650556 1.000000 1.000000 1.000000 1.183216 1.000000 0.000000
 0.651667 1.000000 1.000000 1.000000 1.183216 1.000000 0.000000
 0.652778 1.000000 1.000000 1.000000 1.183216 1.000000 0.000000
 0.653889 1.000000 1.000000 1.000000 1.183216 1.000000 0.000000
 0.655000 1.000000 1.000000 1.000000 1.183216 1.000000 0.000000
 0.656111 1.000000 1.000000 1.000000 1.183216 1.000000 0.000000
 0.657222 1.000000 1.000000 1.000000 1.183216 1.000000 0.000000
 0.658333 1.000000 1.000000 1.000000 1.183216 1.000000 0.000000
 0.659444 1.000000 1.000000 1.000000 1.183216 1.000000 0.000000
 0.660556 1.000000 1.000000 1.000000 1.183216 1.000000 0.000000
 0.661667 1.000000 1.000000 1.000000 1.183216 1.000000 0.000000
 0.662778 1.000000 1.000000 1.000000 1.183216 1.000000 0.000000
 0.663889 1.000000 1.000000 1.000000 1.183216 1.000000 0.000000
 0.665000 1.000000 1.000000 1.000000 1.183216 1.000000 0.000000
 0.666111 1.000000 1.000000 1.000000 1.183216 1.000000 0.000000
 0.667222 1.000000 1.000000 1.000000 1.183216 1.000000 0.000000
 0.668333 1.000000 1.000000 1.000000 1.183216 1.000000 0.000000
 0.669444 1.000000 1.000000 1.000000 1.183216 1.000000 0.000000
 0.670556 1.000000 1.000000 1.000000 1.183216 1.000000 0.000000
 0.671667 1.000000 1.000000 1.000000 1.183216 1.000000 0.000000
 0.672778 1.000000 1.000000 1.000000 1.183216 1.000000 0.000000
 0.673889 1.000000 1.000000 1.000000 1.183216 1.000000 0.000000
 0.675000 1.000000 1.000000 1.000000 1.183216 1.000000 0.000000
 0.676111 1.000000 1.000000 1.000000 1.183216 1.000000 0.000000
 0.677222 1.000000 1.000000 1.000000 1.183216 1.000000 0.000000
 0.678333 1.000000 1.000000 1.000000 1.183216 1.000000 0.000000
 0.679444 1.000000 1.000000 1.000000 1.183216 1.000000 0.000000
 0.680556 1.000000 1.000000 1.000000 1.183216 1.000000 0.000000
 0.681667 1.000000 1.000000 1.000000 1.183216 1.000000 0.000000
 0.682778 1.000000 1.000000 1.000000 1.183216 1.000000 0.000000
 0.683889 1.000000 1.000000 1.000000 1.183216 1.000000 0.000000
 0.685000 1.000000 1.000000 1.000000 1.183216 1.000000 0.000000
 0.686111 1.000000 1.000000 1.000000 1.183216 1.000000 0.000000
 0.687222 1.000000 1.000000 1.000000 1.183216 1.000000 0.000000
 0.688333 1.000000 1.000000 1.000000 1.183216 1.000000 0.000000
 0.689444 1.000000 1.000000 1.000000 1.183216 1.000000 0.000000
 0.690556 1.000000 1.000000 1.000000 1.183216 1.000000 0.000000
 0.691667 1.000000 1.000000 1.000000 1.183216 1.000000 0.000000
 0.692778 1.000000 1.000000 1.000000 1.183216 1.000000 0.000000
 0.693889 1.000000 1.000000 1.000000 1.183216 1.000000 0.000000
 0.695000 1.000000 1.000000 1.000000 1.183216 1.000000 0.000000
 0.696111 1.000000 1.000000 1.000000 1.183216 1.000000 0.000000
 0.697222 1.000000 1.000000 1.000000 1.183216 1.000000 0.000000
 0.698333 1.000000 1.000000 1.000000 1.183216 1.000000 0.000000
 0.699444 1.000000 1.000000 1.000000 1.183216 1.000000 0.000000
 0.700556 1.000000 1.000000 1.000000 1.183216 1.000000 0.000000
 0.701667 1.000000 1.000000 1.000000 1.183216 1.000000 0.000000
 0.702778 1.000000 1.000000 1.000000 1.183216 1.000000 0.000000
 0.703889 1.000000 1.000000 1.000000 1.183216 1.000000 0.000000
 0.705000 1.000000 1.000000 1.000000 1.183216 1.000000 0.000000
 0.706111 1.000000 1.000000 1.000000 1.183216 1.000000 0.000000
 0.707222 1.000000 1.000000 1.000000 1.183216 1.000000 0.000000
 0.708333 1.000000 1.000000 1.000000 1.183216 1.000000 0.000000
 0.709444 1.000000 1.000000 1.000000 1.183216 1.000000 0.000000
 0.710556 1.000000 1.000000 1.000000 1.183216 1.000000 0.000000
 0.711667 1.000000 1.000000 1.000000 1.183216 1.000000 0.000000
 0.712778 1.000000 1.000000 1.000000 1.183216 1.000000 0.000000
 0.713889 1.000000 1.000000 1.000000 1.183216 1.000000 0.000000
 0.715000 1.000000 1.000000 1.000000 1.183216 1.000000 0.000000
 0.716111 1.000000 1.000000 1.000000 1.183216 1.000000 0.000000
 0.717222 1.000000 1.000000 1.000000 1.183216 1.000000 0.000000
 0.718333 1.000000 1.000000 1.000000 1.183216 1.000000 0.000000
 0.719444 1.000000 1.000000 1.000000 1.183216 1.000000 0.000000
 0.720556 1.000000 1.000000 1.000000 1.183216 1.000000 0.000000
 0.721667 1.000000 1.000000 1.000000 1.183216 1.000000 0.000000
 0.722778 1.000000 1.000000 1.000000 1.183216 1.000000 0.000000
 0.723889 1.000000 1.000000 1.000000 1.183216 1.000000 0.000000
 0.725000 1.000000 1.000000 1.000000 1.183216 1.000000 0.000000
 0.726111 1.000000 1.000000 1.000000 1.183216 1.000000 0.000000
 0.727222 1.000000 1.000000 1.000000 1.183216 1.000000 0.000000
 0.728333 1.000000 1.000000 1.000000 1.183216 1.000000 0.000000
 0.729444 1.000000 1.000000 1.000000 1.183216 1.000000 0.000000
 0.730556 1.000000 1.000000 1.000000 1.183216 1.000000 0.000000
 0.731667 1.000000 1.000000 1.000000 1.183216 1.000000 0.000000
 0.732778 1.000000 1.000000 1.000000 1.183216 1.000000 0.000000
 0.733889 1.000000 1.000000 1.000000 1.183216 1.000000 0.000000
 0.735000 1.000000 1.000000 1.000000 1.183216 1.000000 0.000000
 0.736111 1.000000 1.000000 1.000000 1.183216 1.000000 0.000000
 0.737222 1.000000 1.000000 1.000000 1.183216 1.000000 0.000000
 0.738333 1.000000 1.000000 1.000000 1.183216 1.000000 0.000000
 0.739444 1.000000 1.000000 1.000000 1.183216 1.000000 0.000000
 0.740556 1.000000 1.000000 1.000000 1.183216 1.000000 0.000000
 0.741667 1.000000 1.000000 1.000000 1.183216 1.000000 0.000000
 0.742778 1.000000 1.000000 1.000000 1.183216 1.000000 0.000000
 0.743889 1.000000 1.000000 1.000000 1.183216 1.000000 0.000000
 0.745000 1.000000 1.000000 1.000000 1.183216 1.000000 0.000000
 0.746111 1.000000 1.000000 1.000000 1.183216 1.000000 0.000000
 0.747222 1.000000 1.000000 1.000000 1.183216 1.000000 0.000000
 0.748333 1.000000 1.000000 1.000000 1.183216 1.000000 0.000000
 0.749444 1.000000 1.000000 1.000000 1.183216 1.000000 0.000000
 0.750556 1.000000 1.000000 1.000000 1.183216 1.000000 0.000000
 0.751667 1.000000 1.000000 1.000000 1.183216 1.000000 0.000000
 0.752778 1.000000 1.000000 1.000000 1.183216 1.000000 0.000000
 0.753889 1.000000 1.000000 1.000000 1.183216 1.000000 0.000000
 0.755000 1.000000 1.000000 1.000000 1.183216 1.000000 0.000000
 0.756111 1.000000 1.000000 1.000000 1.183216 1.000000 0.000000
 0.757222 1.000000 1.000000 1.000000 1.183216 1.000000 0.000000
 0.758333 1.000000 1.000000 1.000000 1.183216 1.000000 0.000000
 0.759444 1.000000 1.000000 1.000000 1.183216 1.000000 0.000000
 0.760556 1.000000 1.000000 1.000000 1.183216 1.000000 0.000000
 0.761667 1.000000 1.000000 1.000000 1.183216 1.000000 0.000000
 0.762778 1.000000 1.000000 1.000000 1.183216 1.000000 0.000000
 0.763889 1.000000 1.000000 1.000000 1.183216 1.000000 0.000000
 0.765000 1.000000 1.000000 1.000000 1.183216 1.000000 0.000000
 0.766111 1.000000 1.000000 1.000000 1.183216 1.000000 0.000000
 0.767222 1.000000 1.000000 1.000000 1.183216 1.000000 0.000000
 0.768333 1.000000 1.000000 1.000000 1.183216 1.000000 0.000000
 0.769444 1.000000 1.000000 1.000000 1.183216 1.000000 0.000000
 0.770556 1.000000 1.000000 1.000000 1.183216 1.000000 0.000000
 0.771667 1.000000 1.000000 1.000000 1.183216 1.000000 0.000000
 0.772778 1.000000 1.000000 1.000000 1.183216 1.000000 0.000000
 0.773889 1.000000 1.000000 1.000000 1.183216 1.000000 0.000000
 0.775000 1.000000 1.000000 1.000000 1.183216 1.000000 0.000000
 0.776111 1.000000 1.000000 1.000000 1.183216 1.000000 0.000000
 0.777222 1.000000 1.000000 1.000000 1.183216 1.000000 0.000000
 0.778333 1.000000 1.000000 1.000000 1.183216 1.000000 0.000000
 0.779444 1.000000 1.000000 1.000000 1.183216 1.000000 0.000000
 0.780556 1.000000 1.000000 1.000000 1.183216 1.000000 0.000000
 0.781667 1.000000 1.000000 1.000000 1.183216 1.000000 0.000000
 0.782778 1.000000 1.000000 1.000000 1.183216 1.000000 0.000000
 0.783889 1.000000 1.000000 1.000000 1.183216 1.000000 0.000000
 0.785000 1.000000 1.000000 1.000000 1.183216 1.000000 0.000000
 0.786111 1.000000 1.000000 1.000000 1.183216 1.000000 0.000000
 0.787222 1.000000 1.000000 1.000000 1.183216 1.000000 0.000000
 0.788333 1.000000 1.000000 1.000000 1.183216 1.000000 0.000000
 0.789444 1.000000 1.000000 1.000000 1.183216 1.000000 0.000000
 0.790556 1.000000 1.000000 1.000000 1.183216 1.000000 0.000000
 0.791667 1.000000 1.000000 1.000000 1.183216 1.000000 0.000000
 0.792778 1.000000 1.000000 1.000000 1.183216 1.000000 0.000000
 0.793889 1.000000 1.000000 1.000000 1.183216 1.000000 0.000000
 0.795000 1.000000 1.000000 1.000000 1.183216 1.000000 0.000000
 0.796111 1.000000 1.000000 1.000000 1.183216 1.000000 0.000000
 0.797222 1.000000 1.000000 1.000000 1.183216 1.000000 0.000000
 0.798333 1.000000 1.000000 1.000000 1.183216 1.000000 0.000000
 0.799444 1.000000 1.000000 1.000000 1.183216 1.000000 0.000000
 0.800556 1.000000 1.000000 1.000000 1.183216 1.000000 0.000000
 0.801667 1.000000 1.000000 1.000000 1.183216 1.000000 0.000000
 0.802778 1.000000 1.000000 1.000000 1.183216 1.000000 0.000000
 0.803889 1.000000 1.000000 1.000000 1.183216 1.000000 0.000000
 0.805000 1.000000 1.000000 1.000000 1.183216 1.000000 0.000000
 0.806111 1.000000 1.000000 1.000000 1.183216 1.000000 0.000000
 0.807222 1.000000 1.000000 1.000000 1.183216 1.000000 0.000000
 0.808333 1.000000 1.000000 1.000000 1.183216 1.000000 0.000000
 0.809444 1.000000 1.000000 1.000000 1.183216 1.000000 0.000000
 0.810556 1.000000 1.000000 1.000000 1.183216 1.000000 0.000000
 0.811667 1.000000 1.000000 1.000000 1.183216 1.000000 0.000000
 0.812778 1.000000 1.000000 1.000000 1.183216 1.000000 0.000000
 0.813889 1.000000 1.000000 1.000000 1.183216 1.000000 0.000000
 0.815000 1.000000 1.000000 1.000000 1.183216 1.000000 0.000000
 0.816111 1.000000 1.000000 1.000000 1.183216 1.000000 0.000000
 0.817222 1.000000 1.000000 1.000000 1.183216 1.000000 0.000000
 0.818333 1.000000 1.000000 1.000000 1.183216 1.000000 0.000000
 0.819444 1.000000 1.000000 1.000000 1.183216 1.000000 0.000000
 0.820556 1.000000 1.000000 1.000000 1.183216 1.000000 0.000000
 0.821667 1.000000 1.000000 1.000000 1.183216 1.000000 0.000000
 0.822778 1.000000 1.000000 1.000000 1.183216 1.000000 0.000000
 0.823889 1.000000 1.000000 1.000000 1.183216 1.000000 0.000000
 0.825000 1.000000 1.000000 1.000000 1.183216 1.000000 0.000000
 0.826111 1.000000 1.000000 1.000000 1.183216 1.000000 0.000000
 0.827222 1.000000 1.000000 1.000000 1.183216 1.000000 0.000000
 0.828333 1.000000 1.000000 1.000000 1.183216 1.000000 0.000000
 0.829444 1.000000 1.000000 1.000000 1.183216 1.000000 0.000000
 0.830556 1.000000 1.000000 1.000000 1.183216 1.000000 0.000000
 0.831667 1.000000 1.000000 1.000000 1.183216 1.000000 0.000000
 0.832778 1.000000 1.000000 1.000000 1.183216 1.000000 0.000000
 0.833889 1.000000 1.000000 1.000000 1.183216 1.000000 0.000000
 0.835000 1.000000 1.000000 1.000000 1.183216 1.000000 0.000000
 0.836111 1.000000 1.000000 1.000000 1.183216 1.000000 0.000000
 0.837222 1.000000 1.000000 1.000000 1.183216 1.000000 0.000000
 0.838333 1.000000 1.000000 1.000000 1.183216 1.000000 0.000000
 0.839444 1.000000 1.000000 1.000000 1.183216 1.000000 0.000000
 0.840556 1.000000 1.000000 1.000000 1.183216 1.000000 0.000000
 0.841667 1.000000 1.000000 1.000000 1.183216 1.000000 0.000000
 0.842778 1.000000 1.000000 1.000000 1.183216 1.000000 0.000000
 0.843889 1.000000 1.000000 1.000000 1.183216 1.000000 0.000000
 0.845000 1.000000 1.000000 1.000000 1.183216 1.000000 0.000000
 0.846111 1.000000 1.000000 1.000000 1.183216 1.000000 0.000000
 0.847222 1.000000 1.000000 1.000000 1.183216 1.000000 0.000000
 0.848333 1.000000 1.000000 1.000000 1.183216 1.000000 0.000000
 0.849444 1.000000 1.000000 1.000000 1.183216 1.000000 0.000000
 0.850556 1.000000 1.000000 1.000000 1.183216 1.000000 0.000000
 0.851667 1.000000 1.000000 1.000000 1.183216 1.000000 0.000000
 0.852778 1.000000 1.000000 1.000000 1.183216 1.000000 0.000000
 0.853889 1.000000 1.000000 1.000000 1.183216 1.000000 0.000000
 0.855000 1.000000 1.000000 1.000000 1.183216 1.000000 0.000000
 0.856111 1.000000 1.000000 1.000000 1.183216 1.000000 0.000000
 0.857222 1.000000 1.000000 1.000000 1.183216 1.000000 0.000000
 0.858333 1.000000 1.000000 1.000000 1.183216 1.000000 0.000000
 0.859444 1.000000 1.000000 1.000000 1.183216 1.000000 0.000000
 0.860556 1.000000 1.000000 1.000000 1.183216 1.000000 0.000000
 0.861667 1.000000 1.000000 1.000000 1.183216 1.000000 0.000000
 0.862778 1.000000 1.000000 1.000000 1.183216 1.000000 0.000000
 0.863889 1.000000 1.000000 1.000000 1.183216 1.000000 0.000000
 0.865000 1.000000 1.000000 1.000000 1.183216 1.000000 0.000000
 0.866111 1.000000 1.000000 1.000000 1.183216 1.000000 0.000000
 0.867222 1.000000 1.000000 1.000000 1.183216 1.000000 0.000000
 0.868333 1.000000 1.000000 1.000000 1.183216 1.000000 0.000000
 0.869444 1.000000 1.000000 1.000000 1.183216 1.000000 0.000000
 0.870556 1.000000 1.000000 1.000000 1.183216 1.000000 0.000000
 0.871667 1.000000 1.000000 1.000000 1.183216 1.000000 0.000000
 0.872778 1.000000 1.000000 1.000000 1.183216 1.000000 0.000000
 0.873889 1.000000 1.000000 1.000000 1.183216 1.000000 0.000000
 0.875000 1.000000 1.000000 1.000000 1.183216 1.000000 0.000000
 0.876111 1.000000 1.000000 1.000000 1.183216 1.000000 0.000000
 0.877222 1.000000 1.000000 1.000000 1.183216 1.000000 0.000000
 0.878333 1.000000 1.000000 1.000000 1.183216 1.000000 0.000000
 0.879444 1.000000 1.000000 1.000000 1.183216 1.000000 0.000000
 0.880556 1.000000 1.000000 1.000000 1.183216 1.000000 0.000000
 0.881667 1.000000 1.000000 1.000000 1.183216 1.000000 0.000000
 0.882778 1.000000 1.000000 1.000000 1.183216 1.000000 0.000000
 0.883889 1.000000 1.000000 1.000000 1.183216 1.000000 0.000000
 0.885000 1.000000 1.000000 1.000000 1.183216 1.000000 0.000000
 0.886111 1.000000 1.000000 1.000000 1.183216 1.000000 0.000000
 0.887222 1.000000 1.000000 1.000000 1.183216 1.000000 0.000000
 0.888333 1.000000 1.000000 1.000000 1.183216 1.000000 0.000000
 0.889444 1.000000 1.000000 1.000000 1.183216 1.000000 0.000000
 0.890556 1.000000 1.000000 1.000000 1.183216 1.000000 0.000000
 0.891667 1.000000 1.000000 1.000000 1.183216 1.000000 0.000000
 0.892778 1.000000 1.000000 1.000000 1.183216 1.000000 0.000000
 0.893889 1.000000 1.000000 1.000000 1.183216 1.000000 0.000000
 0.895000 1.000000 1.000000 1.000000 1.183216 1.000000 0.000000
 0.896111 1.000000 1.000000 1.000000 1.183216 1.000000 0.000000
 0.897222 1.000000 1.000000 1.000000 1.183216 1.000000 0.000000
 0.898333 1.000000 1.000000 1.000000 1.183216 1.000000 0.000000
 0.899444 1.000000 1.000000 1.000000 1.183216 1.000000 0.000000
 0.900556 1.000000 1.000000 1.000000 1.183216 1.000000 0.000000
 0.901667 1.000000 1.000000 1.000000 1.183216 1.000000 0.000000
 0.902778 1.000000 1.000000 1.000000 1.183216 1.000000 0.000000
 0.903889 1.000000 1.000000 1.000000 1.183216 1.000000 0.000000
 0.905000 1.000000 1.000000 1.000000 1.183216 1.000000 0.000000
 0.906111 1.000000 1.000000 1.000000 1.183216 1.000000 0.000000
 0.907222 1.000000 1.000000 1.000000 1.183216 1.000000 0.000000
 0.908333 1.000000 1.000000 1.000000 1.183216 1.000000 0.000000
 0.909444 1.000000 1.000000 1.000000 1.183216 1.000000 0.000000
 0.910556 1.000000 1.000000 1.000000 1.183216 1.000000 0.000000
 0.911667 1.000000 1.000000 1.000000 1.183216 1.000000 0.000000
 0.912778 1.000000 1.000000 1.000000 1.183216 1.000000 0.000000
 0.913889 1.000000 1.000000 1.000000 1.183216 1.000000 0.000000
 0.915000 1.000000 1.000000 1.000000 1.183216 1.000000 0.000000
 0.916111 1.000000 1.000000 1.000000 1.183216 1.000000 0.000000
 0.917222 1.000000 1.000000 1.000000 1.183216 1.000000 0.000000
 0.918333 1.000000 1.000000 1.000000 1.183216 1.000000 0.000000
 0.919444 1.000000 1.000000 1.000000 1.183216 1.000000 0.000000
 0.920556 1.000000 1.000000 1.000000 1.183216 1.000000 0.000000
 0.921667 1.000000 1.000000 1.000000 1.183216 1.000000 0.000000
 0.922778 1.000000 1.000000 1.000000 1.183216 1.000000 0.000000
 0.923889 1.000000 1.000000 1.000000 1.183216 1.000000 0.000000
 0.925000 1.000000 1.000000 1.000000 1.183216 1.000000 0.000000
 0.926111 1.000000 1.000000 1.000000 1.183216 1.000000 0.000000
 0.927222 1.000000 1.000000 1.000000 1.183216 1.000000 0.000000
 0.928333 1.000000 1.000000 1.000000 1.183216 1.000000 0.000000
 0.929444 1.000000 1.000000 1.000000 1.183216 1.000000 0.000000
 0.930556 1.000000 1.000000 1.000000 1.183216 1.000000 0.000000
 0.931667 1.000000 1.000000 1.000000 1.183216 1.000000 0.000000
 0.932778 1.000000 1.000000 1.000000 1.183216 1.000000 0.000000
 0.933889 1.000000 1.000000 1.000000 1.183216 1.000000 0.000000
 0.935000 1.000000 1.000000 1.000000 1.183216 1.000000 0.000000
 0.936111 1.000000 1.000000 1.000000 1.183216 1.000000 0.000000
 0.937222 1.000000 1.000000 1.000000 1.183216 1.000000 0.000000
 0.938333 1.000000 1.000000 1.000000 1.183216 1.000000 0.000000
 0.939444 1.000000 1.000000 1.000000 1.183216 1.000000 0.000000
 0.940556 1.000000 1.000000 1.000000 1.183216 1.000000 0.000000
 0.941667 1.000000 1.000000 1.000000 1.183216 1.000000 0.000000
 0.942778 1.000000 1.000000 1.000000 1.183216 1.000000 0.000000
 0.943889 1.000000 1.000000 1.000000 1.183216 1.000000 0.000000
 0.945000 1.000000 1.000000 1.000000 1.183216 1.000000 0.000000
 0.946111 1.000000 1.000000 1.000000 1.183216 1.000000 0.000000
 0.947222 1.000000 1.000000 1.000000 1.183216 1.000000 0.000000
 0.948333 1.000000 1.000000 1.000000 1.183216 1.000000 0.000000
 0.949444 1.000000 1.000000 1.000000 1.183216 1.000000 0.000000
 0.950556 1.000000 1.000000 1.000000 1.183216 1.000000 0.000000
 0.951667 1.000000 1.000000 1.000000 1.183216 1.000000 0.000000
 0.952778 1.000000 1.000000 1.000000 1.183216 1.000000 0.000000
 0.953889 1.000000 1.000000 1.000000 1.183216 1.000000 0.000000
 0.955000 1.000000 1.000000 1.000000 1.183216 1.000000 0.000000
 0.956111 1.000000 1.000000 1.000000 1.183216 1.000000 0.000000
 0.957222 1.000000 1.000000 1.000000 1.183216 1.000000 0.000000
 0.958333 1.000000 1.000000 1.000000 1.183216 1.000000 0.000000
 0.959444 1.000000 1.000000 1.000000 1.183216 1.000000 0.000000
 0.960556 1.000000 1.000000 1.000000 1.183216 1.000000 0.000000
 0.961667 1.000000 1.000000 1.000000 1.183216 1.000000 0.000000
 0.962778 1.000000 1.000000 1.000000 1.183216 1.000000 0.000000
 0.963889 1.000000 1.000000 1.000000 1.183216 1.000000 0.000000
 0.965000 1.000000 1.000000 1.000000 1.183216 1.000000 0.000000
 0.966111 1.000000 1.000000 1.000000 1.183216 1.000000 0.000000
 0.967222 1.000000 1.000000 1.000000 1.183216 1.000000 0.000000
 0.968333 1.000000 1.000000 1.000000 1.183216 1.000000 0.000000
 0.969444 1.000000 1.000000 1.000000 1.183216 1.000000 0.000000
 0.970556 1.000000 1.000000 1.000000 1.183216 1.000000 0.000000
 0.971667 1.000000 1.000000 1.000000 1.183216 1.000000 0.000000
 0.972778 1.000000 1.000000 1.000000 1.183216 1.000000 0.000000
 0.973889 1.000000 1.000000 1.000000 1.183216 1.000000 0.000000
 0.975000 1.000000 1.000000 1.000000 1.183216 1.000000 0.000000
 0.976111 1.000000 1.000000 1.000000 1.183216 1.000000 0.000000
 0.977222 1.000000 1.000000 1.000000 1.183216 1.000000 0.000000
 0.978333 1.000000 1.000000 1.000000 1.183216 1.000000 0.000000
 0.979444 1.000000 1.000000 1.000000 1.183216 1.000000 0.000000
 0.980556 1.000000 1.000000 1.000000 1.183216 1.000000 0.000000
 0.981667 1.000000 1.000000 1.000000 1.183216 1.000000 0.000000
 0.982778 1.000000 1.000000 1.000000 1.183216 1.000000 0.000000
 0.983889 1.000000 1.000000 1.000000 1.183216 1.000000 0.000000
 0.985000 1.000000 1.000000 1.000000 1.183216 1.000000 0.000000
 0.986111 1.000000 1.000000 1.000000 1.183216 1.000000 0.000000
 0.987222 1.000000 1.000000 1.000000 1.183216 1.000000 0.000000
 0.988333 1.000000 1.000000 1.000000 1.183216 1.000000 0.000000
 0.989444 1.000000 1.000000 1.000000 1.183216 1.000000 0.000000
 0.990556 1.000000 1.000000 1.000000 1.183216 1.000000 0.000000
 0.991667 1.000000 1.000000 1.000000 1.183216 1.000000 0.000000
 0.992778 1.000000 1.000000 1.000000 1.183216 1.000000 0.000000
 0.993889 1.000000 1.000000 1.000000 1.183216 1.000000 0.000000
 0.995000 1.000000 1.000000 1.000000 1.183216 1.000000 0.000000
 0.996111 1.000000 1.000000 1.000000 1.183216 1.000000 0.000000
 0.997222 1.000000 1.000000 1.000000 1.183216 1.000000 0.000000
 0.998333 1.000000 1.000000 1.000000 1.183216 1.000000 0.000000
 0.999444 1.000000 1.000000 1.000000 1.183216 1.000000 0.000000
