Timer: 0.144981
 0.000556 1.000000 0.000000 1.000000 1.183216 1.000000 0.000000
 0.001667 1.000000 0.000000 1.000000 1.183216 1.000000 0.000000
 0.002778 1.000000 0.000000 1.000000 1.183216 1.000000 0.000000
 0.003889 1.000000 0.000000 1.000000 1.183216 1.000000 0.000000
 0.005000 1.000000 0.000000 1.000000 1.183216 1.000000 0.000000
 0.006111 1.000000 0.000000 1.000000 1.183216 1.000000 0.000000
 0.007222 1.000000 0.000000 1.000000 1.183216 1.000000 0.000000
 0.008333 1.000000 0.000000 1.000000 1.183216 1.000000 0.000000
 0.009444 1.000000 0.000000 1.000000 1.183216 1.000000 0.000000
 0.010556 1.000000 0.000000 1.000000 1.183216 1.000000 0.000000
 0.011667 1.000000 0.000000 1.000000 1.183216 1.000000 0.000000
 0.012778 1.000000 0.000000 1.000000 1.183216 1.000000 0.000000
 0.013889 1.000000 0.000000 1.000000 1.183216 1.000000 0.000000
 0.015000 1.000000 0.000000 1.000000 1.183216 1.000000 0.000000
 0.016111 1.000000 0.000000 1.000000 1.183216 1.000000 0.000000
 0.017222 1.000000 0.000000 1.000000 1.183216 1.000000 0.000000
 0.018333 1.000000 0.000000 1.000000 1.183216 1.000000 0.000000
 0.019444 1.000000 0.000000 1.000000 1.183216 1.000000 0.000000
 0.020556 1.000000 0.000000 1.000000 1.183216 1.000000 0.000000
 0.021667 1.000000 0.000000 1.000000 1.183216 1.000000 0.000000
 0.022778 1.000000 0.000000 1.000000 1.183216 1.000000 0.000000
 0.023889 1.000000 0.000000 1.000000 1.183216 1.000000 0.000000
 0.025000 1.000000 0.000000 1.000000 1.183216 1.000000 0.000000
 0.026111 1.000000 0.000000 1.000000 1.183216 1.000000 0.000000
 0.027222 1.000000 0.000000 1.000000 1.183216 1.000000 0.000000
 0.028333 1.000000 0.000000 1.000000 1.183216 1.000000 0.000000
 0.029444 1.000000 0.000000 1.000000 1.183216 1.000000 0.000000
 0.030556 1.000000 0.000000 1.000000 1.183216 1.000000 0.000000
 0.031667 1.000000 0.000000 1.000000 1.183216 1.000000 0.000000
 0.032778 1.000000 0.000000 1.000000 1.183216 1.000000 0.000000
 0.033889 1.000000 0.000000 1.000000 1.183216 1.000000 0.000000
 0.035000 1.000000 0.000000 1.000000 1.183216 1.000000 0.000000
 0.036111 1.000000 0.000000 1.000000 1.183216 1.000000 0.000000
 0.037222 1.000000 0.000000 1.000000 1.183216 1.000000 0.000000
 0.038333 1.000000 0.000000 1.000000 1.183216 1.000000 0.000000
 0.039444 1.000000 0.000000 1.000000 1.183216 1.000000 0.000000
 0.040556 1.000000 0.000000 1.000000 1.183216 1.000000 0.000000
 0.041667 1.000000 0.000000 1.000000 1.183216 1.000000 0.000000
 0.042778 1.000000 0.000000 1.000000 1.183216 1.000000 0.000000
 0.043889 1.000000 0.000000 1.000000 1.183216 1.000000 0.000000
 0.045000 1.000000 0.000000 1.000000 1.183216 1.000000 0.000000
 0.046111 1.000000 0.000000 1.000000 1.183216 1.000000 0.000000
 0.047222 1.000000 0.000000 1.000000 1.183216 1.000000 0.000000
 0.048333 1.000000 0.000000 1.000000 1.183216 1.000000 0.000000
 0.049444 1.000000 0.000000 1.000000 1.183216 1.000000 0.000000
 0.050556 1.000000 0.000000 1.000000 1.183216 1.000000 0.000000
 0.051667 1.000000 0.000000 1.000000 1.183216 1.000000 0.000000
 0.052778 1.000000 0.000000 1.000000 1.183216 1.000000 0.000000
 0.053889 1.000000 0.000000 1.000000 1.183216 1.000000 0.000000
 0.055000 1.000000 0.000000 1.000000 1.183216 1.000000 0.000000
 0.056111 1.000000 0.000000 1.000000 1.183216 1.000000 0.000000
 0.057222 1.000000 0.000000 1.000000 1.183216 1.000000 0.000000
 0.058333 1.000000 0.000000 1.000000 1.183216 1.000000 0.000000
 0.059444 1.000000 0.000000 1.000000 1.183216 1.000000 0.000000
 0.060556 1.000000 0.000000 1.000000 1.183216 1.000000 0.000000
 0.061667 1.000000 0.000000 1.000000 1.183216 1.000000 0.000000
 0.062778 1.000000 0.000000 1.000000 1.183216 1.000000 0.000000
 0.063889 1.000000 0.000000 1.000000 1.183216 1.000000 0.000000
 0.065000 1.000000 0.000000 1.000000 1.183216 1.000000 0.000000
 0.066111 1.000000 0.000000 1.000000 1.183216 1.000000 0.000000
 0.067222 1.000000 0.000000 1.000000 1.183216 1.000000 0.000000
 0.068333 1.000000 0.000000 1.000000 1.183216 1.000000 0.000000
 0.069444 1.000000 0.000000 1.000000 1.183216 1.000000 0.000000
 0.070556 1.000000 0.000000 1.000000 1.183216 1.000000 0.000000
 0.071667 1.000000 0.000000 1.000000 1.183216 1.000000 0.000000
 0.072778 1.000000 0.000000 1.000000 1.183216 1.000000 0.000000
 0.073889 1.000000 0.000000 1.000000 1.183216 1.000000 0.000000
 0.075000 1.000000 0.000000 1.000000 1.183216 1.000000 0.000000
 0.076111 1.000000 0.000000 1.000000 1.183216 1.000000 0.000000
 0.077222 1.000000 0.000000 1.000000 1.183216 1.000000 0.000000
 0.078333 1.000000 0.000000 1.000000 1.183216 1.000000 0.000000
 0.079444 1.000000 0.000000 1.000000 1.183216 1.000000 0.000000
 0.080556 1.000000 0.000000 1.000000 1.183216 1.000000 0.000000
 0.081667 1.000000 0.000000 1.000000 1.183216 1.000000 0.000000
 0.082778 1.000000 0.000000 1.000000 1.183216 1.000000 0.000000
 0.083889 1.000000 0.000000 1.000000 1.183216 1.000000 0.000000
 0.085000 1.000000 0.000000 1.000000 1.183216 1.000000 0.000000
 0.086111 1.000000 0.000000 1.000000 1.183216 1.000000 0.000000
 0.087222 1.000000 0.000000 1.000000 1.183216 1.000000 0.000000
 0.088333 1.000000 0.000000 1.000000 1.183216 1.000000 0.000000
 0.089444 1.000000 0.000000 1.000000 1.183216 1.000000 0.000000
 0.090556 1.000000 0.000000 1.000000 1.183216 1.000000 0.000000
 0.091667 1.000000 0.000000 1.000000 1.183216 1.000000 0.000000
 0.092778 1.000000 0.000000 1.000000 1.183216 1.000000 0.000000
 0.093889 1.000000 0.000000 1.000000 1.183216 1.000000 0.000000
 0.095000 1.000000 0.000000 1.000000 1.183216 1.000000 0.000000
 0.096111 1.000000 0.000000 1.000000 1.183216 1.000000 0.000000
 0.097222 1.000000 0.000000 1.000000 1.183216 1.000000 0.000000
 0.098333 1.000000 0.000000 1.000000 1.183216 1.000000 0.000000
 0.099444 1.000000 0.000000 1.000000 1.183216 1.000000 0.000000
 0.100556 1.000000 0.000000 1.000000 1.183216 1.000000 0.000000
 0.101667 1.000000 0.000000 1.000000 1.183216 1.000000 0.000000
 0.102778 1.000000 0.000000 1.000000 1.183216 1.000000 0.000000
 0.103889 1.000000 0.000000 1.000000 1.183216 1.000000 0.000000
 0.105000 1.000000 0.000000 1.000000 1.183216 1.000000 0.000000
 0.106111 1.000000 0.000000 1.000000 1.183216 1.000000 0.000000
 0.107222 1.000000 0.000000 1.000000 1.183216 1.000000 0.000000
 0.108333 1.000000 0.000000 1.000000 1.183216 1.000000 0.000000
 0.109444 1.000000 0.000000 1.000000 1.183216 1.000000 0.000000
 0.110556 1.000000 0.000000 1.000000 1.183216 1.000000 0.000000
 0.111667 1.000000 0.000000 1.000000 1.183216 1.000000 0.000000
 0.112778 1.000000 0.000000 1.000000 1.183216 1.000000 0.000000
 0.113889 1.000000 0.000000 1.000000 1.183216 1.000000 0.000000
 0.115000 1.000000 0.000000 1.000000 1.183216 1.000000 0.000000
 0.116111 1.000000 0.000000 1.000000 1.183216 1.000000 0.000000
 0.117222 1.000000 0.000000 1.000000 1.183216 1.000000 0.000000
 0.118333 1.000000 0.000000 1.000000 1.183216 1.000000 0.000000
 0.119444 1.000000 0.000000 1.000000 1.183216 1.000000 0.000000
 0.120556 1.000000 0.000000 1.000000 1.183216 1.000000 0.000000
 0.121667 1.000000 0.000000 1.000000 1.183216 1.000000 0.000000
 0.122778 1.000000 0.000000 1.000000 1.183216 1.000000 0.000000
 0.123889 1.000000 0.000000 1.000000 1.183216 1.000000 0.000000
 0.125000 1.000000 0.000000 1.000000 1.183216 1.000000 0.000000
 0.126111 1.000000 0.000000 1.000000 1.183216 1.000000 0.000000
 0.127222 1.000000 0.000000 1.000000 1.183216 1.000000 0.000000
 0.128333 1.000000 0.000000 1.000000 1.183216 1.000000 0.000000
 0.129444 1.000000 0.000000 1.000000 1.183216 1.000000 0.000000
 0.130556 1.000000 0.000000 1.000000 1.183216 1.000000 0.000000
 0.131667 1.000000 0.000000 1.000000 1.183216 1.000000 0.000000
 0.132778 1.000000 0.000000 1.000000 1.183216 1.000000 0.000000
 0.133889 1.000000 0.000000 1.000000 1.183216 1.000000 0.000000
 0.135000 1.000000 0.000000 1.000000 1.183216 1.000000 0.000000
 0.136111 1.000000 0.000000 1.000000 1.183216 1.000000 0.000000
 0.137222 1.000000 0.000000 1.000000 1.183216 1.000000 0.000000
 0.138333 1.000000 0.000000 1.000000 1.183216 1.000000 0.000000
 0.139444 1.000000 0.000000 1.000000 1.183216 1.000000 0.000000
 0.140556 1.000000 0.000000 1.000000 1.183216 1.000000 0.000000
 0.141667 1.000000 0.000000 1.000000 1.183216 1.000000 0.000000
 0.142778 1.000000 0.000000 1.000000 1.183216 1.000000 0.000000
 0.143889 1.000000 0.000000 1.000000 1.183216 1.000000 0.000000
 0.145000 1.000000 0.000000 1.000000 1.183216 1.000000 0.000000
 0.146111 1.000000 0.000000 1.000000 1.183216 1.000000 0.000000
 0.147222 1.000000 0.000000 1.000000 1.183216 1.000000 0.000000
 0.148333 1.000000 0.000000 1.000000 1.183216 1.000000 0.000000
 0.149444 1.000000 0.000000 1.000000 1.183216 1.000000 0.000000
 0.150556 1.000000 0.000000 1.000000 1.183216 1.000000 0.000000
 0.151667 1.000000 0.000000 1.000000 1.183216 1.000000 0.000000
 0.152778 1.000000 0.000000 1.000000 1.183216 1.000000 0.000000
 0.153889 1.000000 0.000000 1.000000 1.183216 1.000000 0.000000
 0.155000 1.000000 0.000000 1.000000 1.183216 1.000000 0.000000
 0.156111 1.000000 0.000000 1.000000 1.183216 1.000000 0.000000
 0.157222 1.000000 0.000000 1.000000 1.183216 1.000000 0.000000
 0.158333 1.000000 0.000000 1.000000 1.183216 1.000000 0.000000
 0.159444 1.000000 0.000000 1.000000 1.183216 1.000000 0.000000
 0.160556 1.000000 0.000000 1.000000 1.183216 1.000000 0.000000
 0.161667 1.000000 0.000000 1.000000 1.183216 1.000000 0.000000
 0.162778 1.000000 0.000000 1.000000 1.183216 1.000000 0.000000
 0.163889 1.000000 0.000000 1.000000 1.183216 1.000000 0.000000
 0.165000 1.000000 0.000000 1.000000 1.183216 1.000000 0.000000
 0.166111 1.000000 0.000000 1.000000 1.183216 1.000000 0.000000
 0.167222 1.000000 0.000000 1.000000 1.183216 1.000000 0.000000
 0.168333 1.000000 0.000000 1.000000 1.183216 1.000000 0.000000
 0.169444 1.000000 0.000000 1.000000 1.183216 1.000000 0.000000
 0.170556 1.000000 0.000000 1.000000 1.183216 1.000000 0.000000
 0.171667 1.000000 0.000000 1.000000 1.183216 1.000000 0.000000
 0.172778 1.000000 0.000000 1.000000 1.183216 1.000000 0.000000
 0.173889 1.000000 0.000000 1.000000 1.183216 1.000000 0.000000
 0.175000 1.000000 0.000000 1.000000 1.183216 1.000000 0.000000
 0.176111 1.000000 0.000000 1.000000 1.183216 1.000000 0.000000
 0.177222 1.000000 0.000000 1.000000 1.183216 1.000000 0.000000
 0.178333 1.000000 0.000000 1.000000 1.183216 1.000000 0.000000
 0.179444 1.000000 0.000000 1.000000 1.183216 1.000000 0.000000
 0.180556 1.000000 0.000000 1.000000 1.183216 1.000000 0.000000
 0.181667 1.000000 0.000000 1.000000 1.183216 1.000000 0.000000
 0.182778 1.000000 0.000000 1.000000 1.183216 1.000000 0.000000
 0.183889 1.000000 0.000000 1.000000 1.183216 1.000000 0.000000
 0.185000 1.000000 0.000000 1.000000 1.183216 1.000000 0.000000
 0.186111 1.000000 0.000000 1.000000 1.183216 1.000000 0.000000
 0.187222 1.000000 0.000000 1.000000 1.183216 1.000000 0.000000
 0.188333 1.000000 0.000000 1.000000 1.183216 1.000000 0.000000
 0.189444 1.000000 0.000000 1.000000 1.183216 1.000000 0.000000
 0.190556 1.000000 0.000000 1.000000 1.183216 1.000000 0.000000
 0.191667 1.000000 0.000000 1.000000 1.183216 1.000000 0.000000
 0.192778 1.000000 0.000000 1.000000 1.183216 1.000000 0.000000
 0.193889 1.000000 0.000000 1.000000 1.183216 1.000000 0.000000
 0.195000 1.000000 0.000000 1.000000 1.183216 1.000000 0.000000
 0.196111 1.000000 0.000000 1.000000 1.183216 1.000000 0.000000
 0.197222 1.000000 0.000000 1.000000 1.183216 1.000000 0.000000
 0.198333 1.000000 0.000000 1.000000 1.183216 1.000000 0.000000
 0.199444 1.000000 0.000000 1.000000 1.183216 1.000000 0.000000
 0.200556 1.000000 0.000000 1.000000 1.183216 1.000000 0.000000
 0.201667 1.000000 0.000000 1.000000 1.183216 1.000000 0.000000
 0.202778 1.000000 0.000000 1.000000 1.183216 1.000000 0.000000
 0.203889 1.000000 0.000000 1.000000 1.183216 1.000000 0.000000
 0.205000 1.000000 0.000000 1.000000 1.183216 1.000000 0.000000
 0.206111 1.000000 0.000000 1.000000 1.183216 1.000000 0.000000
 0.207222 1.000000 0.000000 1.000000 1.183216 1.000000 0.000000
 0.208333 1.000000 0.000000 1.000000 1.183216 1.000000 0.000000
 0.209444 1.000000 0.000000 1.000000 1.183216 1.000000 0.000000
 0.210556 1.000000 0.000000 1.000000 1.183216 1.000000 0.000000
 0.211667 1.000000 0.000000 1.000000 1.183216 1.000000 0.000000
 0.212778 1.000000 0.000000 1.000000 1.183216 1.000000 0.000000
 0.213889 1.000000 0.000000 1.000000 1.183216 1.000000 0.000000
 0.215000 1.000000 0.000000 1.000000 1.183216 1.000000 0.000000
 0.216111 1.000000 0.000000 1.000000 1.183216 1.000000 0.000000
 0.217222 1.000000 0.000000 1.000000 1.183216 1.000000 0.000000
 0.218333 1.000000 0.000000 1.000000 1.183216 1.000000 0.000000
 0.219444 1.000000 0.000000 1.000000 1.183216 1.000000 0.000000
 0.220556 1.000000 0.000000 1.000000 1.183216 1.000000 0.000000
 0.221667 1.000000 0.000000 1.000000 1.183216 1.000000 0.000000
 0.222778 1.000000 0.000000 1.000000 1.183216 1.000000 0.000000
 0.223889 1.000000 0.000000 1.000000 1.183216 1.000000 0.000000
 0.225000 1.000000 0.000000 1.000000 1.183216 1.000000 0.000000
 0.226111 1.000000 0.000000 1.000000 1.183216 1.000000 0.000000
 0.227222 1.000000 0.000000 1.000000 1.183216 1.000000 0.000000
 0.228333 1.000000 0.000000 1.000000 1.183216 1.000000 0.000000
 0.229444 1.000000 0.000000 1.000000 1.183216 1.000000 0.000000
 0.230556 1.000000 0.000000 1.000000 1.183216 1.000000 0.000000
 0.231667 1.000000 0.000000 1.000000 1.183216 1.000000 0.000000
 0.232778 1.000000 0.000000 1.000000 1.183216 1.000000 0.000000
 0.233889 1.000000 0.000000 1.000000 1.183216 1.000000 0.000000
 0.235000 1.000000 0.000000 1.000000 1.183216 1.000000 0.000000
 0.236111 1.000000 0.000000 1.000000 1.183216 1.000000 0.000000
 0.237222 1.000000 0.000000 1.000000 1.183216 1.000000 0.000000
 0.238333 1.000000 0.000000 1.000000 1.183216 1.000000 0.000000
 0.239444 1.000000 0.000000 1.000000 1.183216 1.000000 0.000000
 0.240556 1.000000 0.000000 1.000000 1.183216 1.000000 0.000000
 0.241667 1.000000 0.000000 1.000000 1.183216 1.000000 0.000000
 0.242778 1.000000 0.000000 1.000000 1.183216 1.000000 0.000000
 0.243889 1.000000 0.000000 1.000000 1.183216 1.000000 0.000000
 0.245000 1.000000 0.000000 1.000000 1.183216 1.000000 0.000000
 0.246111 1.000000 0.000000 1.000000 1.183216 1.000000 0.000000
 0.247222 1.000000 0.000000 1.000000 1.183216 1.000000 0.000000
 0.248333 1.000000 0.000000 1.000000 1.183216 1.000000 0.000000
 0.249444 1.000000 0.000000 1.000000 1.183216 1.000000 0.000000
 0.250556 1.000000 0.000000 1.000000 1.183216 1.000000 0.000000
 0.251667 1.000000 0.000000 1.000000 1.183216 1.000000 0.000000
 0.252778 1.000000 0.000000 1.000000 1.183216 1.000000 0.000000
 0.253889 1.000000 0.000000 1.000000 1.183216 1.000000 0.000000
 0.255000 1.000000 0.000000 1.000000 1.183216 1.000000 0.000000
 0.256111 1.000000 0.000000 1.000000 1.183216 1.000000 0.000000
 0.257222 1.000000 0.000000 1.000000 1.183216 1.000000 0.000000
 0.258333 1.000000 0.000000 1.000000 1.183216 1.000000 0.000000
 0.259444 1.000000 0.000000 1.000000 1.183216 1.000000 0.000000
 0.260556 1.000000 0.000000 1.000000 1.183216 1.000000 0.000000
 0.261667 1.000000 0.000000 1.000000 1.183216 1.000000 0.000000
 0.262778 1.000000 0.000000 1.000000 1.183216 1.000000 0.000000
 0.263889 1.000000 0.000000 1.000000 1.183216 1.000000 0.000000
 0.265000 1.000000 0.000000 1.000000 1.183216 1.000000 0.000000
 0.266111 1.000000 0.000000 1.000000 1.183216 1.000000 0.000000
 0.267222 1.000000 0.000000 1.000000 1.183216 1.000000 0.000000
 0.268333 1.000000 0.000000 1.000000 1.183216 1.000000 0.000000
 0.269444 1.000000 0.000000 1.000000 1.183216 1.000000 0.000000
 0.270556 1.000000 0.000000 1.000000 1.183216 1.000000 0.000000
 0.271667 1.000000 0.000001 0.999999 1.183216 1.000000 0.000000
 0.272778 0.999999 0.000001 0.999999 1.183216 1.000000 0.000000
 0.273889 0.999999 0.000001 0.999999 1.183216 1.000000 0.000000
 0.275000 0.999999 0.000002 0.999998 1.183216 1.000000 0.000000
 0.276111 0.999998 0.000002 0.999997 1.183215 1.000000 0.000000
 0.277222 0.999997 0.000004 0.999996 1.183215 1.000000 0.000000
 0.278333 0.999996 0.000005 0.999994 1.183215 1.000000 0.000000
 0.279444 0.999994 0.000007 0.999992 1.183215 1.000000 0.000000
 0.280556 0.999992 0.000010 0.999988 1.183214 1.000000 0.000000
 0.281667 0.999988 0.000014 0.999983 1.183213 1.000000 0.000000
 0.282778 0.999984 0.000019 0.999977 1.183212 1.000000 0.000000
 0.283889 0.999977 0.000027 0.999968 1.183211 1.000000 0.000000
 0.285000 0.999969 0.000037 0.999957 1.183209 1.000000 0.000000
 0.286111 0.999958 0.000050 0.999941 1.183206 1.000000 0.000000
 0.287222 0.999943 0.000067 0.999921 1.183203 1.000000 0.000000
 0.288333 0.999924 0.000090 0.999894 1.183198 1.000000 0.000000
 0.289444 0.999899 0.000119 0.999859 1.183192 1.000000 0.000000
 0.290556 0.999867 0.000157 0.999814 1.183184 1.000000 0.000000
 0.291667 0.999826 0.000206 0.999756 1.183175 1.000000 0.000000
 0.292778 0.999773 0.000268 0.999682 1.183162 1.000000 0.000000
 0.293889 0.999707 0.000347 0.999589 1.183147 1.000000 0.000000
 0.295000 0.999624 0.000445 0.999473 1.183127 1.000000 0.000000
 0.296111 0.999520 0.000568 0.999328 1.183102 1.000000 0.000000
 0.297222 0.999393 0.000719 0.999150 1.183072 1.000000 0.000000
 0.298333 0.999237 0.000903 0.998932 1.183035 1.000000 0.000000
 0.299444 0.999048 0.001127 0.998667 1.182991 1.000000 0.000000
 0.300556 0.998819 0.001398 0.998348 1.182936 1.000000 0.000000
 0.301667 0.998547 0.001721 0.997966 1.182872 1.000000 0.000000
 0.302778 0.998223 0.002104 0.997513 1.182795 1.000000 0.000000
 0.303889 0.997842 0.002556 0.996980 1.182705 1.000000 0.000000
 0.305000 0.997396 0.003084 0.996357 1.182599 1.000000 0.000000
 0.306111 0.996879 0.003697 0.995634 1.182477 1.000000 0.000000
 0.307222 0.996284 0.004403 0.994802 1.182336 1.000001 0.000000
 0.308333 0.995603 0.005211 0.993851 1.182174 1.000001 0.000000
 0.309444 0.994831 0.006128 0.992771 1.181991 1.000001 0.000000
 0.310556 0.993959 0.007164 0.991555 1.181784 1.000001 0.000000
 0.311667 0.992983 0.008324 0.990192 1.181552 1.000002 0.000000
 0.312778 0.991897 0.009617 0.988676 1.181294 1.000002 0.000000
 0.313889 0.990695 0.011048 0.987000 1.181008 1.000003 0.000000
 0.315000 0.989374 0.012623 0.985160 1.180693 1.000004 0.000000
 0.316111 0.987931 0.014345 0.983149 1.180349 1.000005 0.000000
 0.317222 0.986362 0.016219 0.980966 1.179975 1.000006 0.000000
 0.318333 0.984667 0.018248 0.978607 1.179569 1.000007 0.000000
 0.319444 0.982844 0.020432 0.976073 1.179133 1.000009 0.000000
 0.320556 0.980893 0.022772 0.973363 1.178666 1.000011 0.000000
 0.321667 0.978815 0.025270 0.970480 1.178167 1.000013 0.000000
 0.322778 0.976611 0.027923 0.967424 1.177638 1.000015 0.000000
 0.323889 0.974284 0.030729 0.964201 1.177077 1.000018 0.000000
 0.325000 0.971835 0.033687 0.960813 1.176487 1.000021 0.000000
 0.326111 0.969269 0.036794 0.957266 1.175867 1.000024 0.000000
 0.327222 0.966589 0.040046 0.953565 1.175218 1.000027 0.000000
 0.328333 0.963799 0.043439 0.949717 1.174541 1.000031 0.000000
 0.329444 0.960902 0.046968 0.945728 1.173836 1.000035 0.000000
 0.330556 0.957905 0.050630 0.941605 1.173106 1.000040 0.000000
 0.331667 0.954811 0.054420 0.937354 1.172350 1.000044 0.000000
 0.332778 0.951625 0.058332 0.932983 1.171569 1.000050 0.000000
 0.333889 0.948352 0.062361 0.928499 1.170765 1.000055 0.000000
 0.335000 0.944997 0.066503 0.923909 1.169939 1.000061 0.000000
 0.336111 0.941565 0.070753 0.919219 1.169091 1.000067 0.000000
 0.337222 0.938060 0.075105 0.914438 1.168223 1.000073 0.000000
 0.338333 0.934486 0.079555 0.909571 1.167336 1.000079 0.000000
 0.339444 0.930850 0.084099 0.904626 1.166430 1.000086 0.000000
 0.340556 0.927154 0.088730 0.899607 1.165506 1.000093 0.000000
 0.341667 0.923403 0.093446 0.894523 1.164566 1.000101 0.000000
 0.342778 0.919601 0.098241 0.889378 1.163610 1.000108 0.000000
 0.343889 0.915752 0.103112 0.884177 1.162639 1.000116 0.000000
 0.345000 0.911859 0.108054 0.878927 1.161653 1.000124 0.000000
 0.346111 0.907927 0.113064 0.873632 1.160655 1.000133 0.000000
 0.347222 0.903957 0.118138 0.868298 1.159643 1.000142 0.000000
 0.348333 0.899955 0.123273 0.862927 1.158619 1.000150 0.000000
 0.349444 0.895921 0.128466 0.857526 1.157584 1.000159 0.000000
 0.350556 0.891860 0.133714 0.852097 1.156538 1.000169 0.000000
 0.351667 0.887774 0.139012 0.846645 1.155482 1.000178 0.000000
 0.352778 0.883666 0.144360 0.841172 1.154416 1.000188 0.000000
 0.353889 0.879537 0.149754 0.835683 1.153341 1.000198 0.000000
 0.355000 0.875391 0.155192 0.830181 1.152257 1.000208 0.000000
 0.356111 0.871228 0.160671 0.824668 1.151165 1.000218 0.000000
 0.357222 0.867052 0.166190 0.819147 1.150066 1.000228 0.000000
 0.358333 0.862863 0.171746 0.813621 1.148958 1.000239 0.000000
 0.359444 0.858664 0.177338 0.808092 1.147844 1.000250 0.000000
 0.360556 0.854456 0.182963 0.802563 1.146723 1.000261 0.000000
 0.361667 0.850241 0.188620 0.797035 1.145596 1.000272 0.000000
 0.362778 0.846021 0.194307 0.791510 1.144463 1.000283 0.000000
 0.363889 0.841795 0.200023 0.785990 1.143324 1.000294 0.000000
 0.365000 0.837567 0.205766 0.780477 1.142179 1.000306 0.000000
 0.366111 0.833337 0.211535 0.774973 1.141030 1.000317 0.000000
 0.367222 0.829105 0.217330 0.769478 1.139875 1.000329 0.000000
 0.368333 0.824874 0.223147 0.763995 1.138716 1.000341 0.000000
 0.369444 0.820643 0.228987 0.758524 1.137553 1.000353 0.000000
 0.370556 0.816415 0.234849 0.753067 1.136385 1.000365 0.000000
 0.371667 0.812189 0.240731 0.747625 1.135213 1.000377 0.000000
 0.372778 0.807967 0.246633 0.742199 1.134037 1.000389 0.000000
 0.373889 0.803750 0.252553 0.736789 1.132858 1.000402 0.000000
 0.375000 0.799537 0.258491 0.731398 1.131675 1.000414 0.000000
 0.376111 0.795330 0.264446 0.726025 1.130488 1.000427 0.000000
 0.377222 0.791129 0.270417 0.720671 1.129299 1.000440 0.000000
 0.378333 0.786935 0.276404 0.715337 1.128106 1.000452 0.000000
 0.379444 0.782748 0.282406 0.710024 1.126911 1.000465 0.000000
 0.380556 0.778570 0.288423 0.704732 1.125712 1.000478 0.000000
 0.381667 0.774399 0.294453 0.699463 1.124511 1.000491 0.000000
 0.382778 0.770238 0.300496 0.694215 1.123307 1.000505 0.000000
 0.383889 0.766086 0.306552 0.688990 1.122101 1.000518 0.000000
 0.385000 0.761943 0.312620 0.683789 1.120892 1.000531 0.000000
 0.386111 0.757811 0.318700 0.678612 1.119681 1.000545 0.000000
 0.387222 0.753688 0.324791 0.673459 1.118468 1.000558 0.000000
 0.388333 0.749577 0.330893 0.668330 1.117253 1.000572 0.000000
 0.389444 0.745476 0.337006 0.663226 1.116035 1.000586 0.000000
 0.390556 0.741387 0.343128 0.658147 1.114816 1.000599 0.000000
 0.391667 0.737309 0.349260 0.653093 1.113594 1.000613 0.000000
 0.392778 0.733242 0.355402 0.648066 1.112371 1.000627 0.000000
 0.393889 0.729188 0.361553 0.643064 1.111146 1.000641 0.000000
 0.395000 0.725146 0.367713 0.638088 1.109919 1.000655 0.000000
 0.396111 0.721117 0.373881 0.633138 1.108691 1.000670 0.000000
 0.397222 0.717100 0.380057 0.628215 1.107461 1.000684 0.000000
 0.398333 0.713096 0.386241 0.623319 1.106229 1.000698 0.000000
 0.399444 0.709105 0.392433 0.618449 1.104996 1.000713 0.000000
 0.400556 0.705127 0.398633 0.613606 1.103762 1.000727 0.000000
 0.401667 0.701162 0.404839 0.608790 1.102526 1.000742 0.000000
 0.402778 0.697211 0.411053 0.604001 1.101288 1.000756 0.000000
 0.403889 0.693273 0.417274 0.599240 1.100049 1.000771 0.000000
 0.405000 0.689349 0.423501 0.594505 1.098809 1.000786 0.000000
 0.406111 0.685438 0.429735 0.589798 1.097568 1.000800 0.000000
 0.407222 0.681542 0.435975 0.585118 1.096325 1.000815 0.000000
 0.408333 0.677659 0.442221 0.580465 1.095082 1.000830 0.000000
 0.409444 0.673791 0.448473 0.575840 1.093837 1.000845 0.000000
 0.410556 0.669936 0.454731 0.571242 1.092590 1.000860 0.000000
 0.411667 0.666096 0.460994 0.566672 1.091343 1.000875 0.000000
 0.412778 0.662270 0.467263 0.562129 1.090095 1.000890 0.000000
 0.413889 0.658459 0.473538 0.557613 1.088846 1.000906 0.000000
 0.415000 0.654662 0.479818 0.553125 1.087595 1.000921 0.000000
 0.416111 0.650879 0.486103 0.548664 1.086344 1.000936 0.000000
 0.417222 0.647111 0.492393 0.544231 1.085091 1.000952 0.000000
 0.418333 0.643357 0.498687 0.539825 1.083838 1.000967 0.000000
 0.419444 0.639618 0.504987 0.535446 1.082584 1.000983 0.000000
 0.420556 0.635894 0.511292 0.531094 1.081328 1.000998 0.000000
 0.421667 0.632184 0.517601 0.526770 1.080072 1.001014 0.000000
 0.422778 0.628489 0.523914 0.522473 1.078815 1.001029 0.000000
 0.423889 0.624809 0.530232 0.518203 1.077557 1.001045 0.000000
 0.425000 0.621144 0.536555 0.513960 1.076298 1.001061 0.000000
 0.426111 0.617493 0.542882 0.509744 1.075039 1.001077 0.000000
 0.427222 0.613857 0.549213 0.505555 1.073778 1.001092 0.000000
 0.428333 0.610236 0.555548 0.501393 1.072517 1.001108 0.000000
 0.429444 0.606630 0.561887 0.497258 1.071255 1.001124 0.000000
 0.430556 0.603039 0.568230 0.493149 1.069992 1.001140 0.000000
 0.431667 0.599462 0.574578 0.489067 1.068728 1.001156 0.000000
 0.432778 0.595900 0.580929 0.485011 1.067464 1.001172 0.000000
 0.433889 0.592353 0.587284 0.480982 1.066199 1.001189 0.000000
 0.435000 0.588821 0.593642 0.476980 1.064933 1.001205 0.000000
 0.436111 0.585304 0.600005 0.473003 1.063666 1.001221 0.000000
 0.437222 0.581802 0.606371 0.469053 1.062399 1.001237 0.000000
 0.438333 0.578314 0.612741 0.465129 1.061131 1.001253 0.000000
 0.439444 0.574842 0.619114 0.461231 1.059862 1.001270 0.000000
 0.440556 0.571384 0.625491 0.457359 1.058592 1.001286 0.000000
 0.441667 0.567941 0.631871 0.453513 1.057322 1.001302 0.000000
 0.442778 0.564513 0.638255 0.449692 1.056051 1.001319 0.000000
 0.443889 0.561099 0.644642 0.445898 1.054780 1.001335 0.000000
 0.445000 0.557701 0.651033 0.442128 1.053507 1.001352 0.000000
 0.446111 0.554317 0.657427 0.438384 1.052234 1.001368 0.000000
 0.447222 0.550948 0.663824 0.434666 1.050961 1.001385 0.000000
 0.448333 0.547593 0.670224 0.430973 1.049687 1.001401 0.000000
 0.449444 0.544254 0.676628 0.427305 1.048412 1.001418 0.000000
 0.450556 0.540929 0.683035 0.423661 1.047137 1.001435 0.000000
 0.451667 0.537619 0.689445 0.420043 1.045861 1.001451 0.000000
 0.452778 0.534323 0.695858 0.416450 1.044584 1.001468 0.000000
 0.453889 0.531043 0.702274 0.412882 1.043307 1.001484 0.000000
 0.455000 0.527777 0.708692 0.409338 1.042029 1.001501 0.000000
 0.456111 0.524525 0.715114 0.405818 1.040751 1.001518 0.000000
 0.457222 0.521289 0.721539 0.402324 1.039472 1.001535 0.000000
 0.458333 0.518067 0.727966 0.398853 1.038192 1.001551 0.000000
 0.459444 0.514859 0.734396 0.395407 1.036912 1.001568 0.000000
 0.460556 0.511667 0.740828 0.391985 1.035632 1.001585 0.000000
 0.461667 0.508489 0.747263 0.388588 1.034351 1.001602 0.000000
 0.462778 0.505326 0.753700 0.385214 1.033069 1.001619 0.000000
 0.463889 0.502178 0.760139 0.381865 1.031788 1.001635 0.000000
 0.465000 0.499044 0.766580 0.378540 1.030505 1.001652 0.000000
 0.466111 0.495926 0.773022 0.375238 1.029223 1.001669 0.000000
 0.467222 0.492822 0.779466 0.371961 1.027940 1.001686 0.000000
 0.468333 0.489734 0.785911 0.368708 1.026657 1.001703 0.000000
 0.469444 0.486661 0.792357 0.365479 1.025374 1.001720 0.000000
 0.470556 0.483603 0.798803 0.362275 1.024091 1.001736 0.000000
 0.471667 0.480561 0.805248 0.359094 1.022808 1.001753 0.000000
 0.472778 0.477535 0.811691 0.355939 1.021525 1.001770 0.000000
 0.473889 0.474525 0.818133 0.352808 1.020243 1.001787 0.000000
 0.475000 0.471533 0.824570 0.349703 1.018961 1.001804 0.000000
 0.476111 0.468558 0.831003 0.346624 1.017681 1.001820 0.000000
 0.477222 0.465601 0.837429 0.343571 1.016402 1.001837 0.000000
 0.478333 0.462663 0.843845 0.340546 1.015124 1.001854 0.000000
 0.479444 0.459747 0.850248 0.337550 1.013850 1.001870 0.000000
 0.480556 0.456853 0.856633 0.334584 1.012578 1.001887 0.000000
 0.481667 0.453984 0.862996 0.331652 1.011312 1.001904 0.000000
 0.482778 0.451143 0.869327 0.328756 1.010051 1.001920 0.000000
 0.483889 0.448335 0.875617 0.325900 1.008799 1.001936 0.000000
 0.485000 0.445566 0.881851 0.323090 1.007558 1.001953 0.000000
 0.486111 0.442844 0.888009 0.320336 1.006332 1.001969 0.000000
 0.487222 0.440182 0.894062 0.317648 1.005127 1.001984 0.000000
 0.488333 0.437595 0.899969 0.315043 1.003951 1.002000 0.000000
 0.489444 0.435109 0.905673 0.312545 1.002815 1.002015 0.000000
 0.490556 0.432758 0.911091 0.310187 1.001736 1.002030 0.000000
 0.491667 0.430589 0.916107 0.308018 1.000737 1.002044 0.000000
 0.492778 0.428667 0.920571 0.306098 0.999849 1.002058 0.000000
 0.493889 0.427065 0.924299 0.304502 0.999108 1.002072 0.000000
 0.495000 0.425856 0.927118 0.303300 0.998548 1.002086 0.000000
 0.496111 0.425074 0.928942 0.302525 0.998189 1.002101 0.000000
 0.497222 0.424681 0.929854 0.302138 0.998012 1.002116 0.000000
 0.498333 0.424565 0.930117 0.302027 0.997965 1.002132 0.000000
 0.499444 0.424589 0.930047 0.302057 0.997984 1.002148 0.000000
 0.500556 0.424660 0.929870 0.302132 0.998026 1.002164 0.000000
 0.501667 0.424735 0.929681 0.302212 0.998069 1.002181 0.000000
 0.502778 0.424807 0.929501 0.302289 0.998111 1.002198 0.000000
 0.503889 0.424873 0.929334 0.302360 0.998151 1.002215 0.000000
 0.505000 0.424933 0.929181 0.302425 0.998188 1.002232 0.000000
 0.506111 0.424987 0.929041 0.302484 0.998222 1.002250 0.000000
 0.507222 0.425036 0.928915 0.302538 0.998254 1.002268 0.000000
 0.508333 0.425079 0.928801 0.302586 0.998283 1.002286 0.000000
 0.509444 0.425117 0.928698 0.302630 0.998310 1.002305 0.000000
 0.510556 0.425151 0.928605 0.302670 0.998336 1.002324 0.000000
 0.511667 0.425181 0.928521 0.302705 0.998360 1.002343 0.000000
 0.512778 0.425208 0.928445 0.302738 0.998382 1.002362 0.000000
 0.513889 0.425231 0.928376 0.302767 0.998403 1.002382 0.000000
 0.515000 0.425252 0.928314 0.302794 0.998422 1.002403 0.000000
 0.516111 0.425270 0.928257 0.302818 0.998441 1.002423 0.000000
 0.517222 0.425285 0.928205 0.302840 0.998459 1.002444 0.000000
 0.518333 0.425299 0.928158 0.302860 0.998476 1.002466 0.000000
 0.519444 0.425311 0.928115 0.302878 0.998493 1.002488 0.000000
 0.520556 0.425321 0.928076 0.302895 0.998508 1.002510 0.000000
 0.521667 0.425330 0.928040 0.302911 0.998524 1.002533 0.000000
 0.522778 0.425337 0.928007 0.302925 0.998539 1.002556 0.000000
 0.523889 0.425343 0.927976 0.302938 0.998553 1.002579 0.000000
 0.525000 0.425348 0.927948 0.302950 0.998567 1.002603 0.000000
 0.526111 0.425352 0.927922 0.302961 0.998581 1.002628 0.000000
 0.527222 0.425354 0.927898 0.302972 0.998595 1.002653 0.000000
 0.528333 0.425356 0.927876 0.302981 0.998609 1.002678 0.000000
 0.529444 0.425357 0.927855 0.302990 0.998622 1.002704 0.000000
 0.530556 0.425358 0.927836 0.302998 0.998636 1.002731 0.000000
 0.531667 0.425357 0.927818 0.303006 0.998649 1.002758 0.000000
 0.532778 0.425356 0.927802 0.303013 0.998662 1.002785 0.000000
 0.533889 0.425354 0.927786 0.303020 0.998675 1.002814 0.000000
 0.535000 0.425352 0.927772 0.303026 0.998688 1.002843 0.000000
 0.536111 0.425348 0.927759 0.303032 0.998702 1.002872 0.000000
 0.537222 0.425345 0.927746 0.303037 0.998715 1.002902 0.000000
 0.538333 0.425341 0.927734 0.303042 0.998728 1.002933 0.000000
 0.539444 0.425336 0.927723 0.303047 0.998742 1.002965 0.000000
 0.540556 0.425331 0.927713 0.303052 0.998755 1.002997 0.000000
 0.541667 0.425325 0.927703 0.303056 0.998769 1.003030 0.000000
 0.542778 0.425319 0.927694 0.303060 0.998783 1.003064 0.000000
 0.543889 0.425312 0.927686 0.303064 0.998797 1.003098 0.000000
 0.545000 0.425305 0.927678 0.303067 0.998811 1.003134 0.000000
 0.546111 0.425297 0.927670 0.303071 0.998826 1.003170 0.000000
 0.547222 0.425289 0.927663 0.303074 0.998841 1.003207 0.000000
 0.548333 0.425281 0.927656 0.303077 0.998856 1.003245 0.000000
 0.549444 0.425272 0.927650 0.303080 0.998871 1.003284 0.000000
 0.550556 0.425262 0.927644 0.303083 0.998886 1.003324 0.000000
 0.551667 0.425252 0.927638 0.303085 0.998902 1.003366 0.000000
 0.552778 0.425242 0.927633 0.303088 0.998918 1.003408 0.000000
 0.553889 0.425231 0.927628 0.303090 0.998935 1.003451 0.000000
 0.555000 0.425220 0.927623 0.303092 0.998952 1.003496 0.000000
 0.556111 0.425208 0.927619 0.303094 0.998969 1.003542 0.000000
 0.557222 0.425196 0.927614 0.303096 0.998987 1.003589 0.000000
 0.558333 0.425183 0.927610 0.303098 0.999005 1.003637 0.000000
 0.559444 0.425170 0.927606 0.303100 0.999024 1.003687 0.000000
 0.560556 0.425156 0.927603 0.303102 0.999043 1.003739 0.000000
 0.561667 0.425142 0.927599 0.303103 0.999062 1.003792 0.000000
 0.562778 0.425127 0.927596 0.303105 0.999083 1.003847 0.000000
 0.563889 0.425111 0.927593 0.303107 0.999103 1.003903 0.000000
 0.565000 0.425095 0.927590 0.303108 0.999125 1.003961 0.000000
 0.566111 0.425078 0.927587 0.303109 0.999147 1.004021 0.000000
 0.567222 0.425061 0.927584 0.303111 0.999169 1.004084 0.000000
 0.568333 0.425043 0.927582 0.303112 0.999193 1.004148 0.000000
 0.569444 0.425024 0.927579 0.303113 0.999217 1.004214 0.000000
 0.570556 0.425004 0.927577 0.303114 0.999242 1.004283 0.000000
 0.571667 0.424984 0.927575 0.303116 0.999268 1.004355 0.000000
 0.572778 0.424962 0.927573 0.303117 0.999295 1.004429 0.000000
 0.573889 0.424940 0.927571 0.303118 0.999323 1.004506 0.000000
 0.575000 0.424917 0.927569 0.303119 0.999352 1.004585 0.000000
 0.576111 0.424893 0.927567 0.303120 0.999382 1.004669 0.000000
 0.577222 0.424868 0.927565 0.303121 0.999413 1.004755 0.000000
 0.578333 0.424842 0.927563 0.303122 0.999445 1.004845 0.000000
 0.579444 0.424814 0.927562 0.303123 0.999479 1.004939 0.000000
 0.580556 0.424785 0.927560 0.303123 0.999514 1.005038 0.000000
 0.581667 0.424755 0.927559 0.303124 0.999551 1.005140 0.000000
 0.582778 0.424723 0.927558 0.303125 0.999590 1.005248 0.000000
 0.583889 0.424690 0.927556 0.303126 0.999631 1.005362 0.000000
 0.585000 0.424655 0.927555 0.303127 0.999673 1.005481 0.000000
 0.586111 0.424617 0.927554 0.303127 0.999718 1.005607 0.000000
 0.587222 0.424578 0.927553 0.303128 0.999766 1.005740 0.000000
 0.588333 0.424536 0.927552 0.303129 0.999816 1.005881 0.000000
 0.589444 0.424491 0.927551 0.303129 0.999870 1.006032 0.000000
 0.590556 0.424443 0.927550 0.303130 0.999928 1.006194 0.000000
 0.591667 0.424391 0.927549 0.303131 0.999991 1.006369 0.000000
 0.592778 0.424334 0.927548 0.303131 1.000058 1.006560 0.000000
 0.593889 0.424272 0.927548 0.303132 1.000133 1.006768 0.000000
 0.595000 0.424203 0.927547 0.303132 1.000215 1.007000 0.000000
 0.596111 0.424126 0.927546 0.303133 1.000307 1.007259 0.000000
 0.597222 0.424038 0.927545 0.303134 1.000411 1.007552 0.000000
 0.598333 0.423937 0.927545 0.303134 1.000531 1.007888 0.000000
 0.599444 0.423821 0.927544 0.303135 1.000670 1.008279 0.000000
 0.600556 0.423683 0.927544 0.303135 1.000832 1.008737 0.000000
 0.601667 0.423521 0.927543 0.303136 1.001025 1.009281 0.000000
 0.602778 0.423327 0.927543 0.303136 1.001256 1.009932 0.000000
 0.603889 0.423093 0.927542 0.303137 1.001534 1.010715 0.000000
 0.605000 0.422809 0.927542 0.303137 1.001870 1.011665 0.000000
 0.606111 0.422466 0.927542 0.303138 1.002278 1.012819 0.000000
 0.607222 0.422048 0.927541 0.303138 1.002774 1.014224 0.000000
 0.608333 0.421541 0.927541 0.303138 1.003378 1.015933 0.000000
 0.609444 0.420928 0.927541 0.303139 1.004110 1.018009 0.000000
 0.610556 0.420187 0.927540 0.303139 1.004995 1.020523 0.000000
 0.611667 0.419297 0.927540 0.303140 1.006061 1.023557 0.000000
 0.612778 0.418235 0.927540 0.303140 1.007339 1.027200 0.000000
 0.613889 0.416974 0.927540 0.303141 1.008861 1.031552 0.000000
 0.615000 0.415489 0.927540 0.303141 1.010663 1.036718 0.000000
 0.616111 0.413753 0.927539 0.303141 1.012782 1.042815 0.000000
 0.617222 0.411740 0.927539 0.303142 1.015256 1.049962 0.000000
 0.618333 0.409425 0.927539 0.303142 1.018123 1.058285 0.000000
 0.619444 0.406786 0.927539 0.303143 1.021421 1.067911 0.000000
 0.620556 0.403804 0.927539 0.303143 1.025185 1.078967 0.000000
 0.621667 0.400467 0.927539 0.303143 1.029449 1.091579 0.000000
 0.622778 0.396765 0.927539 0.303144 1.034241 1.105866 0.000000
 0.623889 0.392697 0.927539 0.303144 1.039585 1.121938 0.000000
 0.625000 0.388269 0.927539 0.303144 1.045496 1.139891 0.000000
 0.626111 0.383496 0.927539 0.303145 1.051983 1.159805 0.000000
 0.627222 0.378399 0.927539 0.303145 1.059045 1.181737 0.000000
 0.628333 0.373008 0.927539 0.303146 1.066671 1.205716 0.000000
 0.629444 0.367362 0.927540 0.303146 1.074837 1.231742 0.000000
 0.630556 0.361505 0.927540 0.303146 1.083511 1.259774 0.000000
 0.631667 0.355487 0.927540 0.303147 1.092644 1.289734 0.000000
 0.632778 0.349363 0.927540 0.303147 1.102179 1.321494 0.000000
 0.633889 0.343192 0.927540 0.303147 1.112044 1.354881 0.000000
 0.635000 0.337033 0.927540 0.303147 1.122160 1.389671 0.000000
 0.636111 0.330945 0.927541 0.303148 1.132435 1.425595 0.000000
 0.637222 0.324984 0.927541 0.303148 1.142773 1.462336 0.000000
 0.638333 0.319205 0.927541 0.303148 1.153074 1.499541 0.000000
 0.639444 0.313653 0.927541 0.303149 1.163233 1.536829 0.000000
 0.640556 0.308373 0.927542 0.303149 1.173151 1.573800 0.000000
 0.641667 0.303397 0.927542 0.303149 1.182732 1.610053 0.000000
 0.642778 0.298754 0.927542 0.303149 1.191889 1.645199 0.000000
 0.643889 0.294461 0.927542 0.303150 1.200546 1.678877 0.000000
 0.645000 0.290530 0.927543 0.303150 1.208641 1.710765 0.000000
 0.646111 0.286964 0.927543 0.303150 1.216127 1.740599 0.000000
 0.647222 0.283761 0.927544 0.303151 1.222973 1.768172 0.000000
 0.648333 0.280910 0.927544 0.303151 1.229163 1.793347 0.000000
 0.649444 0.278397 0.927544 0.303151 1.234700 1.816054 0.000000
 0.650556 0.276203 0.927545 0.303151 1.239595 1.836288 0.000000
 0.651667 0.274305 0.927545 0.303152 1.243877 1.854102 0.000000
 0.652778 0.272679 0.927545 0.303152 1.247580 1.869599 0.000000
 0.653889 0.271299 0.927546 0.303152 1.250748 1.882922 0.000000
 0.655000 0.270140 0.927546 0.303152 1.253429 1.894243 0.000000
 0.656111 0.269176 0.927547 0.303153 1.255673 1.903751 0.000000
 0.657222 0.268382 0.927547 0.303153 1.257530 1.911644 0.000000
 0.658333 0.267734 0.927548 0.303153 1.259050 1.918123 0.000000
 0.659444 0.267212 0.927548 0.303153 1.260281 1.923378 0.000000
 0.660556 0.266795 0.927549 0.303154 1.261267 1.927591 0.000000
 0.661667 0.266465 0.927549 0.303154 1.262046 1.930929 0.000000
 0.662778 0.266208 0.927550 0.303154 1.262656 1.933541 0.000000
 0.663889 0.266010 0.927550 0.303155 1.263126 1.935557 0.000000
 0.665000 0.265860 0.927551 0.303155 1.263484 1.937092 0.000000
 0.666111 0.265747 0.927552 0.303155 1.263752 1.938243 0.000000
 0.667222 0.265665 0.927552 0.303155 1.263950 1.939091 0.000000
 0.668333 0.265605 0.927553 0.303156 1.264093 1.939703 0.000000
 0.669444 0.265563 0.927554 0.303156 1.264193 1.940133 0.000000
 0.670556 0.265535 0.927554 0.303156 1.264261 1.940426 0.000000
 0.671667 0.265516 0.927555 0.303157 1.264306 1.940616 0.000000
 0.672778 0.265505 0.927556 0.303157 1.264332 1.940731 0.000000
 0.673889 0.265500 0.927556 0.303157 1.264347 1.940791 0.000000
 0.675000 0.265498 0.927557 0.303158 1.264352 1.940812 0.000000
 0.676111 0.265498 0.927558 0.303158 1.264351 1.940808 0.000000
 0.677222 0.265501 0.927559 0.303158 1.264346 1.940785 0.000000
 0.678333 0.265504 0.927559 0.303159 1.264338 1.940752 0.000000
 0.679444 0.265508 0.927560 0.303159 1.264329 1.940712 0.000000
 0.680556 0.265513 0.927561 0.303159 1.264320 1.940669 0.000000
 0.681667 0.265517 0.927562 0.303160 1.264310 1.940626 0.000000
 0.682778 0.265522 0.927563 0.303160 1.264300 1.940583 0.000000
 0.683889 0.265526 0.927564 0.303160 1.264290 1.940541 0.000000
 0.685000 0.265530 0.927565 0.303161 1.264281 1.940501 0.000000
 0.686111 0.265534 0.927565 0.303161 1.264273 1.940464 0.000000
 0.687222 0.265538 0.927566 0.303162 1.264265 1.940429 0.000000
 0.688333 0.265541 0.927567 0.303162 1.264258 1.940397 0.000000
 0.689444 0.265544 0.927568 0.303162 1.264251 1.940367 0.000000
 0.690556 0.265547 0.927570 0.303163 1.264245 1.940339 0.000000
 0.691667 0.265550 0.927571 0.303163 1.264239 1.940313 0.000000
 0.692778 0.265553 0.927572 0.303164 1.264234 1.940289 0.000000
 0.693889 0.265555 0.927573 0.303164 1.264229 1.940267 0.000000
 0.695000 0.265557 0.927574 0.303165 1.264224 1.940247 0.000000
 0.696111 0.265559 0.927575 0.303165 1.264220 1.940228 0.000000
 0.697222 0.265561 0.927576 0.303165 1.264216 1.940210 0.000000
 0.698333 0.265563 0.927578 0.303166 1.264213 1.940194 0.000000
 0.699444 0.265565 0.927579 0.303166 1.264210 1.940179 0.000000
 0.700556 0.265567 0.927580 0.303167 1.264207 1.940165 0.000000
 0.701667 0.265568 0.927582 0.303167 1.264204 1.940151 0.000000
 0.702778 0.265570 0.927583 0.303168 1.264201 1.940139 0.000000
 0.703889 0.265571 0.927585 0.303169 1.264199 1.940128 0.000000
 0.705000 0.265573 0.927586 0.303169 1.264197 1.940117 0.000000
 0.706111 0.265574 0.927588 0.303170 1.264195 1.940107 0.000000
 0.707222 0.265575 0.927589 0.303170 1.264193 1.940098 0.000000
 0.708333 0.265577 0.927591 0.303171 1.264191 1.940089 0.000000
 0.709444 0.265578 0.927593 0.303171 1.264190 1.940080 0.000000
 0.710556 0.265579 0.927594 0.303172 1.264188 1.940073 0.000000
 0.711667 0.265580 0.927596 0.303173 1.264187 1.940065 0.000000
 0.712778 0.265581 0.927598 0.303173 1.264186 1.940058 0.000000
 0.713889 0.265582 0.927600 0.303174 1.264185 1.940052 0.000000
 0.715000 0.265583 0.927602 0.303175 1.264184 1.940046 0.000000
 0.716111 0.265584 0.927604 0.303176 1.264183 1.940040 0.000000
 0.717222 0.265585 0.927606 0.303176 1.264182 1.940034 0.000000
 0.718333 0.265586 0.927608 0.303177 1.264181 1.940029 0.000000
 0.719444 0.265587 0.927610 0.303178 1.264180 1.940024 0.000000
 0.720556 0.265588 0.927613 0.303179 1.264180 1.940019 0.000000
 0.721667 0.265589 0.927615 0.303180 1.264179 1.940015 0.000000
 0.722778 0.265590 0.927618 0.303180 1.264179 1.940011 0.000000
 0.723889 0.265591 0.927620 0.303181 1.264178 1.940007 0.000000
 0.725000 0.265592 0.927623 0.303182 1.264178 1.940003 0.000000
 0.726111 0.265593 0.927626 0.303183 1.264178 1.939999 0.000000
 0.727222 0.265594 0.927629 0.303184 1.264178 1.939996 0.000000
 0.728333 0.265595 0.927632 0.303185 1.264177 1.939992 0.000000
 0.729444 0.265596 0.927635 0.303186 1.264177 1.939989 0.000000
 0.730556 0.265597 0.927638 0.303188 1.264177 1.939986 0.000000
 0.731667 0.265598 0.927641 0.303189 1.264177 1.939983 0.000000
 0.732778 0.265599 0.927645 0.303190 1.264177 1.939980 0.000000
 0.733889 0.265600 0.927648 0.303191 1.264177 1.939978 0.000000
 0.735000 0.265601 0.927651 0.303192 1.264177 1.939975 0.000000
 0.736111 0.265602 0.927654 0.303193 1.264177 1.939973 0.000000
 0.737222 0.265602 0.927654 0.303193 1.264177 1.939970 0.000000
 0.738333 0.265602 0.927651 0.303192 1.264176 1.939968 0.000000
 0.739444 0.265600 0.927641 0.303189 1.264173 1.939966 0.000000
 0.740556 0.265595 0.927615 0.303180 1.264168 1.939964 0.000000
 0.741667 0.265583 0.927558 0.303161 1.264156 1.939962 0.000000
 0.742778 0.265558 0.927436 0.303120 1.264131 1.939960 0.000000
 0.743889 0.265504 0.927182 0.303035 1.264080 1.939958 0.000000
 0.745000 0.265394 0.926658 0.302859 1.263975 1.939956 0.000000
 0.746111 0.265169 0.925584 0.302499 1.263759 1.939953 0.000000
 0.747222 0.264710 0.923390 0.301765 1.263320 1.939949 0.000000
 0.748333 0.263778 0.918927 0.300277 1.262425 1.939937 0.000000
 0.749444 0.261902 0.909887 0.297284 1.260609 1.939893 0.000000
 0.750556 0.258182 0.891740 0.291363 1.256951 1.939717 0.000000
 0.751667 0.251020 0.855941 0.280012 1.249677 1.939028 0.000000
 0.752778 0.238001 0.787790 0.259550 1.235620 1.936466 0.000000
 0.753889 0.216744 0.667195 0.226691 1.210062 1.928004 0.000000
 0.755000 0.187945 0.483264 0.183574 1.169376 1.906199 0.000000
 0.756111 0.158712 0.271210 0.142243 1.120148 1.871456 0.000000
 0.757222 0.138540 0.111779 0.115998 1.082683 1.846054 0.000000
 0.758333 0.129336 0.036303 0.104947 1.065832 1.838914 0.000000
 0.759444 0.126245 0.010498 0.101402 1.060425 1.838003 0.000000
 0.760556 0.125345 0.002914 0.100386 1.058885 1.837924 0.000000
 0.761667 0.125094 0.000799 0.100106 1.058460 1.837918 0.000000
 0.762778 0.125026 0.000218 0.100029 1.058344 1.837917 0.000000
 0.763889 0.125007 0.000060 0.100008 1.058312 1.837917 0.000000
 0.765000 0.125002 0.000016 0.100002 1.058304 1.837917 0.000000
 0.766111 0.125001 0.000004 0.100001 1.058301 1.837917 0.000000
 0.767222 0.125000 0.000001 0.100000 1.058301 1.837917 0.000000
 0.768333 0.125000 0.000000 0.100000 1.058301 1.837917 0.000000
 0.769444 0.125000 0.000000 0.100000 1.058301 1.837917 0.000000
 0.770556 0.125000 0.000000 0.100000 1.058301 1.837917 0.000000
 0.771667 0.125000 0.000000 0.100000 1.058301 1.837917 0.000000
 0.772778 0.125000 0.000000 0.100000 1.058301 1.837917 0.000000
 0.773889 0.125000 0.000000 0.100000 1.058301 1.837917 0.000000
 0.775000 0.125000 0.000000 0.100000 1.058301 1.837917 0.000000
 0.776111 0.125000 0.000000 0.100000 1.058301 1.837917 0.000000
 0.777222 0.125000 0.000000 0.100000 1.058301 1.837917 0.000000
 0.778333 0.125000 0.000000 0.100000 1.058301 1.837917 0.000000
 0.779444 0.125000 0.000000 0.100000 1.058301 1.837917 0.000000
 0.780556 0.125000 0.000000 0.100000 1.058301 1.837917 0.000000
 0.781667 0.125000 0.000000 0.100000 1.058301 1.837917 0.000000
 0.782778 0.125000 0.000000 0.100000 1.058301 1.837917 0.000000
 0.783889 0.125000 0.000000 0.100000 1.058301 1.837917 0.000000
 0.785000 0.125000 0.000000 0.100000 1.058301 1.837917 0.000000
 0.786111 0.125000 0.000000 0.100000 1.058301 1.837917 0.000000
 0.787222 0.125000 0.000000 0.100000 1.058301 1.837917 0.000000
 0.788333 0.125000 0.000000 0.100000 1.058301 1.837917 0.000000
 0.789444 0.125000 0.000000 0.100000 1.058301 1.837917 0.000000
 0.790556 0.125000 0.000000 0.100000 1.058301 1.837917 0.000000
 0.791667 0.125000 0.000000 0.100000 1.058301 1.837917 0.000000
 0.792778 0.125000 0.000000 0.100000 1.058301 1.837917 0.000000
 0.793889 0.125000 0.000000 0.100000 1.058301 1.837917 0.000000
 0.795000 0.125000 0.000000 0.100000 1.058301 1.837917 0.000000
 0.796111 0.125000 0.000000 0.100000 1.058301 1.837917 0.000000
 0.797222 0.125000 0.000000 0.100000 1.058301 1.837917 0.000000
 0.798333 0.125000 0.000000 0.100000 1.058301 1.837917 0.000000
 0.799444 0.125000 0.000000 0.100000 1.058301 1.837917 0.000000
 0.800556 0.125000 0.000000 0.100000 1.058301 1.837917 0.000000
 0.801667 0.125000 0.000000 0.100000 1.058301 1.837917 0.000000
 0.802778 0.125000 0.000000 0.100000 1.058301 1.837917 0.000000
 0.803889 0.125000 0.000000 0.100000 1.058301 1.837917 0.000000
 0.805000 0.125000 0.000000 0.100000 1.058301 1.837917 0.000000
 0.806111 0.125000 0.000000 0.100000 1.058301 1.837917 0.000000
 0.807222 0.125000 0.000000 0.100000 1.058301 1.837917 0.000000
 0.808333 0.125000 0.000000 0.100000 1.058301 1.837917 0.000000
 0.809444 0.125000 0.000000 0.100000 1.058301 1.837917 0.000000
 0.810556 0.125000 0.000000 0.100000 1.058301 1.837917 0.000000
 0.811667 0.125000 0.000000 0.100000 1.058301 1.837917 0.000000
 0.812778 0.125000 0.000000 0.100000 1.058301 1.837917 0.000000
 0.813889 0.125000 0.000000 0.100000 1.058301 1.837917 0.000000
 0.815000 0.125000 0.000000 0.100000 1.058301 1.837917 0.000000
 0.816111 0.125000 0.000000 0.100000 1.058301 1.837917 0.000000
 0.817222 0.125000 0.000000 0.100000 1.058301 1.837917 0.000000
 0.818333 0.125000 0.000000 0.100000 1.058301 1.837917 0.000000
 0.819444 0.125000 0.000000 0.100000 1.058301 1.837917 0.000000
 0.820556 0.125000 0.000000 0.100000 1.058301 1.837917 0.000000
 0.821667 0.125000 0.000000 0.100000 1.058301 1.837917 0.000000
 0.822778 0.125000 0.000000 0.100000 1.058301 1.837917 0.000000
 0.823889 0.125000 0.000000 0.100000 1.058301 1.837917 0.000000
 0.825000 0.125000 0.000000 0.100000 1.058301 1.837917 0.000000
 0.826111 0.125000 0.000000 0.100000 1.058301 1.837917 0.000000
 0.827222 0.125000 0.000000 0.100000 1.058301 1.837917 0.000000
 0.828333 0.125000 0.000000 0.100000 1.058301 1.837917 0.000000
 0.829444 0.125000 0.000000 0.100000 1.058301 1.837917 0.000000
 0.830556 0.125000 0.000000 0.100000 1.058301 1.837917 0.000000
 0.831667 0.125000 0.000000 0.100000 1.058301 1.837917 0.000000
 0.832778 0.125000 0.000000 0.100000 1.058301 1.837917 0.000000
 0.833889 0.125000 0.000000 0.100000 1.058301 1.837917 0.000000
 0.835000 0.125000 0.000000 0.100000 1.058301 1.837917 0.000000
 0.836111 0.125000 0.000000 0.100000 1.058301 1.837917 0.000000
 0.837222 0.125000 0.000000 0.100000 1.058301 1.837917 0.000000
 0.838333 0.125000 0.000000 0.100000 1.058301 1.837917 0.000000
 0.839444 0.125000 0.000000 0.100000 1.058301 1.837917 0.000000
 0.840556 0.125000 0.000000 0.100000 1.058301 1.837917 0.000000
 0.841667 0.125000 0.000000 0.100000 1.058301 1.837917 0.000000
 0.842778 0.125000 0.000000 0.100000 1.058301 1.837917 0.000000
 0.843889 0.125000 0.000000 0.100000 1.058301 1.837917 0.000000
 0.845000 0.125000 0.000000 0.100000 1.058301 1.837917 0.000000
 0.846111 0.125000 0.000000 0.100000 1.058301 1.837917 0.000000
 0.847222 0.125000 0.000000 0.100000 1.058301 1.837917 0.000000
 0.848333 0.125000 0.000000 0.100000 1.058301 1.837917 0.000000
 0.849444 0.125000 0.000000 0.100000 1.058301 1.837917 0.000000
 0.850556 0.125000 0.000000 0.100000 1.058301 1.837917 0.000000
 0.851667 0.125000 0.000000 0.100000 1.058301 1.837917 0.000000
 0.852778 0.125000 0.000000 0.100000 1.058301 1.837917 0.000000
 0.853889 0.125000 0.000000 0.100000 1.058301 1.837917 0.000000
 0.855000 0.125000 0.000000 0.100000 1.058301 1.837917 0.000000
 0.856111 0.125000 0.000000 0.100000 1.058301 1.837917 0.000000
 0.857222 0.125000 0.000000 0.100000 1.058301 1.837917 0.000000
 0.858333 0.125000 0.000000 0.100000 1.058301 1.837917 0.000000
 0.859444 0.125000 0.000000 0.100000 1.058301 1.837917 0.000000
 0.860556 0.125000 0.000000 0.100000 1.058301 1.837917 0.000000
 0.861667 0.125000 0.000000 0.100000 1.058301 1.837917 0.000000
 0.862778 0.125000 0.000000 0.100000 1.058301 1.837917 0.000000
 0.863889 0.125000 0.000000 0.100000 1.058301 1.837917 0.000000
 0.865000 0.125000 0.000000 0.100000 1.058301 1.837917 0.000000
 0.866111 0.125000 0.000000 0.100000 1.058301 1.837917 0.000000
 0.867222 0.125000 0.000000 0.100000 1.058301 1.837917 0.000000
 0.868333 0.125000 0.000000 0.100000 1.058301 1.837917 0.000000
 0.869444 0.125000 0.000000 0.100000 1.058301 1.837917 0.000000
 0.870556 0.125000 0.000000 0.100000 1.058301 1.837917 0.000000
 0.871667 0.125000 0.000000 0.100000 1.058301 1.837917 0.000000
 0.872778 0.125000 0.000000 0.100000 1.058301 1.837917 0.000000
 0.873889 0.125000 0.000000 0.100000 1.058301 1.837917 0.000000
 0.875000 0.125000 0.000000 0.100000 1.058301 1.837917 0.000000
 0.876111 0.125000 0.000000 0.100000 1.058301 1.837917 0.000000
 0.877222 0.125000 0.000000 0.100000 1.058301 1.837917 0.000000
 0.878333 0.125000 0.000000 0.100000 1.058301 1.837917 0.000000
 0.879444 0.125000 0.000000 0.100000 1.058301 1.837917 0.000000
 0.880556 0.125000 0.000000 0.100000 1.058301 1.837917 0.000000
 0.881667 0.125000 0.000000 0.100000 1.058301 1.837917 0.000000
 0.882778 0.125000 0.000000 0.100000 1.058301 1.837917 0.000000
 0.883889 0.125000 0.000000 0.100000 1.058301 1.837917 0.000000
 0.885000 0.125000 0.000000 0.100000 1.058301 1.837917 0.000000
 0.886111 0.125000 0.000000 0.100000 1.058301 1.837917 0.000000
 0.887222 0.125000 0.000000 0.100000 1.058301 1.837917 0.000000
 0.888333 0.125000 0.000000 0.100000 1.058301 1.837917 0.000000
 0.889444 0.125000 0.000000 0.100000 1.058301 1.837917 0.000000
 0.890556 0.125000 0.000000 0.100000 1.058301 1.837917 0.000000
 0.891667 0.125000 0.000000 0.100000 1.058301 1.837917 0.000000
 0.892778 0.125000 0.000000 0.100000 1.058301 1.837917 0.000000
 0.893889 0.125000 0.000000 0.100000 1.058301 1.837917 0.000000
 0.895000 0.125000 0.000000 0.100000 1.058301 1.837917 0.000000
 0.896111 0.125000 0.000000 0.100000 1.058301 1.837917 0.000000
 0.897222 0.125000 0.000000 0.100000 1.058301 1.837917 0.000000
 0.898333 0.125000 0.000000 0.100000 1.058301 1.837917 0.000000
 0.899444 0.125000 0.000000 0.100000 1.058301 1.837917 0.000000
 0.900556 0.125000 0.000000 0.100000 1.058301 1.837917 0.000000
 0.901667 0.125000 0.000000 0.100000 1.058301 1.837917 0.000000
 0.902778 0.125000 0.000000 0.100000 1.058301 1.837917 0.000000
 0.903889 0.125000 0.000000 0.100000 1.058301 1.837917 0.000000
 0.905000 0.125000 0.000000 0.100000 1.058301 1.837917 0.000000
 0.906111 0.125000 0.000000 0.100000 1.058301 1.837917 0.000000
 0.907222 0.125000 0.000000 0.100000 1.058301 1.837917 0.000000
 0.908333 0.125000 0.000000 0.100000 1.058301 1.837917 0.000000
 0.909444 0.125000 0.000000 0.100000 1.058301 1.837917 0.000000
 0.910556 0.125000 0.000000 0.100000 1.058301 1.837917 0.000000
 0.911667 0.125000 0.000000 0.100000 1.058301 1.837917 0.000000
 0.912778 0.125000 0.000000 0.100000 1.058301 1.837917 0.000000
 0.913889 0.125000 0.000000 0.100000 1.058301 1.837917 0.000000
 0.915000 0.125000 0.000000 0.100000 1.058301 1.837917 0.000000
 0.916111 0.125000 0.000000 0.100000 1.058301 1.837917 0.000000
 0.917222 0.125000 0.000000 0.100000 1.058301 1.837917 0.000000
 0.918333 0.125000 0.000000 0.100000 1.058301 1.837917 0.000000
 0.919444 0.125000 0.000000 0.100000 1.058301 1.837917 0.000000
 0.920556 0.125000 0.000000 0.100000 1.058301 1.837917 0.000000
 0.921667 0.125000 0.000000 0.100000 1.058301 1.837917 0.000000
 0.922778 0.125000 0.000000 0.100000 1.058301 1.837917 0.000000
 0.923889 0.125000 0.000000 0.100000 1.058301 1.837917 0.000000
 0.925000 0.125000 0.000000 0.100000 1.058301 1.837917 0.000000
 0.926111 0.125000 0.000000 0.100000 1.058301 1.837917 0.000000
 0.927222 0.125000 0.000000 0.100000 1.058301 1.837917 0.000000
 0.928333 0.125000 0.000000 0.100000 1.058301 1.837917 0.000000
 0.929444 0.125000 0.000000 0.100000 1.058301 1.837917 0.000000
 0.930556 0.125000 0.000000 0.100000 1.058301 1.837917 0.000000
 0.931667 0.125000 0.000000 0.100000 1.058301 1.837917 0.000000
 0.932778 0.125000 0.000000 0.100000 1.058301 1.837917 0.000000
 0.933889 0.125000 0.000000 0.100000 1.058301 1.837917 0.000000
 0.935000 0.125000 0.000000 0.100000 1.058301 1.837917 0.000000
 0.936111 0.125000 0.000000 0.100000 1.058301 1.837917 0.000000
 0.937222 0.125000 0.000000 0.100000 1.058301 1.837917 0.000000
 0.938333 0.125000 0.000000 0.100000 1.058301 1.837917 0.000000
 0.939444 0.125000 0.000000 0.100000 1.058301 1.837917 0.000000
 0.940556 0.125000 0.000000 0.100000 1.058301 1.837917 0.000000
 0.941667 0.125000 0.000000 0.100000 1.058301 1.837917 0.000000
 0.942778 0.125000 0.000000 0.100000 1.058301 1.837917 0.000000
 0.943889 0.125000 0.000000 0.100000 1.058301 1.837917 0.000000
 0.945000 0.125000 0.000000 0.100000 1.058301 1.837917 0.000000
 0.946111 0.125000 0.000000 0.100000 1.058301 1.837917 0.000000
 0.947222 0.125000 0.000000 0.100000 1.058301 1.837917 0.000000
 0.948333 0.125000 0.000000 0.100000 1.058301 1.837917 0.000000
 0.949444 0.125000 0.000000 0.100000 1.058301 1.837917 0.000000
 0.950556 0.125000 0.000000 0.100000 1.058301 1.837917 0.000000
 0.951667 0.125000 0.000000 0.100000 1.058301 1.837917 0.000000
 0.952778 0.125000 0.000000 0.100000 1.058301 1.837917 0.000000
 0.953889 0.125000 0.000000 0.100000 1.058301 1.837917 0.000000
 0.955000 0.125000 0.000000 0.100000 1.058301 1.837917 0.000000
 0.956111 0.125000 0.000000 0.100000 1.058301 1.837917 0.000000
 0.957222 0.125000 0.000000 0.100000 1.058301 1.837917 0.000000
 0.958333 0.125000 0.000000 0.100000 1.058301 1.837917 0.000000
 0.959444 0.125000 0.000000 0.100000 1.058301 1.837917 0.000000
 0.960556 0.125000 0.000000 0.100000 1.058301 1.837917 0.000000
 0.961667 0.125000 0.000000 0.100000 1.058301 1.837917 0.000000
 0.962778 0.125000 0.000000 0.100000 1.058301 1.837917 0.000000
 0.963889 0.125000 0.000000 0.100000 1.058301 1.837917 0.000000
 0.965000 0.125000 0.000000 0.100000 1.058301 1.837917 0.000000
 0.966111 0.125000 0.000000 0.100000 1.058301 1.837917 0.000000
 0.967222 0.125000 0.000000 0.100000 1.058301 1.837917 0.000000
 0.968333 0.125000 0.000000 0.100000 1.058301 1.837917 0.000000
 0.969444 0.125000 0.000000 0.100000 1.058301 1.837917 0.000000
 0.970556 0.125000 0.000000 0.100000 1.058301 1.837917 0.000000
 0.971667 0.125000 0.000000 0.100000 1.058301 1.837917 0.000000
 0.972778 0.125000 0.000000 0.100000 1.058301 1.837917 0.000000
 0.973889 0.125000 0.000000 0.100000 1.058301 1.837917 0.000000
 0.975000 0.125000 0.000000 0.100000 1.058301 1.837917 0.000000
 0.976111 0.125000 0.000000 0.100000 1.058301 1.837917 0.000000
 0.977222 0.125000 0.000000 0.100000 1.058301 1.837917 0.000000
 0.978333 0.125000 0.000000 0.100000 1.058301 1.837917 0.000000
 0.979444 0.125000 0.000000 0.100000 1.058301 1.837917 0.000000
 0.980556 0.125000 0.000000 0.100000 1.058301 1.837917 0.000000
 0.981667 0.125000 0.000000 0.100000 1.058301 1.837917 0.000000
 0.982778 0.125000 0.000000 0.100000 1.058301 1.837917 0.000000
 0.983889 0.125000 0.000000 0.100000 1.058301 1.837917 0.000000
 0.985000 0.125000 0.000000 0.100000 1.058301 1.837917 0.000000
 0.986111 0.125000 0.000000 0.100000 1.058301 1.837917 0.000000
 0.987222 0.125000 0.000000 0.100000 1.058301 1.837917 0.000000
 0.988333 0.125000 0.000000 0.100000 1.058301 1.837917 0.000000
 0.989444 0.125000 0.000000 0.100000 1.058301 1.837917 0.000000
 0.990556 0.125000 0.000000 0.100000 1.058301 1.837917 0.000000
 0.991667 0.125000 0.000000 0.100000 1.058301 1.837917 0.000000
 0.992778 0.125000 0.000000 0.100000 1.058301 1.837917 0.000000
 0.993889 0.125000 0.000000 0.100000 1.058301 1.837917 0.000000
 0.995000 0.125000 0.000000 0.100000 1.058301 1.837917 0.000000
 0.996111 0.125000 0.000000 0.100000 1.058301 1.837917 0.000000
 0.997222 0.125000 0.000000 0.100000 1.058301 1.837917 0.000000
 0.998333 0.125000 0.000000 0.100000 1.058301 1.837917 0.000000
 0.999444 0.125000 0.000000 0.100000 1.058301 1.837917 0.000000
