Timer: 0.129880
 0.000556 1.000000 -1.000000 1.000000 1.183216 1.000000 0.000000
 0.001667 1.000000 -1.000000 1.000000 1.183216 1.000000 0.000000
 0.002778 1.000000 -1.000000 1.000000 1.183216 1.000000 0.000000
 0.003889 1.000000 -1.000000 1.000000 1.183216 1.000000 0.000000
 0.005000 1.000000 -1.000000 1.000000 1.183216 1.000000 0.000000
 0.006111 1.000000 -1.000000 1.000000 1.183216 1.000000 0.000000
 0.007222 1.000000 -1.000000 1.000000 1.183216 1.000000 0.000000
 0.008333 1.000000 -1.000000 1.000000 1.183216 1.000000 0.000000
 0.009444 1.000000 -1.000000 1.000000 1.183216 1.000000 0.000000
 0.010556 1.000000 -1.000000 1.000000 1.183216 1.000000 0.000000
 0.011667 1.000000 -1.000000 1.000000 1.183216 1.000000 0.000000
 0.012778 1.000000 -1.000000 1.000000 1.183216 1.000000 0.000000
 0.013889 1.000000 -1.000000 1.000000 1.183216 1.000000 0.000000
 0.015000 1.000000 -1.000000 1.000000 1.183216 1.000000 0.000000
 0.016111 1.000000 -1.000000 1.000000 1.183216 1.000000 0.000000
 0.017222 1.000000 -1.000000 1.000000 1.183216 1.000000 0.000000
 0.018333 1.000000 -1.000000 1.000000 1.183216 1.000000 0.000000
 0.019444 1.000000 -1.000000 1.000000 1.183216 1.000000 0.000000
 0.020556 1.000000 -1.000000 1.000000 1.183216 1.000000 0.000000
 0.021667 1.000000 -1.000000 1.000000 1.183216 1.000000 0.000000
 0.022778 1.000000 -1.000000 1.000000 1.183216 1.000000 0.000000
 0.023889 1.000000 -1.000000 1.000000 1.183216 1.000000 0.000000
 0.025000 1.000000 -1.000000 1.000000 1.183216 1.000000 0.000000
 0.026111 1.000000 -1.000000 1.000000 1.183216 1.000000 0.000000
 0.027222 1.000000 -1.000000 1.000000 1.183216 1.000000 0.000000
 0.028333 1.000000 -1.000000 1.000000 1.183216 1.000000 0.000000
 0.029444 1.000000 -1.000000 1.000000 1.183216 1.000000 0.000000
 0.030556 1.000000 -1.000000 1.000000 1.183216 1.000000 0.000000
 0.031667 1.000000 -1.000000 1.000000 1.183216 1.000000 0.000000
 0.032778 1.000000 -1.000000 1.000000 1.183216 1.000000 0.000000
 0.033889 1.000000 -1.000000 1.000000 1.183216 1.000000 0.000000
 0.035000 1.000000 -1.000000 1.000000 1.183216 1.000000 0.000000
 0.036111 1.000000 -1.000000 1.000000 1.183216 1.000000 0.000000
 0.037222 1.000000 -1.000000 1.000000 1.183216 1.000000 0.000000
 0.038333 1.000000 -1.000000 1.000000 1.183216 1.000000 0.000000
 0.039444 1.000000 -1.000000 1.000000 1.183216 1.000000 0.000000
 0.040556 1.000000 -1.000000 1.000000 1.183216 1.000000 0.000000
 0.041667 1.000000 -1.000000 1.000000 1.183216 1.000000 0.000000
 0.042778 1.000000 -1.000000 1.000000 1.183216 1.000000 0.000000
 0.043889 1.000000 -1.000000 1.000000 1.183216 1.000000 0.000000
 0.045000 1.000000 -1.000000 1.000000 1.183216 1.000000 0.000000
 0.046111 1.000000 -1.000000 1.000000 1.183216 1.000000 0.000000
 0.047222 1.000000 -1.000000 1.000000 1.183216 1.000000 0.000000
 0.048333 1.000000 -1.000000 1.000000 1.183216 1.000000 0.000000
 0.049444 1.000000 -1.000000 1.000000 1.183216 1.000000 0.000000
 0.050556 1.000000 -1.000000 1.000000 1.183216 1.000000 0.000000
 0.051667 1.000000 -1.000000 1.000000 1.183216 1.000000 0.000000
 0.052778 1.000000 -1.000000 1.000000 1.183216 1.000000 0.000000
 0.053889 1.000000 -1.000000 1.000000 1.183216 1.000000 0.000000
 0.055000 1.000000 -1.000000 1.000000 1.183216 1.000000 0.000000
 0.056111 1.000000 -1.000000 1.000000 1.183216 1.000000 0.000000
 0.057222 1.000000 -1.000000 1.000000 1.183216 1.000000 0.000000
 0.058333 1.000000 -1.000000 1.000000 1.183216 1.000000 0.000000
 0.059444 1.000000 -1.000000 1.000000 1.183216 1.000000 0.000000
 0.060556 1.000000 -1.000000 1.000000 1.183216 1.000000 0.000000
 0.061667 1.000000 -1.000000 1.000000 1.183216 1.000000 0.000000
 0.062778 1.000000 -1.000000 1.000000 1.183216 1.000000 0.000000
 0.063889 1.000000 -1.000000 1.000000 1.183216 1.000000 0.000000
 0.065000 1.000000 -1.000000 1.000000 1.183216 1.000000 0.000000
 0.066111 1.000000 -1.000000 1.000000 1.183216 1.000000 0.000000
 0.067222 1.000000 -1.000000 1.000000 1.183216 1.000000 0.000000
 0.068333 1.000000 -1.000000 1.000000 1.183216 1.000000 0.000000
 0.069444 1.000000 -1.000000 1.000000 1.183216 1.000000 0.000000
 0.070556 1.000000 -1.000000 1.000000 1.183216 1.000000 0.000000
 0.071667 1.000000 -1.000000 1.000000 1.183216 1.000000 0.000000
 0.072778 1.000000 -1.000000 1.000000 1.183216 1.000000 0.000000
 0.073889 1.000000 -1.000000 1.000000 1.183216 1.000000 0.000000
 0.075000 1.000000 -1.000000 1.000000 1.183216 1.000000 0.000000
 0.076111 1.000000 -1.000000 1.000000 1.183216 1.000000 0.000000
 0.077222 1.000000 -1.000000 1.000000 1.183216 1.000000 0.000000
 0.078333 1.000000 -1.000000 1.000000 1.183216 1.000000 0.000000
 0.079444 1.000000 -1.000000 1.000000 1.183216 1.000000 0.000000
 0.080556 1.000000 -1.000000 1.000000 1.183216 1.000000 0.000000
 0.081667 1.000000 -1.000000 1.000000 1.183216 1.000000 0.000000
 0.082778 1.000000 -1.000000 1.000000 1.183216 1.000000 0.000000
 0.083889 1.000000 -1.000000 1.000000 1.183216 1.000000 0.000000
 0.085000 1.000000 -1.000000 1.000000 1.183216 1.000000 0.000000
 0.086111 1.000000 -1.000000 1.000000 1.183216 1.000000 0.000000
 0.087222 1.000000 -1.000000 1.000000 1.183216 1.000000 0.000000
 0.088333 1.000000 -1.000000 1.000000 1.183216 1.000000 0.000000
 0.089444 1.000000 -1.000000 1.000000 1.183216 1.000000 0.000000
 0.090556 1.000000 -1.000000 1.000000 1.183216 1.000000 0.000000
 0.091667 1.000000 -1.000000 1.000000 1.183216 1.000000 0.000000
 0.092778 1.000000 -1.000000 1.000000 1.183216 1.000000 0.000000
 0.093889 1.000000 -1.000000 1.000000 1.183216 1.000000 0.000000
 0.095000 1.000000 -1.000000 1.000000 1.183216 1.000000 0.000000
 0.096111 1.000000 -1.000000 1.000000 1.183216 1.000000 0.000000
 0.097222 1.000000 -1.000000 1.000000 1.183216 1.000000 0.000000
 0.098333 1.000000 -1.000000 1.000000 1.183216 1.000000 0.000000
 0.099444 1.000000 -1.000000 1.000000 1.183216 1.000000 0.000000
 0.100556 1.000000 -1.000000 1.000000 1.183216 1.000000 0.000000
 0.101667 1.000000 -1.000000 1.000000 1.183216 1.000000 0.000000
 0.102778 1.000000 -1.000000 1.000000 1.183216 1.000000 0.000000
 0.103889 1.000000 -1.000000 1.000000 1.183216 1.000000 0.000000
 0.105000 1.000000 -1.000000 1.000000 1.183216 1.000000 0.000000
 0.106111 1.000000 -1.000000 1.000000 1.183216 1.000000 0.000000
 0.107222 1.000000 -1.000000 1.000000 1.183216 1.000000 0.000000
 0.108333 1.000000 -1.000000 1.000000 1.183216 1.000000 0.000000
 0.109444 1.000000 -1.000000 1.000000 1.183216 1.000000 0.000000
 0.110556 1.000000 -1.000000 1.000000 1.183216 1.000000 0.000000
 0.111667 1.000000 -1.000000 1.000000 1.183216 1.000000 0.000000
 0.112778 1.000000 -1.000000 1.000000 1.183216 1.000000 0.000000
 0.113889 1.000000 -1.000000 1.000000 1.183216 1.000000 0.000000
 0.115000 1.000000 -1.000000 1.000000 1.183216 1.000000 0.000000
 0.116111 1.000000 -1.000000 1.000000 1.183216 1.000000 0.000000
 0.117222 1.000000 -1.000000 1.000000 1.183216 1.000000 0.000000
 0.118333 1.000000 -1.000000 1.000000 1.183216 1.000000 0.000000
 0.119444 1.000000 -1.000000 1.000000 1.183216 1.000000 0.000000
 0.120556 1.000000 -1.000000 1.000000 1.183216 1.000000 0.000000
 0.121667 1.000000 -1.000000 1.000000 1.183216 1.000000 0.000000
 0.122778 1.000000 -1.000000 1.000000 1.183216 1.000000 0.000000
 0.123889 1.000000 -1.000000 1.000000 1.183216 1.000000 0.000000
 0.125000 1.000000 -1.000000 1.000000 1.183216 1.000000 0.000000
 0.126111 1.000000 -1.000000 1.000000 1.183216 1.000000 0.000000
 0.127222 1.000000 -1.000000 1.000000 1.183216 1.000000 0.000000
 0.128333 1.000000 -1.000000 1.000000 1.183216 1.000000 0.000000
 0.129444 1.000000 -1.000000 1.000000 1.183216 1.000000 0.000000
 0.130556 1.000000 -1.000000 1.000000 1.183216 1.000000 0.000000
 0.131667 1.000000 -1.000000 1.000000 1.183216 1.000000 0.000000
 0.132778 1.000000 -1.000000 1.000000 1.183216 1.000000 0.000000
 0.133889 1.000000 -1.000000 1.000000 1.183216 1.000000 0.000000
 0.135000 1.000000 -1.000000 1.000000 1.183216 1.000000 0.000000
 0.136111 1.000000 -1.000000 1.000000 1.183216 1.000000 0.000000
 0.137222 1.000000 -1.000000 1.000000 1.183216 1.000000 0.000000
 0.138333 1.000000 -1.000000 1.000000 1.183216 1.000000 0.000000
 0.139444 1.000000 -1.000000 1.000000 1.183216 1.000000 0.000000
 0.140556 1.000000 -1.000000 1.000000 1.183216 1.000000 0.000000
 0.141667 1.000000 -1.000000 1.000000 1.183216 1.000000 0.000000
 0.142778 1.000000 -1.000000 1.000000 1.183216 1.000000 0.000000
 0.143889 1.000000 -1.000000 1.000000 1.183216 1.000000 0.000000
 0.145000 1.000000 -1.000000 1.000000 1.183216 1.000000 0.000000
 0.146111 1.000000 -1.000000 1.000000 1.183216 1.000000 0.000000
 0.147222 1.000000 -1.000000 1.000000 1.183216 1.000000 0.000000
 0.148333 1.000000 -1.000000 1.000000 1.183216 1.000000 0.000000
 0.149444 1.000000 -1.000000 1.000000 1.183216 1.000000 0.000000
 0.150556 1.000000 -1.000000 1.000000 1.183216 1.000000 0.000000
 0.151667 1.000000 -1.000000 1.000000 1.183216 1.000000 0.000000
 0.152778 1.000000 -1.000000 0.999999 1.183216 1.000000 0.000000
 0.153889 0.999999 -0.999999 0.999999 1.183216 1.000000 0.000000
 0.155000 0.999999 -0.999999 0.999999 1.183216 1.000000 0.000000
 0.156111 0.999999 -0.999999 0.999998 1.183216 1.000000 0.000000
 0.157222 0.999998 -0.999998 0.999998 1.183216 1.000000 0.000000
 0.158333 0.999998 -0.999997 0.999997 1.183215 1.000000 0.000000
 0.159444 0.999997 -0.999996 0.999995 1.183215 1.000000 0.000000
 0.160556 0.999995 -0.999995 0.999994 1.183215 1.000000 0.000000
 0.161667 0.999994 -0.999992 0.999991 1.183214 1.000000 0.000000
 0.162778 0.999991 -0.999990 0.999988 1.183214 1.000000 0.000000
 0.163889 0.999988 -0.999986 0.999983 1.183213 1.000000 0.000000
 0.165000 0.999984 -0.999981 0.999977 1.183212 1.000000 0.000000
 0.166111 0.999978 -0.999974 0.999969 1.183211 1.000000 0.000000
 0.167222 0.999971 -0.999965 0.999959 1.183209 1.000000 0.000000
 0.168333 0.999961 -0.999953 0.999945 1.183207 1.000000 0.000000
 0.169444 0.999948 -0.999938 0.999927 1.183204 1.000000 0.000000
 0.170556 0.999931 -0.999919 0.999904 1.183200 1.000000 0.000000
 0.171667 0.999910 -0.999893 0.999874 1.183195 1.000000 0.000000
 0.172778 0.999883 -0.999861 0.999836 1.183188 1.000000 0.000000
 0.173889 0.999848 -0.999820 0.999788 1.183180 1.000000 0.000000
 0.175000 0.999805 -0.999769 0.999727 1.183170 1.000000 0.000000
 0.176111 0.999751 -0.999705 0.999651 1.183157 1.000000 0.000000
 0.177222 0.999683 -0.999625 0.999557 1.183141 1.000000 0.000000
 0.178333 0.999600 -0.999527 0.999440 1.183121 1.000000 0.000000
 0.179444 0.999498 -0.999406 0.999298 1.183097 1.000000 0.000000
 0.180556 0.999374 -0.999259 0.999124 1.183068 1.000000 0.000000
 0.181667 0.999224 -0.999082 0.998914 1.183032 1.000000 0.000000
 0.182778 0.999044 -0.998869 0.998662 1.182990 1.000000 0.000000
 0.183889 0.998829 -0.998614 0.998361 1.182939 1.000000 0.000000
 0.185000 0.998574 -0.998313 0.998005 1.182879 1.000000 0.000000
 0.186111 0.998275 -0.997957 0.997585 1.182807 1.000000 0.000000
 0.187222 0.997924 -0.997541 0.997095 1.182724 1.000000 0.000000
 0.188333 0.997516 -0.997058 0.996524 1.182628 1.000000 0.000000
 0.189444 0.997045 -0.996500 0.995866 1.182516 1.000001 0.000000
 0.190556 0.996504 -0.995859 0.995110 1.182388 1.000001 0.000000
 0.191667 0.995887 -0.995127 0.994248 1.182242 1.000001 0.000000
 0.192778 0.995188 -0.994297 0.993271 1.182076 1.000001 0.000000
 0.193889 0.994401 -0.993362 0.992171 1.181889 1.000002 0.000000
 0.195000 0.993518 -0.992313 0.990939 1.181679 1.000002 0.000000
 0.196111 0.992535 -0.991144 0.989567 1.181446 1.000003 0.000000
 0.197222 0.991446 -0.989848 0.988049 1.181187 1.000004 0.000000
 0.198333 0.990246 -0.988419 0.986376 1.180902 1.000005 0.000000
 0.199444 0.988932 -0.986851 0.984544 1.180589 1.000006 0.000000
 0.200556 0.987498 -0.985140 0.982548 1.180247 1.000007 0.000000
 0.201667 0.985943 -0.983282 0.980384 1.179876 1.000009 0.000000
 0.202778 0.984263 -0.981273 0.978048 1.179475 1.000011 0.000000
 0.203889 0.982458 -0.979110 0.975540 1.179043 1.000013 0.000000
 0.205000 0.980525 -0.976791 0.972857 1.178580 1.000016 0.000000
 0.206111 0.978465 -0.974317 0.970000 1.178086 1.000019 0.000000
 0.207222 0.976279 -0.971685 0.966970 1.177561 1.000022 0.000000
 0.208333 0.973967 -0.968897 0.963769 1.177005 1.000026 0.000000
 0.209444 0.971530 -0.965954 0.960399 1.176418 1.000030 0.000000
 0.210556 0.968971 -0.962857 0.956864 1.175800 1.000034 0.000000
 0.211667 0.966293 -0.959608 0.953167 1.175153 1.000039 0.000000
 0.212778 0.963498 -0.956211 0.949315 1.174475 1.000045 0.000000
 0.213889 0.960589 -0.952668 0.945312 1.173769 1.000051 0.000000
 0.215000 0.957572 -0.948983 0.941163 1.173034 1.000057 0.000000
 0.216111 0.954449 -0.945159 0.936875 1.172272 1.000064 0.000000
 0.217222 0.951224 -0.941201 0.932454 1.171484 1.000072 0.000000
 0.218333 0.947903 -0.937113 0.927906 1.170669 1.000080 0.000000
 0.219444 0.944488 -0.932899 0.923238 1.169830 1.000089 0.000000
 0.220556 0.940986 -0.928564 0.918457 1.168966 1.000098 0.000000
 0.221667 0.937400 -0.924113 0.913569 1.168079 1.000108 0.000000
 0.222778 0.933735 -0.919549 0.908582 1.167170 1.000118 0.000000
 0.223889 0.929995 -0.914877 0.903500 1.166240 1.000128 0.000000
 0.225000 0.926184 -0.910102 0.898332 1.165289 1.000140 0.000000
 0.226111 0.922308 -0.905229 0.893083 1.164319 1.000151 0.000000
 0.227222 0.918369 -0.900261 0.887760 1.163330 1.000164 0.000000
 0.228333 0.914373 -0.895203 0.882367 1.162324 1.000177 0.000000
 0.229444 0.910323 -0.890059 0.876912 1.161300 1.000190 0.000000
 0.230556 0.906223 -0.884833 0.871399 1.160260 1.000204 0.000000
 0.231667 0.902076 -0.879529 0.865835 1.159204 1.000218 0.000000
 0.232778 0.897886 -0.874150 0.860223 1.158134 1.000233 0.000000
 0.233889 0.893657 -0.868700 0.854569 1.157050 1.000248 0.000000
 0.235000 0.889392 -0.863183 0.848877 1.155952 1.000263 0.000000
 0.236111 0.885093 -0.857601 0.843152 1.154842 1.000279 0.000000
 0.237222 0.880764 -0.851958 0.837397 1.153719 1.000296 0.000000
 0.238333 0.876407 -0.846257 0.831618 1.152585 1.000313 0.000000
 0.239444 0.872025 -0.840500 0.825817 1.151441 1.000330 0.000000
 0.240556 0.867621 -0.834691 0.819998 1.150285 1.000348 0.000000
 0.241667 0.863196 -0.828832 0.814165 1.149120 1.000366 0.000000
 0.242778 0.858754 -0.822924 0.808320 1.147946 1.000385 0.000000
 0.243889 0.854296 -0.816972 0.802467 1.146762 1.000404 0.000000
 0.245000 0.849824 -0.810976 0.796608 1.145570 1.000424 0.000000
 0.246111 0.845341 -0.804939 0.790746 1.144370 1.000443 0.000000
 0.247222 0.840847 -0.798863 0.784883 1.143163 1.000464 0.000000
 0.248333 0.836345 -0.792750 0.779023 1.141948 1.000484 0.000000
 0.249444 0.831836 -0.786601 0.773165 1.140726 1.000505 0.000000
 0.250556 0.827322 -0.780419 0.767314 1.139497 1.000526 0.000000
 0.251667 0.822804 -0.774204 0.761471 1.138262 1.000548 0.000000
 0.252778 0.818284 -0.767959 0.755637 1.137021 1.000570 0.000000
 0.253889 0.813762 -0.761684 0.749815 1.135775 1.000593 0.000000
 0.255000 0.809241 -0.755381 0.744005 1.134522 1.000615 0.000000
 0.256111 0.804720 -0.749052 0.738210 1.133265 1.000638 0.000000
 0.257222 0.800201 -0.742697 0.732430 1.132003 1.000662 0.000000
 0.258333 0.795686 -0.736318 0.726668 1.130736 1.000686 0.000000
 0.259444 0.791174 -0.729916 0.720923 1.129464 1.000710 0.000000
 0.260556 0.786667 -0.723492 0.715198 1.128188 1.000734 0.000000
 0.261667 0.782167 -0.717046 0.709493 1.126908 1.000759 0.000000
 0.262778 0.777672 -0.710580 0.703810 1.125624 1.000784 0.000000
 0.263889 0.773185 -0.704095 0.698149 1.124337 1.000809 0.000000
 0.265000 0.768706 -0.697592 0.692511 1.123045 1.000835 0.000000
 0.266111 0.764235 -0.691070 0.686897 1.121751 1.000861 0.000000
 0.267222 0.759774 -0.684532 0.681308 1.120453 1.000888 0.000000
 0.268333 0.755322 -0.677977 0.675744 1.119152 1.000914 0.000000
 0.269444 0.750881 -0.671407 0.670206 1.117847 1.000941 0.000000
 0.270556 0.746450 -0.664823 0.664694 1.116540 1.000969 0.000000
 0.271667 0.742031 -0.658223 0.659210 1.115231 1.000997 0.000000
 0.272778 0.737624 -0.651611 0.653753 1.113918 1.001025 0.000000
 0.273889 0.733229 -0.644985 0.648325 1.112604 1.001053 0.000000
 0.275000 0.728847 -0.638346 0.642925 1.111286 1.001081 0.000000
 0.276111 0.724477 -0.631696 0.637554 1.109967 1.001110 0.000000
 0.277222 0.720121 -0.625034 0.632212 1.108645 1.001140 0.000000
 0.278333 0.715779 -0.618361 0.626900 1.107321 1.001169 0.000000
 0.279444 0.711451 -0.611678 0.621618 1.105995 1.001199 0.000000
 0.280556 0.707137 -0.604984 0.616366 1.104668 1.001229 0.000000
 0.281667 0.702838 -0.598281 0.611145 1.103338 1.001260 0.000000
 0.282778 0.698554 -0.591568 0.605955 1.102007 1.001291 0.000000
 0.283889 0.694286 -0.584847 0.600796 1.100674 1.001322 0.000000
 0.285000 0.690032 -0.578116 0.595668 1.099339 1.001354 0.000000
 0.286111 0.685794 -0.571378 0.590572 1.098003 1.001385 0.000000
 0.287222 0.681573 -0.564632 0.585507 1.096665 1.001417 0.000000
 0.288333 0.677367 -0.557879 0.580474 1.095326 1.001450 0.000000
 0.289444 0.673178 -0.551118 0.575473 1.093986 1.001483 0.000000
 0.290556 0.669005 -0.544351 0.570504 1.092644 1.001516 0.000000
 0.291667 0.664849 -0.537577 0.565568 1.091301 1.001549 0.000000
 0.292778 0.660710 -0.530797 0.560663 1.089958 1.001583 0.000000
 0.293889 0.656588 -0.524011 0.555791 1.088613 1.001617 0.000000
 0.295000 0.652483 -0.517220 0.550951 1.087267 1.001651 0.000000
 0.296111 0.648395 -0.510423 0.546144 1.085920 1.001686 0.000000
 0.297222 0.644325 -0.503621 0.541369 1.084572 1.001721 0.000000
 0.298333 0.640272 -0.496815 0.536627 1.083223 1.001756 0.000000
 0.299444 0.636238 -0.490004 0.531918 1.081874 1.001792 0.000000
 0.300556 0.632221 -0.483189 0.527241 1.080524 1.001828 0.000000
 0.301667 0.628222 -0.476370 0.522597 1.079173 1.001864 0.000000
 0.302778 0.624241 -0.469548 0.517986 1.077822 1.001901 0.000000
 0.303889 0.620279 -0.462722 0.513408 1.076470 1.001938 0.000000
 0.305000 0.616334 -0.455893 0.508862 1.075117 1.001975 0.000000
 0.306111 0.612409 -0.449061 0.504349 1.073764 1.002013 0.000000
 0.307222 0.608502 -0.442227 0.499869 1.072411 1.002051 0.000000
 0.308333 0.604613 -0.435391 0.495421 1.071057 1.002089 0.000000
 0.309444 0.600743 -0.428553 0.491007 1.069703 1.002128 0.000000
 0.310556 0.596893 -0.421713 0.486625 1.068349 1.002167 0.000000
 0.311667 0.593061 -0.414872 0.482276 1.066995 1.002206 0.000000
 0.312778 0.589248 -0.408030 0.477960 1.065640 1.002245 0.000000
 0.313889 0.585454 -0.401187 0.473676 1.064286 1.002285 0.000000
 0.315000 0.581680 -0.394343 0.469426 1.062932 1.002326 0.000000
 0.316111 0.577925 -0.387500 0.465208 1.061577 1.002366 0.000000
 0.317222 0.574190 -0.380657 0.461023 1.060223 1.002407 0.000000
 0.318333 0.570474 -0.373814 0.456870 1.058869 1.002448 0.000000
 0.319444 0.566779 -0.366973 0.452750 1.057516 1.002490 0.000000
 0.320556 0.563103 -0.360133 0.448663 1.056162 1.002532 0.000000
 0.321667 0.559447 -0.353294 0.444609 1.054809 1.002574 0.000000
 0.322778 0.555811 -0.346458 0.440588 1.053457 1.002617 0.000000
 0.323889 0.552195 -0.339625 0.436600 1.052106 1.002660 0.000000
 0.325000 0.548600 -0.332794 0.432644 1.050755 1.002703 0.000000
 0.326111 0.545025 -0.325967 0.428721 1.049405 1.002747 0.000000
 0.327222 0.541472 -0.319145 0.424831 1.048056 1.002791 0.000000
 0.328333 0.537939 -0.312327 0.420974 1.046708 1.002835 0.000000
 0.329444 0.534427 -0.305514 0.417151 1.045361 1.002880 0.000000
 0.330556 0.530937 -0.298707 0.413360 1.044015 1.002925 0.000000
 0.331667 0.527468 -0.291906 0.409602 1.042671 1.002970 0.000000
 0.332778 0.524021 -0.285113 0.405878 1.041328 1.003016 0.000000
 0.333889 0.520596 -0.278328 0.402188 1.039987 1.003062 0.000000
 0.335000 0.517193 -0.271551 0.398530 1.038648 1.003108 0.000000
 0.336111 0.513813 -0.264785 0.394907 1.037311 1.003154 0.000000
 0.337222 0.510456 -0.258028 0.391318 1.035976 1.003201 0.000000
 0.338333 0.507122 -0.251284 0.387762 1.034643 1.003249 0.000000
 0.339444 0.503811 -0.244551 0.384241 1.033314 1.003296 0.000000
 0.340556 0.500525 -0.237833 0.380755 1.031987 1.003344 0.000000
 0.341667 0.497263 -0.231129 0.377303 1.030663 1.003392 0.000000
 0.342778 0.494025 -0.224442 0.373887 1.029342 1.003440 0.000000
 0.343889 0.490814 -0.217773 0.370507 1.028025 1.003489 0.000000
 0.345000 0.487628 -0.211123 0.367162 1.026712 1.003538 0.000000
 0.346111 0.484468 -0.204494 0.363854 1.025403 1.003587 0.000000
 0.347222 0.481336 -0.197888 0.360582 1.024099 1.003637 0.000000
 0.348333 0.478232 -0.191306 0.357349 1.022800 1.003687 0.000000
 0.349444 0.475156 -0.184752 0.354153 1.021507 1.003737 0.000000
 0.350556 0.472110 -0.178227 0.350996 1.020219 1.003787 0.000000
 0.351667 0.469094 -0.171734 0.347878 1.018938 1.003837 0.000000
 0.352778 0.466110 -0.165276 0.344801 1.017664 1.003888 0.000000
 0.353889 0.463158 -0.158855 0.341765 1.016397 1.003939 0.000000
 0.355000 0.460240 -0.152475 0.338771 1.015139 1.003990 0.000000
 0.356111 0.457356 -0.146140 0.335821 1.013890 1.004041 0.000000
 0.357222 0.454509 -0.139854 0.332915 1.012650 1.004093 0.000000
 0.358333 0.451700 -0.133620 0.330054 1.011421 1.004144 0.000000
 0.359444 0.448930 -0.127443 0.327241 1.010203 1.004196 0.000000
 0.360556 0.446201 -0.121329 0.324477 1.008998 1.004247 0.000000
 0.361667 0.443516 -0.115282 0.321763 1.007807 1.004299 0.000000
 0.362778 0.440876 -0.109309 0.319101 1.006630 1.004351 0.000000
 0.363889 0.438283 -0.103416 0.316493 1.005469 1.004402 0.000000
 0.365000 0.435740 -0.097609 0.313942 1.004326 1.004454 0.000000
 0.366111 0.433250 -0.091897 0.311449 1.003201 1.004506 0.000000
 0.367222 0.430815 -0.086286 0.309017 1.002097 1.004557 0.000000
 0.368333 0.428439 -0.080785 0.306649 1.001014 1.004609 0.000000
 0.369444 0.426124 -0.075404 0.304347 0.999956 1.004660 0.000000
 0.370556 0.423873 -0.070151 0.302115 0.998923 1.004711 0.000000
 0.371667 0.421691 -0.065036 0.299955 0.997917 1.004762 0.000000
 0.372778 0.419580 -0.060070 0.297870 0.996941 1.004813 0.000000
 0.373889 0.417545 -0.055262 0.295864 0.995997 1.004864 0.000000
 0.375000 0.415589 -0.050624 0.293940 0.995087 1.004914 0.000000
 0.376111 0.413715 -0.046167 0.292100 0.994213 1.004964 0.000000
 0.377222 0.411927 -0.041900 0.290349 0.993377 1.005014 0.000000
 0.378333 0.410229 -0.037835 0.288689 0.992581 1.005064 0.000000
 0.379444 0.408623 -0.033980 0.287122 0.991827 1.005113 0.000000
 0.380556 0.407113 -0.030345 0.285652 0.991117 1.005162 0.000000
 0.381667 0.405700 -0.026936 0.284279 0.990453 1.005212 0.000000
 0.382778 0.404386 -0.023761 0.283005 0.989835 1.005261 0.000000
 0.383889 0.403173 -0.020822 0.281831 0.989264 1.005310 0.000000
 0.385000 0.402060 -0.018124 0.280756 0.988742 1.005359 0.000000
 0.386111 0.401047 -0.015664 0.279779 0.988267 1.005409 0.000000
 0.387222 0.400131 -0.013441 0.278899 0.987840 1.005458 0.000000
 0.388333 0.399311 -0.011450 0.278113 0.987459 1.005508 0.000000
 0.389444 0.398583 -0.009683 0.277417 0.987123 1.005558 0.000000
 0.390556 0.397941 -0.008129 0.276806 0.986830 1.005609 0.000000
 0.391667 0.397382 -0.006777 0.276276 0.986578 1.005661 0.000000
 0.392778 0.396899 -0.005613 0.275820 0.986363 1.005713 0.000000
 0.393889 0.396485 -0.004621 0.275432 0.986184 1.005766 0.000000
 0.395000 0.396134 -0.003785 0.275105 0.986035 1.005820 0.000000
 0.396111 0.395838 -0.003087 0.274833 0.985915 1.005874 0.000000
 0.397222 0.395592 -0.002512 0.274609 0.985819 1.005930 0.000000
 0.398333 0.395388 -0.002042 0.274425 0.985745 1.005987 0.000000
 0.399444 0.395219 -0.001662 0.274278 0.985690 1.006044 0.000000
 0.400556 0.395081 -0.001357 0.274159 0.985649 1.006103 0.000000
 0.401667 0.394967 -0.001115 0.274065 0.985622 1.006163 0.000000
 0.402778 0.394874 -0.000925 0.273991 0.985606 1.006225 0.000000
 0.403889 0.394797 -0.000775 0.273933 0.985598 1.006287 0.000000
 0.405000 0.394732 -0.000658 0.273888 0.985597 1.006351 0.000000
 0.406111 0.394678 -0.000567 0.273853 0.985601 1.006416 0.000000
 0.407222 0.394631 -0.000496 0.273825 0.985611 1.006483 0.000000
 0.408333 0.394589 -0.000440 0.273804 0.985623 1.006551 0.000000
 0.409444 0.394552 -0.000396 0.273787 0.985639 1.006621 0.000000
 0.410556 0.394519 -0.000361 0.273773 0.985657 1.006692 0.000000
 0.411667 0.394487 -0.000332 0.273762 0.985677 1.006764 0.000000
 0.412778 0.394457 -0.000309 0.273753 0.985698 1.006839 0.000000
 0.413889 0.394428 -0.000289 0.273746 0.985721 1.006915 0.000000
 0.415000 0.394399 -0.000272 0.273739 0.985745 1.006993 0.000000
 0.416111 0.394371 -0.000257 0.273734 0.985770 1.007073 0.000000
 0.417222 0.394343 -0.000244 0.273729 0.985796 1.007155 0.000000
 0.418333 0.394316 -0.000232 0.273725 0.985823 1.007238 0.000000
 0.419444 0.394288 -0.000221 0.273721 0.985851 1.007324 0.000000
 0.420556 0.394259 -0.000212 0.273717 0.985880 1.007412 0.000000
 0.421667 0.394231 -0.000203 0.273714 0.985910 1.007502 0.000000
 0.422778 0.394202 -0.000194 0.273711 0.985941 1.007595 0.000000
 0.423889 0.394172 -0.000187 0.273708 0.985972 1.007690 0.000000
 0.425000 0.394142 -0.000179 0.273706 0.986005 1.007788 0.000000
 0.426111 0.394112 -0.000173 0.273703 0.986039 1.007888 0.000000
 0.427222 0.394081 -0.000166 0.273701 0.986074 1.007991 0.000000
 0.428333 0.394049 -0.000160 0.273699 0.986110 1.008097 0.000000
 0.429444 0.394017 -0.000155 0.273697 0.986147 1.008205 0.000000
 0.430556 0.393984 -0.000149 0.273695 0.986185 1.008317 0.000000
 0.431667 0.393950 -0.000144 0.273693 0.986224 1.008432 0.000000
 0.432778 0.393915 -0.000139 0.273692 0.986265 1.008551 0.000000
 0.433889 0.393879 -0.000135 0.273690 0.986306 1.008673 0.000000
 0.435000 0.393843 -0.000130 0.273689 0.986350 1.008799 0.000000
 0.436111 0.393805 -0.000126 0.273687 0.986394 1.008929 0.000000
 0.437222 0.393766 -0.000122 0.273686 0.986440 1.009063 0.000000
 0.438333 0.393727 -0.000118 0.273685 0.986488 1.009201 0.000000
 0.439444 0.393686 -0.000114 0.273683 0.986537 1.009344 0.000000
 0.440556 0.393643 -0.000110 0.273682 0.986588 1.009491 0.000000
 0.441667 0.393600 -0.000107 0.273681 0.986641 1.009644 0.000000
 0.442778 0.393555 -0.000104 0.273680 0.986695 1.009801 0.000000
 0.443889 0.393508 -0.000100 0.273679 0.986752 1.009965 0.000000
 0.445000 0.393460 -0.000097 0.273678 0.986810 1.010134 0.000000
 0.446111 0.393411 -0.000094 0.273677 0.986871 1.010309 0.000000
 0.447222 0.393359 -0.000091 0.273676 0.986934 1.010491 0.000000
 0.448333 0.393306 -0.000088 0.273676 0.987000 1.010680 0.000000
 0.449444 0.393250 -0.000085 0.273675 0.987068 1.010877 0.000000
 0.450556 0.393193 -0.000083 0.273674 0.987139 1.011081 0.000000
 0.451667 0.393133 -0.000080 0.273673 0.987212 1.011293 0.000000
 0.452778 0.393071 -0.000078 0.273673 0.987289 1.011515 0.000000
 0.453889 0.393006 -0.000075 0.273672 0.987369 1.011746 0.000000
 0.455000 0.392939 -0.000073 0.273671 0.987453 1.011987 0.000000
 0.456111 0.392868 -0.000070 0.273671 0.987540 1.012239 0.000000
 0.457222 0.392794 -0.000068 0.273670 0.987632 1.012502 0.000000
 0.458333 0.392717 -0.000066 0.273670 0.987728 1.012779 0.000000
 0.459444 0.392637 -0.000063 0.273669 0.987828 1.013068 0.000000
 0.460556 0.392552 -0.000061 0.273669 0.987934 1.013372 0.000000
 0.461667 0.392463 -0.000059 0.273668 0.988045 1.013692 0.000000
 0.462778 0.392370 -0.000057 0.273668 0.988162 1.014028 0.000000
 0.463889 0.392271 -0.000055 0.273667 0.988285 1.014383 0.000000
 0.465000 0.392167 -0.000053 0.273667 0.988416 1.014758 0.000000
 0.466111 0.392057 -0.000051 0.273666 0.988553 1.015156 0.000000
 0.467222 0.391941 -0.000049 0.273666 0.988700 1.015577 0.000000
 0.468333 0.391817 -0.000047 0.273666 0.988855 1.016024 0.000000
 0.469444 0.391685 -0.000045 0.273665 0.989021 1.016501 0.000000
 0.470556 0.391545 -0.000043 0.273665 0.989197 1.017010 0.000000
 0.471667 0.391395 -0.000042 0.273665 0.989386 1.017555 0.000000
 0.472778 0.391234 -0.000040 0.273664 0.989589 1.018140 0.000000
 0.473889 0.391061 -0.000038 0.273664 0.989808 1.018770 0.000000
 0.475000 0.390874 -0.000036 0.273664 0.990044 1.019451 0.000000
 0.476111 0.390671 -0.000034 0.273664 0.990300 1.020190 0.000000
 0.477222 0.390451 -0.000033 0.273663 0.990579 1.020994 0.000000
 0.478333 0.390211 -0.000031 0.273663 0.990884 1.021874 0.000000
 0.479444 0.389947 -0.000029 0.273663 0.991219 1.022843 0.000000
 0.480556 0.389655 -0.000028 0.273663 0.991589 1.023913 0.000000
 0.481667 0.389331 -0.000026 0.273663 0.992001 1.025105 0.000000
 0.482778 0.388969 -0.000024 0.273662 0.992462 1.026440 0.000000
 0.483889 0.388561 -0.000023 0.273662 0.992982 1.027948 0.000000
 0.485000 0.388098 -0.000021 0.273662 0.993575 1.029666 0.000000
 0.486111 0.387567 -0.000019 0.273662 0.994255 1.031643 0.000000
 0.487222 0.386950 -0.000018 0.273662 0.995047 1.033943 0.000000
 0.488333 0.386227 -0.000016 0.273662 0.995978 1.036654 0.000000
 0.489444 0.385367 -0.000015 0.273662 0.997089 1.039896 0.000000
 0.490556 0.384327 -0.000013 0.273661 0.998437 1.043838 0.000000
 0.491667 0.383046 -0.000012 0.273661 1.000104 1.048727 0.000000
 0.492778 0.381435 -0.000010 0.273661 1.002214 1.054932 0.000000
 0.493889 0.379356 -0.000008 0.273661 1.004956 1.063034 0.000000
 0.495000 0.376588 -0.000007 0.273661 1.008643 1.073990 0.000000
 0.496111 0.372752 -0.000005 0.273661 1.013820 1.089496 0.000000
 0.497222 0.367146 -0.000004 0.273661 1.021529 1.112853 0.000000
 0.498333 0.358349 -0.000002 0.273661 1.033993 1.151290 0.000000
 0.499444 0.343477 -0.000001 0.273661 1.056140 1.221674 0.000000
 0.500556 0.343477 0.000001 0.273661 1.056140 1.221674 0.000000
 0.501667 0.358349 0.000002 0.273661 1.033993 1.151290 0.000000
 0.502778 0.367146 0.000004 0.273661 1.021529 1.112853 0.000000
 0.503889 0.372752 0.000005 0.273661 1.013820 1.089496 0.000000
 0.505000 0.376588 0.000007 0.273661 1.008643 1.073990 0.000000
 0.506111 0.379356 0.000008 0.273661 1.004956 1.063034 0.000000
 0.507222 0.381435 0.000010 0.273661 1.002214 1.054932 0.000000
 0.508333 0.383046 0.000012 0.273661 1.000104 1.048727 0.000000
 0.509444 0.384327 0.000013 0.273661 0.998437 1.043838 0.000000
 0.510556 0.385367 0.000015 0.273662 0.997089 1.039896 0.000000
 0.511667 0.386227 0.000016 0.273662 0.995978 1.036654 0.000000
 0.512778 0.386950 0.000018 0.273662 0.995047 1.033943 0.000000
 0.513889 0.387567 0.000019 0.273662 0.994255 1.031643 0.000000
 0.515000 0.388098 0.000021 0.273662 0.993575 1.029666 0.000000
 0.516111 0.388561 0.000023 0.273662 0.992982 1.027948 0.000000
 0.517222 0.388969 0.000024 0.273662 0.992462 1.026440 0.000000
 0.518333 0.389331 0.000026 0.273663 0.992001 1.025105 0.000000
 0.519444 0.389655 0.000028 0.273663 0.991589 1.023913 0.000000
 0.520556 0.389947 0.000029 0.273663 0.991219 1.022843 0.000000
 0.521667 0.390211 0.000031 0.273663 0.990884 1.021874 0.000000
 0.522778 0.390451 0.000033 0.273663 0.990579 1.020994 0.000000
 0.523889 0.390671 0.000034 0.273664 0.990300 1.020190 0.000000
 0.525000 0.390874 0.000036 0.273664 0.990044 1.019451 0.000000
 0.526111 0.391061 0.000038 0.273664 0.989808 1.018770 0.000000
 0.527222 0.391234 0.000040 0.273664 0.989589 1.018140 0.000000
 0.528333 0.391395 0.000042 0.273665 0.989386 1.017555 0.000000
 0.529444 0.391545 0.000043 0.273665 0.989197 1.017010 0.000000
 0.530556 0.391685 0.000045 0.273665 0.989021 1.016501 0.000000
 0.531667 0.391817 0.000047 0.273666 0.988855 1.016024 0.000000
 0.532778 0.391941 0.000049 0.273666 0.988700 1.015577 0.000000
 0.533889 0.392057 0.000051 0.273666 0.988553 1.015156 0.000000
 0.535000 0.392167 0.000053 0.273667 0.988416 1.014758 0.000000
 0.536111 0.392271 0.000055 0.273667 0.988285 1.014383 0.000000
 0.537222 0.392370 0.000057 0.273668 0.988162 1.014028 0.000000
 0.538333 0.392463 0.000059 0.273668 0.988045 1.013692 0.000000
 0.539444 0.392552 0.000061 0.273669 0.987934 1.013372 0.000000
 0.540556 0.392637 0.000063 0.273669 0.987828 1.013068 0.000000
 0.541667 0.392717 0.000066 0.273670 0.987728 1.012779 0.000000
 0.542778 0.392794 0.000068 0.273670 0.987632 1.012502 0.000000
 0.543889 0.392868 0.000070 0.273671 0.987540 1.012239 0.000000
 0.545000 0.392939 0.000073 0.273671 0.987453 1.011987 0.000000
 0.546111 0.393006 0.000075 0.273672 0.987369 1.011746 0.000000
 0.547222 0.393071 0.000078 0.273673 0.987289 1.011515 0.000000
 0.548333 0.393133 0.000080 0.273673 0.987212 1.011293 0.000000
 0.549444 0.393193 0.000083 0.273674 0.987139 1.011081 0.000000
 0.550556 0.393250 0.000085 0.273675 0.987068 1.010877 0.000000
 0.551667 0.393306 0.000088 0.273676 0.987000 1.010680 0.000000
 0.552778 0.393359 0.000091 0.273676 0.986934 1.010491 0.000000
 0.553889 0.393411 0.000094 0.273677 0.986871 1.010309 0.000000
 0.555000 0.393460 0.000097 0.273678 0.986810 1.010134 0.000000
 0.556111 0.393508 0.000100 0.273679 0.986752 1.009965 0.000000
 0.557222 0.393555 0.000104 0.273680 0.986695 1.009801 0.000000
 0.558333 0.393600 0.000107 0.273681 0.986641 1.009644 0.000000
 0.559444 0.393643 0.000110 0.273682 0.986588 1.009491 0.000000
 0.560556 0.393686 0.000114 0.273683 0.986537 1.009344 0.000000
 0.561667 0.393727 0.000118 0.273685 0.986488 1.009201 0.000000
 0.562778 0.393766 0.000122 0.273686 0.986440 1.009063 0.000000
 0.563889 0.393805 0.000126 0.273687 0.986394 1.008929 0.000000
 0.565000 0.393843 0.000130 0.273689 0.986350 1.008799 0.000000
 0.566111 0.393879 0.000135 0.273690 0.986306 1.008673 0.000000
 0.567222 0.393915 0.000139 0.273692 0.986265 1.008551 0.000000
 0.568333 0.393950 0.000144 0.273693 0.986224 1.008432 0.000000
 0.569444 0.393984 0.000149 0.273695 0.986185 1.008317 0.000000
 0.570556 0.394017 0.000155 0.273697 0.986147 1.008205 0.000000
 0.571667 0.394049 0.000160 0.273699 0.986110 1.008097 0.000000
 0.572778 0.394081 0.000166 0.273701 0.986074 1.007991 0.000000
 0.573889 0.394112 0.000173 0.273703 0.986039 1.007888 0.000000
 0.575000 0.394142 0.000179 0.273706 0.986005 1.007788 0.000000
 0.576111 0.394172 0.000187 0.273708 0.985972 1.007690 0.000000
 0.577222 0.394202 0.000194 0.273711 0.985941 1.007595 0.000000
 0.578333 0.394231 0.000203 0.273714 0.985910 1.007502 0.000000
 0.579444 0.394259 0.000212 0.273717 0.985880 1.007412 0.000000
 0.580556 0.394288 0.000221 0.273721 0.985851 1.007324 0.000000
 0.581667 0.394316 0.000232 0.273725 0.985823 1.007238 0.000000
 0.582778 0.394343 0.000244 0.273729 0.985796 1.007155 0.000000
 0.583889 0.394371 0.000257 0.273734 0.985770 1.007073 0.000000
 0.585000 0.394399 0.000272 0.273739 0.985745 1.006993 0.000000
 0.586111 0.394428 0.000289 0.273746 0.985721 1.006915 0.000000
 0.587222 0.394457 0.000309 0.273753 0.985698 1.006839 0.000000
 0.588333 0.394487 0.000332 0.273762 0.985677 1.006764 0.000000
 0.589444 0.394519 0.000361 0.273773 0.985657 1.006692 0.000000
 0.590556 0.394552 0.000396 0.273787 0.985639 1.006621 0.000000
 0.591667 0.394589 0.000440 0.273804 0.985623 1.006551 0.000000
 0.592778 0.394631 0.000496 0.273825 0.985611 1.006483 0.000000
 0.593889 0.394678 0.000567 0.273853 0.985601 1.006416 0.000000
 0.595000 0.394732 0.000658 0.273888 0.985597 1.006351 0.000000
 0.596111 0.394797 0.000775 0.273933 0.985598 1.006287 0.000000
 0.597222 0.394874 0.000925 0.273991 0.985606 1.006225 0.000000
 0.598333 0.394967 0.001115 0.274065 0.985622 1.006163 0.000000
 0.599444 0.395081 0.001357 0.274159 0.985649 1.006103 0.000000
 0.600556 0.395219 0.001662 0.274278 0.985690 1.006044 0.000000
 0.601667 0.395388 0.002042 0.274425 0.985745 1.005987 0.000000
 0.602778 0.395592 0.002512 0.274609 0.985819 1.005930 0.000000
 0.603889 0.395838 0.003087 0.274833 0.985915 1.005874 0.000000
 0.605000 0.396134 0.003785 0.275105 0.986035 1.005820 0.000000
 0.606111 0.396485 0.004621 0.275432 0.986184 1.005766 0.000000
 0.607222 0.396899 0.005613 0.275820 0.986363 1.005713 0.000000
 0.608333 0.397382 0.006777 0.276276 0.986578 1.005661 0.000000
 0.609444 0.397941 0.008129 0.276806 0.986830 1.005609 0.000000
 0.610556 0.398583 0.009683 0.277417 0.987123 1.005558 0.000000
 0.611667 0.399311 0.011450 0.278113 0.987459 1.005508 0.000000
 0.612778 0.400131 0.013441 0.278899 0.987840 1.005458 0.000000
 0.613889 0.401047 0.015664 0.279779 0.988267 1.005409 0.000000
 0.615000 0.402060 0.018124 0.280756 0.988742 1.005359 0.000000
 0.616111 0.403173 0.020822 0.281831 0.989264 1.005310 0.000000
 0.617222 0.404386 0.023761 0.283005 0.989835 1.005261 0.000000
 0.618333 0.405700 0.026936 0.284279 0.990453 1.005212 0.000000
 0.619444 0.407113 0.030345 0.285652 0.991117 1.005162 0.000000
 0.620556 0.408623 0.033980 0.287122 0.991827 1.005113 0.000000
 0.621667 0.410229 0.037835 0.288689 0.992581 1.005064 0.000000
 0.622778 0.411927 0.041900 0.290349 0.993377 1.005014 0.000000
 0.623889 0.413715 0.046167 0.292100 0.994213 1.004964 0.000000
 0.625000 0.415589 0.050624 0.293940 0.995087 1.004914 0.000000
 0.626111 0.417545 0.055262 0.295864 0.995997 1.004864 0.000000
 0.627222 0.419580 0.060070 0.297870 0.996941 1.004813 0.000000
 0.628333 0.421691 0.065036 0.299955 0.997917 1.004762 0.000000
 0.629444 0.423873 0.070151 0.302115 0.998923 1.004711 0.000000
 0.630556 0.426124 0.075404 0.304347 0.999956 1.004660 0.000000
 0.631667 0.428439 0.080785 0.306649 1.001014 1.004609 0.000000
 0.632778 0.430815 0.086286 0.309017 1.002097 1.004557 0.000000
 0.633889 0.433250 0.091897 0.311449 1.003201 1.004506 0.000000
 0.635000 0.435740 0.097609 0.313942 1.004326 1.004454 0.000000
 0.636111 0.438283 0.103416 0.316493 1.005469 1.004402 0.000000
 0.637222 0.440876 0.109309 0.319101 1.006630 1.004351 0.000000
 0.638333 0.443516 0.115282 0.321763 1.007807 1.004299 0.000000
 0.639444 0.446201 0.121329 0.324477 1.008998 1.004247 0.000000
 0.640556 0.448930 0.127443 0.327241 1.010203 1.004196 0.000000
 0.641667 0.451700 0.133620 0.330054 1.011421 1.004144 0.000000
 0.642778 0.454509 0.139854 0.332915 1.012650 1.004093 0.000000
 0.643889 0.457356 0.146140 0.335821 1.013890 1.004041 0.000000
 0.645000 0.460240 0.152475 0.338771 1.015139 1.003990 0.000000
 0.646111 0.463158 0.158855 0.341765 1.016397 1.003939 0.000000
 0.647222 0.466110 0.165276 0.344801 1.017664 1.003888 0.000000
 0.648333 0.469094 0.171734 0.347878 1.018938 1.003837 0.000000
 0.649444 0.472110 0.178227 0.350996 1.020219 1.003787 0.000000
 0.650556 0.475156 0.184752 0.354153 1.021507 1.003737 0.000000
 0.651667 0.478232 0.191306 0.357349 1.022800 1.003687 0.000000
 0.652778 0.481336 0.197888 0.360582 1.024099 1.003637 0.000000
 0.653889 0.484468 0.204494 0.363854 1.025403 1.003587 0.000000
 0.655000 0.487628 0.211123 0.367162 1.026712 1.003538 0.000000
 0.656111 0.490814 0.217773 0.370507 1.028025 1.003489 0.000000
 0.657222 0.494025 0.224442 0.373887 1.029342 1.003440 0.000000
 0.658333 0.497263 0.231129 0.377303 1.030663 1.003392 0.000000
 0.659444 0.500525 0.237833 0.380755 1.031987 1.003344 0.000000
 0.660556 0.503811 0.244551 0.384241 1.033314 1.003296 0.000000
 0.661667 0.507122 0.251284 0.387762 1.034643 1.003249 0.000000
 0.662778 0.510456 0.258028 0.391318 1.035976 1.003201 0.000000
 0.663889 0.513813 0.264785 0.394907 1.037311 1.003154 0.000000
 0.665000 0.517193 0.271551 0.398530 1.038648 1.003108 0.000000
 0.666111 0.520596 0.278328 0.402188 1.039987 1.003062 0.000000
 0.667222 0.524021 0.285113 0.405878 1.041328 1.003016 0.000000
 0.668333 0.527468 0.291906 0.409602 1.042671 1.002970 0.000000
 0.669444 0.530937 0.298707 0.413360 1.044015 1.002925 0.000000
 0.670556 0.534427 0.305514 0.417151 1.045361 1.002880 0.000000
 0.671667 0.537939 0.312327 0.420974 1.046708 1.002835 0.000000
 0.672778 0.541472 0.319145 0.424831 1.048056 1.002791 0.000000
 0.673889 0.545025 0.325967 0.428721 1.049405 1.002747 0.000000
 0.675000 0.548600 0.332794 0.432644 1.050755 1.002703 0.000000
 0.676111 0.552195 0.339625 0.436600 1.052106 1.002660 0.000000
 0.677222 0.555811 0.346458 0.440588 1.053457 1.002617 0.000000
 0.678333 0.559447 0.353294 0.444609 1.054809 1.002574 0.000000
 0.679444 0.563103 0.360133 0.448663 1.056162 1.002532 0.000000
 0.680556 0.566779 0.366973 0.452750 1.057516 1.002490 0.000000
 0.681667 0.570474 0.373814 0.456870 1.058869 1.002448 0.000000
 0.682778 0.574190 0.380657 0.461023 1.060223 1.002407 0.000000
 0.683889 0.577925 0.387500 0.465208 1.061577 1.002366 0.000000
 0.685000 0.581680 0.394343 0.469426 1.062932 1.002326 0.000000
 0.686111 0.585454 0.401187 0.473676 1.064286 1.002285 0.000000
 0.687222 0.589248 0.408030 0.477960 1.065640 1.002245 0.000000
 0.688333 0.593061 0.414872 0.482276 1.066995 1.002206 0.000000
 0.689444 0.596893 0.421713 0.486625 1.068349 1.002167 0.000000
 0.690556 0.600743 0.428553 0.491007 1.069703 1.002128 0.000000
 0.691667 0.604613 0.435391 0.495421 1.071057 1.002089 0.000000
 0.692778 0.608502 0.442227 0.499869 1.072411 1.002051 0.000000
 0.693889 0.612409 0.449061 0.504349 1.073764 1.002013 0.000000
 0.695000 0.616334 0.455893 0.508862 1.075117 1.001975 0.000000
 0.696111 0.620279 0.462722 0.513408 1.076470 1.001938 0.000000
 0.697222 0.624241 0.469548 0.517986 1.077822 1.001901 0.000000
 0.698333 0.628222 0.476370 0.522597 1.079173 1.001864 0.000000
 0.699444 0.632221 0.483189 0.527241 1.080524 1.001828 0.000000
 0.700556 0.636238 0.490004 0.531918 1.081874 1.001792 0.000000
 0.701667 0.640272 0.496815 0.536627 1.083223 1.001756 0.000000
 0.702778 0.644325 0.503621 0.541369 1.084572 1.001721 0.000000
 0.703889 0.648395 0.510423 0.546144 1.085920 1.001686 0.000000
 0.705000 0.652483 0.517220 0.550951 1.087267 1.001651 0.000000
 0.706111 0.656588 0.524011 0.555791 1.088613 1.001617 0.000000
 0.707222 0.660710 0.530797 0.560663 1.089958 1.001583 0.000000
 0.708333 0.664849 0.537577 0.565568 1.091301 1.001549 0.000000
 0.709444 0.669005 0.544351 0.570504 1.092644 1.001516 0.000000
 0.710556 0.673178 0.551118 0.575473 1.093986 1.001483 0.000000
 0.711667 0.677367 0.557879 0.580474 1.095326 1.001450 0.000000
 0.712778 0.681573 0.564632 0.585507 1.096665 1.001417 0.000000
 0.713889 0.685794 0.571378 0.590572 1.098003 1.001385 0.000000
 0.715000 0.690032 0.578116 0.595668 1.099339 1.001354 0.000000
 0.716111 0.694286 0.584847 0.600796 1.100674 1.001322 0.000000
 0.717222 0.698554 0.591568 0.605955 1.102007 1.001291 0.000000
 0.718333 0.702838 0.598281 0.611145 1.103338 1.001260 0.000000
 0.719444 0.707137 0.604984 0.616366 1.104668 1.001229 0.000000
 0.720556 0.711451 0.611678 0.621618 1.105995 1.001199 0.000000
 0.721667 0.715779 0.618361 0.626900 1.107321 1.001169 0.000000
 0.722778 0.720121 0.625034 0.632212 1.108645 1.001140 0.000000
 0.723889 0.724477 0.631696 0.637554 1.109967 1.001110 0.000000
 0.725000 0.728847 0.638346 0.642925 1.111286 1.001081 0.000000
 0.726111 0.733229 0.644985 0.648325 1.112604 1.001053 0.000000
 0.727222 0.737624 0.651611 0.653753 1.113918 1.001025 0.000000
 0.728333 0.742031 0.658223 0.659210 1.115231 1.000997 0.000000
 0.729444 0.746450 0.664823 0.664694 1.116540 1.000969 0.000000
 0.730556 0.750881 0.671407 0.670206 1.117847 1.000941 0.000000
 0.731667 0.755322 0.677977 0.675744 1.119152 1.000914 0.000000
 0.732778 0.759774 0.684532 0.681308 1.120453 1.000888 0.000000
 0.733889 0.764235 0.691070 0.686897 1.121751 1.000861 0.000000
 0.735000 0.768706 0.697592 0.692511 1.123045 1.000835 0.000000
 0.736111 0.773185 0.704095 0.698149 1.124337 1.000809 0.000000
 0.737222 0.777672 0.710580 0.703810 1.125624 1.000784 0.000000
 0.738333 0.782167 0.717046 0.709493 1.126908 1.000759 0.000000
 0.739444 0.786667 0.723492 0.715198 1.128188 1.000734 0.000000
 0.740556 0.791174 0.729916 0.720923 1.129464 1.000710 0.000000
 0.741667 0.795686 0.736318 0.726668 1.130736 1.000686 0.000000
 0.742778 0.800201 0.742697 0.732430 1.132003 1.000662 0.000000
 0.743889 0.804720 0.749052 0.738210 1.133265 1.000638 0.000000
 0.745000 0.809241 0.755381 0.744005 1.134522 1.000615 0.000000
 0.746111 0.813762 0.761684 0.749815 1.135775 1.000593 0.000000
 0.747222 0.818284 0.767959 0.755637 1.137021 1.000570 0.000000
 0.748333 0.822804 0.774204 0.761471 1.138262 1.000548 0.000000
 0.749444 0.827322 0.780419 0.767314 1.139497 1.000526 0.000000
 0.750556 0.831836 0.786601 0.773165 1.140726 1.000505 0.000000
 0.751667 0.836345 0.792750 0.779023 1.141948 1.000484 0.000000
 0.752778 0.840847 0.798863 0.784883 1.143163 1.000464 0.000000
 0.753889 0.845341 0.804939 0.790746 1.144370 1.000443 0.000000
 0.755000 0.849824 0.810976 0.796608 1.145570 1.000424 0.000000
 0.756111 0.854296 0.816972 0.802467 1.146762 1.000404 0.000000
 0.757222 0.858754 0.822924 0.808320 1.147946 1.000385 0.000000
 0.758333 0.863196 0.828832 0.814165 1.149120 1.000366 0.000000
 0.759444 0.867621 0.834691 0.819998 1.150285 1.000348 0.000000
 0.760556 0.872025 0.840500 0.825817 1.151441 1.000330 0.000000
 0.761667 0.876407 0.846257 0.831618 1.152585 1.000313 0.000000
 0.762778 0.880764 0.851958 0.837397 1.153719 1.000296 0.000000
 0.763889 0.885093 0.857601 0.843152 1.154842 1.000279 0.000000
 0.765000 0.889392 0.863183 0.848877 1.155952 1.000263 0.000000
 0.766111 0.893657 0.868700 0.854569 1.157050 1.000248 0.000000
 0.767222 0.897886 0.874150 0.860223 1.158134 1.000233 0.000000
 0.768333 0.902076 0.879529 0.865835 1.159204 1.000218 0.000000
 0.769444 0.906223 0.884833 0.871399 1.160260 1.000204 0.000000
 0.770556 0.910323 0.890059 0.876912 1.161300 1.000190 0.000000
 0.771667 0.914373 0.895203 0.882367 1.162324 1.000177 0.000000
 0.772778 0.918369 0.900261 0.887760 1.163330 1.000164 0.000000
 0.773889 0.922308 0.905229 0.893083 1.164319 1.000151 0.000000
 0.775000 0.926184 0.910102 0.898332 1.165289 1.000140 0.000000
 0.776111 0.929995 0.914877 0.903500 1.166240 1.000128 0.000000
 0.777222 0.933735 0.919549 0.908582 1.167170 1.000118 0.000000
 0.778333 0.937400 0.924113 0.913569 1.168079 1.000108 0.000000
 0.779444 0.940986 0.928564 0.918457 1.168966 1.000098 0.000000
 0.780556 0.944488 0.932899 0.923238 1.169830 1.000089 0.000000
 0.781667 0.947903 0.937113 0.927906 1.170669 1.000080 0.000000
 0.782778 0.951224 0.941201 0.932454 1.171484 1.000072 0.000000
 0.783889 0.954449 0.945159 0.936875 1.172272 1.000064 0.000000
 0.785000 0.957572 0.948983 0.941163 1.173034 1.000057 0.000000
 0.786111 0.960589 0.952668 0.945312 1.173769 1.000051 0.000000
 0.787222 0.963498 0.956211 0.949315 1.174475 1.000045 0.000000
 0.788333 0.966293 0.959608 0.953167 1.175153 1.000039 0.000000
 0.789444 0.968971 0.962857 0.956864 1.175800 1.000034 0.000000
 0.790556 0.971530 0.965954 0.960399 1.176418 1.000030 0.000000
 0.791667 0.973967 0.968897 0.963769 1.177005 1.000026 0.000000
 0.792778 0.976279 0.971685 0.966970 1.177561 1.000022 0.000000
 0.793889 0.978465 0.974317 0.970000 1.178086 1.000019 0.000000
 0.795000 0.980525 0.976791 0.972857 1.178580 1.000016 0.000000
 0.796111 0.982458 0.979110 0.975540 1.179043 1.000013 0.000000
 0.797222 0.984263 0.981273 0.978048 1.179475 1.000011 0.000000
 0.798333 0.985943 0.983282 0.980384 1.179876 1.000009 0.000000
 0.799444 0.987498 0.985140 0.982548 1.180247 1.000007 0.000000
 0.800556 0.988932 0.986851 0.984544 1.180589 1.000006 0.000000
 0.801667 0.990246 0.988419 0.986376 1.180902 1.000005 0.000000
 0.802778 0.991446 0.989848 0.988049 1.181187 1.000004 0.000000
 0.803889 0.992535 0.991144 0.989567 1.181446 1.000003 0.000000
 0.805000 0.993518 0.992313 0.990939 1.181679 1.000002 0.000000
 0.806111 0.994401 0.993362 0.992171 1.181889 1.000002 0.000000
 0.807222 0.995188 0.994297 0.993271 1.182076 1.000001 0.000000
 0.808333 0.995887 0.995127 0.994248 1.182242 1.000001 0.000000
 0.809444 0.996504 0.995859 0.995110 1.182388 1.000001 0.000000
 0.810556 0.997045 0.996500 0.995866 1.182516 1.000001 0.000000
 0.811667 0.997516 0.997058 0.996524 1.182628 1.000000 0.000000
 0.812778 0.997924 0.997541 0.997095 1.182724 1.000000 0.000000
 0.813889 0.998275 0.997957 0.997585 1.182807 1.000000 0.000000
 0.815000 0.998574 0.998313 0.998005 1.182879 1.000000 0.000000
 0.816111 0.998829 0.998614 0.998361 1.182939 1.000000 0.000000
 0.817222 0.999044 0.998869 0.998662 1.182990 1.000000 0.000000
 0.818333 0.999224 0.999082 0.998914 1.183032 1.000000 0.000000
 0.819444 0.999374 0.999259 0.999124 1.183068 1.000000 0.000000
 0.820556 0.999498 0.999406 0.999298 1.183097 1.000000 0.000000
 0.821667 0.999600 0.999527 0.999440 1.183121 1.000000 0.000000
 0.822778 0.999683 0.999625 0.999557 1.183141 1.000000 0.000000
 0.823889 0.999751 0.999705 0.999651 1.183157 1.000000 0.000000
 0.825000 0.999805 0.999769 0.999727 1.183170 1.000000 0.000000
 0.826111 0.999848 0.999820 0.999788 1.183180 1.000000 0.000000
 0.827222 0.999883 0.999861 0.999836 1.183188 1.000000 0.000000
 0.828333 0.999910 0.999893 0.999874 1.183195 1.000000 0.000000
 0.829444 0.999931 0.999919 0.999904 1.183200 1.000000 0.000000
 0.830556 0.999948 0.999938 0.999927 1.183204 1.000000 0.000000
 0.831667 0.999961 0.999953 0.999945 1.183207 1.000000 0.000000
 0.832778 0.999971 0.999965 0.999959 1.183209 1.000000 0.000000
 0.833889 0.999978 0.999974 0.999969 1.183211 1.000000 0.000000
 0.835000 0.999984 0.999981 0.999977 1.183212 1.000000 0.000000
 0.836111 0.999988 0.999986 0.999983 1.183213 1.000000 0.000000
 0.837222 0.999991 0.999990 0.999988 1.183214 1.000000 0.000000
 0.838333 0.999994 0.999992 0.999991 1.183214 1.000000 0.000000
 0.839444 0.999995 0.999995 0.999994 1.183215 1.000000 0.000000
 0.840556 0.999997 0.999996 0.999995 1.183215 1.000000 0.000000
 0.841667 0.999998 0.999997 0.999997 1.183215 1.000000 0.000000
 0.842778 0.999998 0.999998 0.999998 1.183216 1.000000 0.000000
 0.843889 0.999999 0.999999 0.999998 1.183216 1.000000 0.000000
 0.845000 0.999999 0.999999 0.999999 1.183216 1.000000 0.000000
 0.846111 0.999999 0.999999 0.999999 1.183216 1.000000 0.000000
 0.847222 1.000000 1.000000 0.999999 1.183216 1.000000 0.000000
 0.848333 1.000000 1.000000 1.000000 1.183216 1.000000 0.000000
 0.849444 1.000000 1.000000 1.000000 1.183216 1.000000 0.000000
 0.850556 1.000000 1.000000 1.000000 1.183216 1.000000 0.000000
 0.851667 1.000000 1.000000 1.000000 1.183216 1.000000 0.000000
 0.852778 1.000000 1.000000 1.000000 1.183216 1.000000 0.000000
 0.853889 1.000000 1.000000 1.000000 1.183216 1.000000 0.000000
 0.855000 1.000000 1.000000 1.000000 1.183216 1.000000 0.000000
 0.856111 1.000000 1.000000 1.000000 1.183216 1.000000 0.000000
 0.857222 1.000000 1.000000 1.000000 1.183216 1.000000 0.000000
 0.858333 1.000000 1.000000 1.000000 1.183216 1.000000 0.000000
 0.859444 1.000000 1.000000 1.000000 1.183216 1.000000 0.000000
 0.860556 1.000000 1.000000 1.000000 1.183216 1.000000 0.000000
 0.861667 1.000000 1.000000 1.000000 1.183216 1.000000 0.000000
 0.862778 1.000000 1.000000 1.000000 1.183216 1.000000 0.000000
 0.863889 1.000000 1.000000 1.000000 1.183216 1.000000 0.000000
 0.865000 1.000000 1.000000 1.000000 1.183216 1.000000 0.000000
 0.866111 1.000000 1.000000 1.000000 1.183216 1.000000 0.000000
 0.867222 1.000000 1.000000 1.000000 1.183216 1.000000 0.000000
 0.868333 1.000000 1.000000 1.000000 1.183216 1.000000 0.000000
 0.869444 1.000000 1.000000 1.000000 1.183216 1.000000 0.000000
 0.870556 1.000000 1.000000 1.000000 1.183216 1.000000 0.000000
 0.871667 1.000000 1.000000 1.000000 1.183216 1.000000 0.000000
 0.872778 1.000000 1.000000 1.000000 1.183216 1.000000 0.000000
 0.873889 1.000000 1.000000 1.000000 1.183216 1.000000 0.000000
 0.875000 1.000000 1.000000 1.000000 1.183216 1.000000 0.000000
 0.876111 1.000000 1.000000 1.000000 1.183216 1.000000 0.000000
 0.877222 1.000000 1.000000 1.000000 1.183216 1.000000 0.000000
 0.878333 1.000000 1.000000 1.000000 1.183216 1.000000 0.000000
 0.879444 1.000000 1.000000 1.000000 1.183216 1.000000 0.000000
 0.880556 1.000000 1.000000 1.000000 1.183216 1.000000 0.000000
 0.881667 1.000000 1.000000 1.000000 1.183216 1.000000 0.000000
 0.882778 1.000000 1.000000 1.000000 1.183216 1.000000 0.000000
 0.883889 1.000000 1.000000 1.000000 1.183216 1.000000 0.000000
 0.885000 1.000000 1.000000 1.000000 1.183216 1.000000 0.000000
 0.886111 1.000000 1.000000 1.000000 1.183216 1.000000 0.000000
 0.887222 1.000000 1.000000 1.000000 1.183216 1.000000 0.000000
 0.888333 1.000000 1.000000 1.000000 1.183216 1.000000 0.000000
 0.889444 1.000000 1.000000 1.000000 1.183216 1.000000 0.000000
 0.890556 1.000000 1.000000 1.000000 1.183216 1.000000 0.000000
 0.891667 1.000000 1.000000 1.000000 1.183216 1.000000 0.000000
 0.892778 1.000000 1.000000 1.000000 1.183216 1.000000 0.000000
 0.893889 1.000000 1.000000 1.000000 1.183216 1.000000 0.000000
 0.895000 1.000000 1.000000 1.000000 1.183216 1.000000 0.000000
 0.896111 1.000000 1.000000 1.000000 1.183216 1.000000 0.000000
 0.897222 1.000000 1.000000 1.000000 1.183216 1.000000 0.000000
 0.898333 1.000000 1.000000 1.000000 1.183216 1.000000 0.000000
 0.899444 1.000000 1.000000 1.000000 1.183216 1.000000 0.000000
 0.900556 1.000000 1.000000 1.000000 1.183216 1.000000 0.000000
 0.901667 1.000000 1.000000 1.000000 1.183216 1.000000 0.000000
 0.902778 1.000000 1.000000 1.000000 1.183216 1.000000 0.000000
 0.903889 1.000000 1.000000 1.000000 1.183216 1.000000 0.000000
 0.905000 1.000000 1.000000 1.000000 1.183216 1.000000 0.000000
 0.906111 1.000000 1.000000 1.000000 1.183216 1.000000 0.000000
 0.907222 1.000000 1.000000 1.000000 1.183216 1.000000 0.000000
 0.908333 1.000000 1.000000 1.000000 1.183216 1.000000 0.000000
 0.909444 1.000000 1.000000 1.000000 1.183216 1.000000 0.000000
 0.910556 1.000000 1.000000 1.000000 1.183216 1.000000 0.000000
 0.911667 1.000000 1.000000 1.000000 1.183216 1.000000 0.000000
 0.912778 1.000000 1.000000 1.000000 1.183216 1.000000 0.000000
 0.913889 1.000000 1.000000 1.000000 1.183216 1.000000 0.000000
 0.915000 1.000000 1.000000 1.000000 1.183216 1.000000 0.000000
 0.916111 1.000000 1.000000 1.000000 1.183216 1.000000 0.000000
 0.917222 1.000000 1.000000 1.000000 1.183216 1.000000 0.000000
 0.918333 1.000000 1.000000 1.000000 1.183216 1.000000 0.000000
 0.919444 1.000000 1.000000 1.000000 1.183216 1.000000 0.000000
 0.920556 1.000000 1.000000 1.000000 1.183216 1.000000 0.000000
 0.921667 1.000000 1.000000 1.000000 1.183216 1.000000 0.000000
 0.922778 1.000000 1.000000 1.000000 1.183216 1.000000 0.000000
 0.923889 1.000000 1.000000 1.000000 1.183216 1.000000 0.000000
 0.925000 1.000000 1.000000 1.000000 1.183216 1.000000 0.000000
 0.926111 1.000000 1.000000 1.000000 1.183216 1.000000 0.000000
 0.927222 1.000000 1.000000 1.000000 1.183216 1.000000 0.000000
 0.928333 1.000000 1.000000 1.000000 1.183216 1.000000 0.000000
 0.929444 1.000000 1.000000 1.000000 1.183216 1.000000 0.000000
 0.930556 1.000000 1.000000 1.000000 1.183216 1.000000 0.000000
 0.931667 1.000000 1.000000 1.000000 1.183216 1.000000 0.000000
 0.932778 1.000000 1.000000 1.000000 1.183216 1.000000 0.000000
 0.933889 1.000000 1.000000 1.000000 1.183216 1.000000 0.000000
 0.935000 1.000000 1.000000 1.000000 1.183216 1.000000 0.000000
 0.936111 1.000000 1.000000 1.000000 1.183216 1.000000 0.000000
 0.937222 1.000000 1.000000 1.000000 1.183216 1.000000 0.000000
 0.938333 1.000000 1.000000 1.000000 1.183216 1.000000 0.000000
 0.939444 1.000000 1.000000 1.000000 1.183216 1.000000 0.000000
 0.940556 1.000000 1.000000 1.000000 1.183216 1.000000 0.000000
 0.941667 1.000000 1.000000 1.000000 1.183216 1.000000 0.000000
 0.942778 1.000000 1.000000 1.000000 1.183216 1.000000 0.000000
 0.943889 1.000000 1.000000 1.000000 1.183216 1.000000 0.000000
 0.945000 1.000000 1.000000 1.000000 1.183216 1.000000 0.000000
 0.946111 1.000000 1.000000 1.000000 1.183216 1.000000 0.000000
 0.947222 1.000000 1.000000 1.000000 1.183216 1.000000 0.000000
 0.948333 1.000000 1.000000 1.000000 1.183216 1.000000 0.000000
 0.949444 1.000000 1.000000 1.000000 1.183216 1.000000 0.000000
 0.950556 1.000000 1.000000 1.000000 1.183216 1.000000 0.000000
 0.951667 1.000000 1.000000 1.000000 1.183216 1.000000 0.000000
 0.952778 1.000000 1.000000 1.000000 1.183216 1.000000 0.000000
 0.953889 1.000000 1.000000 1.000000 1.183216 1.000000 0.000000
 0.955000 1.000000 1.000000 1.000000 1.183216 1.000000 0.000000
 0.956111 1.000000 1.000000 1.000000 1.183216 1.000000 0.000000
 0.957222 1.000000 1.000000 1.000000 1.183216 1.000000 0.000000
 0.958333 1.000000 1.000000 1.000000 1.183216 1.000000 0.000000
 0.959444 1.000000 1.000000 1.000000 1.183216 1.000000 0.000000
 0.960556 1.000000 1.000000 1.000000 1.183216 1.000000 0.000000
 0.961667 1.000000 1.000000 1.000000 1.183216 1.000000 0.000000
 0.962778 1.000000 1.000000 1.000000 1.183216 1.000000 0.000000
 0.963889 1.000000 1.000000 1.000000 1.183216 1.000000 0.000000
 0.965000 1.000000 1.000000 1.000000 1.183216 1.000000 0.000000
 0.966111 1.000000 1.000000 1.000000 1.183216 1.000000 0.000000
 0.967222 1.000000 1.000000 1.000000 1.183216 1.000000 0.000000
 0.968333 1.000000 1.000000 1.000000 1.183216 1.000000 0.000000
 0.969444 1.000000 1.000000 1.000000 1.183216 1.000000 0.000000
 0.970556 1.000000 1.000000 1.000000 1.183216 1.000000 0.000000
 0.971667 1.000000 1.000000 1.000000 1.183216 1.000000 0.000000
 0.972778 1.000000 1.000000 1.000000 1.183216 1.000000 0.000000
 0.973889 1.000000 1.000000 1.000000 1.183216 1.000000 0.000000
 0.975000 1.000000 1.000000 1.000000 1.183216 1.000000 0.000000
 0.976111 1.000000 1.000000 1.000000 1.183216 1.000000 0.000000
 0.977222 1.000000 1.000000 1.000000 1.183216 1.000000 0.000000
 0.978333 1.000000 1.000000 1.000000 1.183216 1.000000 0.000000
 0.979444 1.000000 1.000000 1.000000 1.183216 1.000000 0.000000
 0.980556 1.000000 1.000000 1.000000 1.183216 1.000000 0.000000
 0.981667 1.000000 1.000000 1.000000 1.183216 1.000000 0.000000
 0.982778 1.000000 1.000000 1.000000 1.183216 1.000000 0.000000
 0.983889 1.000000 1.000000 1.000000 1.183216 1.000000 0.000000
 0.985000 1.000000 1.000000 1.000000 1.183216 1.000000 0.000000
 0.986111 1.000000 1.000000 1.000000 1.183216 1.000000 0.000000
 0.987222 1.000000 1.000000 1.000000 1.183216 1.000000 0.000000
 0.988333 1.000000 1.000000 1.000000 1.183216 1.000000 0.000000
 0.989444 1.000000 1.000000 1.000000 1.183216 1.000000 0.000000
 0.990556 1.000000 1.000000 1.000000 1.183216 1.000000 0.000000
 0.991667 1.000000 1.000000 1.000000 1.183216 1.000000 0.000000
 0.992778 1.000000 1.000000 1.000000 1.183216 1.000000 0.000000
 0.993889 1.000000 1.000000 1.000000 1.183216 1.000000 0.000000
 0.995000 1.000000 1.000000 1.000000 1.183216 1.000000 0.000000
 0.996111 1.000000 1.000000 1.000000 1.183216 1.000000 0.000000
 0.997222 1.000000 1.000000 1.000000 1.183216 1.000000 0.000000
 0.998333 1.000000 1.000000 1.000000 1.183216 1.000000 0.000000
 0.999444 1.000000 1.000000 1.000000 1.183216 1.000000 0.000000
