Timer: 0.630013
 0.185033 1.263867 0.292870 1.401790 1.246105 0.009903 0.000000
 0.185931 1.263867 0.292870 1.401790 1.246105 0.009903 0.000000
 0.186820 1.263867 0.292870 1.401790 1.246105 0.009903 0.000000
 0.187704 1.263867 0.292870 1.401790 1.246105 0.009903 0.000000
 0.188585 1.263867 0.292870 1.401790 1.246105 0.009903 0.000000
 0.189466 1.263867 0.292870 1.401790 1.246105 0.009903 0.000000
 0.190345 1.263867 0.292870 1.401790 1.246105 0.009903 0.000000
 0.191224 1.263867 0.292870 1.401790 1.246105 0.009903 0.000000
 0.192103 1.263867 0.292870 1.401790 1.246105 0.009903 -0.000000
 0.192981 1.263867 0.292870 1.401790 1.246105 0.009903 0.000000
 0.193858 1.263867 0.292870 1.401790 1.246105 0.009903 0.000000
 0.194736 1.263867 0.292870 1.401790 1.246105 0.009903 0.000000
 0.195613 1.263867 0.292870 1.401790 1.246105 0.009903 0.000000
 0.196490 1.263867 0.292870 1.401790 1.246105 0.009903 -0.000000
 0.197366 1.263867 0.292870 1.401790 1.246105 0.009903 0.000000
 0.198243 1.263867 0.292870 1.401790 1.246105 0.009903 0.000000
 0.199119 1.263867 0.292870 1.401790 1.246105 0.009903 0.000000
 0.199996 1.263867 0.292870 1.401790 1.246105 0.009903 0.000000
 0.200872 1.263868 0.292870 1.401790 1.246105 0.009903 -0.000000
 0.201748 1.263868 0.292870 1.401790 1.246105 0.009903 0.000000
 0.202624 1.263868 0.292870 1.401790 1.246105 0.009903 0.000000
 0.203500 1.263868 0.292870 1.401790 1.246105 0.009903 -0.000000
 0.204376 1.263868 0.292870 1.401790 1.246105 0.009903 0.000000
 0.205251 1.263868 0.292870 1.401790 1.246105 0.009903 0.000000
 0.206127 1.263868 0.292870 1.401790 1.246105 0.009903 0.000000
 0.207003 1.263868 0.292870 1.401790 1.246105 0.009903 0.000000
 0.207878 1.263868 0.292870 1.401790 1.246105 0.009903 -0.000000
 0.208754 1.263868 0.292870 1.401790 1.246105 0.009903 -0.000000
 0.209629 1.263868 0.292870 1.401790 1.246105 0.009903 -0.000000
 0.210504 1.263868 0.292870 1.401790 1.246105 0.009903 -0.000000
 0.211380 1.263868 0.292870 1.401790 1.246105 0.009903 0.000000
 0.212255 1.263868 0.292870 1.401790 1.246105 0.009903 -0.000000
 0.213130 1.263868 0.292870 1.401790 1.246105 0.009903 -0.000000
 0.214005 1.263868 0.292870 1.401790 1.246105 0.009903 -0.000000
 0.214881 1.263868 0.292870 1.401790 1.246105 0.009903 -0.000000
 0.215756 1.263868 0.292870 1.401790 1.246105 0.009903 0.000000
 0.216631 1.263868 0.292870 1.401790 1.246105 0.009903 -0.000000
 0.217506 1.263868 0.292870 1.401790 1.246105 0.009903 0.000000
 0.218381 1.263868 0.292870 1.401790 1.246105 0.009903 0.000000
 0.219256 1.263868 0.292870 1.401790 1.246105 0.009903 0.000000
 0.220131 1.263868 0.292870 1.401790 1.246105 0.009903 0.000000
 0.221006 1.263868 0.292870 1.401790 1.246105 0.009903 0.000000
 0.221880 1.263868 0.292870 1.401790 1.246105 0.009903 -0.000000
 0.222755 1.263868 0.292870 1.401790 1.246105 0.009903 0.000000
 0.223630 1.263868 0.292870 1.401790 1.246105 0.009903 0.000000
 0.224505 1.263868 0.292870 1.401790 1.246105 0.009903 -0.000000
 0.225380 1.263868 0.292870 1.401790 1.246105 0.009903 0.000000
 0.226254 1.263868 0.292870 1.401790 1.246105 0.009903 -0.000000
 0.227129 1.263868 0.292870 1.401790 1.246105 0.009903 0.000000
 0.228004 1.263868 0.292870 1.401790 1.246105 0.009903 0.000000
 0.228879 1.263868 0.292870 1.401790 1.246105 0.009903 -0.000000
 0.229753 1.263868 0.292870 1.401790 1.246105 0.009903 0.000000
 0.230628 1.263868 0.292870 1.401790 1.246105 0.009903 0.000000
 0.231503 1.263868 0.292870 1.401790 1.246105 0.009903 0.000000
 0.232377 1.263868 0.292870 1.401790 1.246105 0.009903 0.000000
 0.233252 1.263868 0.292870 1.401790 1.246105 0.009903 0.000000
 0.234126 1.263868 0.292870 1.401790 1.246105 0.009903 0.000000
 0.235001 1.263868 0.292870 1.401790 1.246105 0.009903 0.000000
 0.235876 1.263868 0.292870 1.401791 1.246105 0.009903 0.000000
 0.236750 1.263868 0.292870 1.401791 1.246105 0.009903 0.000000
 0.237625 1.263868 0.292870 1.401791 1.246105 0.009903 0.000000
 0.238499 1.263868 0.292870 1.401791 1.246105 0.009903 0.000000
 0.239374 1.263868 0.292870 1.401791 1.246105 0.009903 -0.000000
 0.240248 1.263868 0.292870 1.401791 1.246105 0.009903 0.000000
 0.241123 1.263868 0.292870 1.401791 1.246105 0.009903 0.000000
 0.241997 1.263868 0.292870 1.401791 1.246105 0.009903 0.000000
 0.242872 1.263868 0.292870 1.401791 1.246105 0.009903 0.000000
 0.243746 1.263868 0.292870 1.401791 1.246105 0.009903 0.000000
 0.244620 1.263868 0.292870 1.401791 1.246105 0.009903 0.000000
 0.245495 1.263868 0.292870 1.401791 1.246105 0.009903 0.000000
 0.246369 1.263868 0.292870 1.401791 1.246105 0.009903 0.000000
 0.247244 1.263868 0.292870 1.401791 1.246105 0.009903 -0.000000
 0.248118 1.263868 0.292870 1.401791 1.246105 0.009903 -0.000000
 0.248992 1.263868 0.292870 1.401791 1.246105 0.009903 0.000000
 0.249867 1.263868 0.292870 1.401791 1.246105 0.009903 0.000000
 0.250741 1.263868 0.292870 1.401791 1.246105 0.009903 -0.000000
 0.251616 1.263868 0.292870 1.401791 1.246105 0.009903 -0.000000
 0.252490 1.263868 0.292870 1.401791 1.246105 0.009903 0.000000
 0.253364 1.263868 0.292870 1.401791 1.246105 0.009903 0.000000
 0.254239 1.263868 0.292870 1.401791 1.246105 0.009903 0.000000
 0.255113 1.263868 0.292870 1.401791 1.246105 0.009903 0.000000
 0.255987 1.263868 0.292870 1.401791 1.246105 0.009903 0.000000
 0.256862 1.263868 0.292870 1.401791 1.246105 0.009903 0.000000
 0.257736 1.263868 0.292870 1.401791 1.246105 0.009903 0.000000
 0.258610 1.263868 0.292870 1.401791 1.246105 0.009903 0.000000
 0.259484 1.263868 0.292870 1.401791 1.246105 0.009903 0.000000
 0.260359 1.263868 0.292870 1.401791 1.246105 0.009903 0.000000
 0.261233 1.263868 0.292870 1.401791 1.246105 0.009903 0.000000
 0.262107 1.263868 0.292870 1.401791 1.246105 0.009903 0.000000
 0.262981 1.263868 0.292870 1.401791 1.246105 0.009903 0.000000
 0.263856 1.263868 0.292870 1.401791 1.246105 0.009903 0.000000
 0.264730 1.263868 0.292870 1.401791 1.246105 0.009903 0.000000
 0.265604 1.263868 0.292870 1.401791 1.246105 0.009903 0.000000
 0.266478 1.263868 0.292870 1.401791 1.246105 0.009903 0.000000
 0.267353 1.263868 0.292870 1.401791 1.246105 0.009903 0.000000
 0.268227 1.263868 0.292870 1.401791 1.246105 0.009903 0.000000
 0.269101 1.263868 0.292870 1.401791 1.246105 0.009903 0.000000
 0.269975 1.263868 0.292870 1.401791 1.246105 0.009903 0.000000
 0.270849 1.263868 0.292870 1.401791 1.246105 0.009903 0.000000
 0.271724 1.263868 0.292870 1.401791 1.246105 0.009903 0.000000
 0.272598 1.263868 0.292870 1.401791 1.246105 0.009903 0.000000
 0.273472 1.263868 0.292870 1.401791 1.246105 0.009903 0.000000
 0.274346 1.263868 0.292870 1.401791 1.246105 0.009903 0.000000
 0.275220 1.263868 0.292870 1.401791 1.246105 0.009903 0.000000
 0.276095 1.263868 0.292870 1.401791 1.246105 0.009903 0.000000
 0.276969 1.263868 0.292870 1.401791 1.246105 0.009903 0.000000
 0.277843 1.263868 0.292870 1.401791 1.246105 0.009903 0.000000
 0.278717 1.263868 0.292870 1.401791 1.246105 0.009903 0.000000
 0.279591 1.263868 0.292870 1.401791 1.246105 0.009903 0.000000
 0.280465 1.263868 0.292870 1.401791 1.246105 0.009903 0.000000
 0.281340 1.263868 0.292870 1.401791 1.246105 0.009903 0.000000
 0.282214 1.263868 0.292870 1.401791 1.246105 0.009903 0.000000
 0.283088 1.263868 0.292870 1.401791 1.246105 0.009903 0.000000
 0.283962 1.263868 0.292870 1.401791 1.246105 0.009903 0.000000
 0.284836 1.263868 0.292870 1.401791 1.246105 0.009903 0.000000
 0.285710 1.263868 0.292870 1.401791 1.246105 0.009903 0.000000
 0.286584 1.263868 0.292870 1.401791 1.246105 0.009903 0.000000
 0.287458 1.263868 0.292870 1.401791 1.246105 0.009903 0.000000
 0.288333 1.263868 0.292870 1.401791 1.246105 0.009903 0.000000
 0.289207 1.263868 0.292870 1.401791 1.246105 0.009903 0.000000
 0.290081 1.263868 0.292870 1.401791 1.246105 0.009903 0.000000
 0.290955 1.263869 0.292870 1.401791 1.246105 0.009903 0.000000
 0.291829 1.263869 0.292870 1.401791 1.246105 0.009903 0.000000
 0.292703 1.263869 0.292870 1.401791 1.246105 0.009902 0.000000
 0.293577 1.263869 0.292870 1.401791 1.246105 0.009902 0.000000
 0.294451 1.263869 0.292870 1.401791 1.246105 0.009902 0.000000
 0.295325 1.263870 0.292870 1.401791 1.246105 0.009901 0.000000
 0.296200 1.263870 0.292870 1.401791 1.246105 0.009901 0.000000
 0.297074 1.263871 0.292870 1.401791 1.246104 0.009900 0.000000
 0.297948 1.263872 0.292870 1.401791 1.246104 0.009899 0.000000
 0.298822 1.263873 0.292870 1.401791 1.246103 0.009898 0.000000
 0.299696 1.263875 0.292870 1.401791 1.246102 0.009896 0.000000
 0.300570 1.263877 0.292870 1.401791 1.246101 0.009894 0.000000
 0.301444 1.263879 0.292870 1.401791 1.246100 0.009891 0.000000
 0.302318 1.263883 0.292870 1.401791 1.246098 0.009887 0.000000
 0.303192 1.263887 0.292870 1.401791 1.246096 0.009882 0.000000
 0.304066 1.263893 0.292870 1.401791 1.246094 0.009876 0.000000
 0.304940 1.263899 0.292870 1.401792 1.246090 0.009869 0.000001
 0.305814 1.263908 0.292870 1.401792 1.246086 0.009859 0.000001
 0.306688 1.263919 0.292870 1.401792 1.246081 0.009847 0.000001
 0.307562 1.263932 0.292870 1.401792 1.246074 0.009833 0.000001
 0.308437 1.263947 0.292870 1.401792 1.246067 0.009816 0.000001
 0.309311 1.263966 0.292870 1.401792 1.246057 0.009795 0.000002
 0.310185 1.263989 0.292870 1.401792 1.246046 0.009770 0.000002
 0.311059 1.264016 0.292870 1.401792 1.246033 0.009740 0.000002
 0.311933 1.264048 0.292870 1.401792 1.246017 0.009705 0.000003
 0.312807 1.264085 0.292870 1.401792 1.245999 0.009664 0.000003
 0.313681 1.264128 0.292870 1.401792 1.245978 0.009616 0.000004
 0.314555 1.264178 0.292870 1.401792 1.245953 0.009560 0.000004
 0.315429 1.264235 0.292870 1.401792 1.245925 0.009497 0.000005
 0.316303 1.264300 0.292870 1.401792 1.245893 0.009425 0.000006
 0.317177 1.264374 0.292870 1.401792 1.245857 0.009344 0.000006
 0.318051 1.264456 0.292870 1.401792 1.245816 0.009252 0.000007
 0.318925 1.264548 0.292870 1.401792 1.245771 0.009150 0.000008
 0.319799 1.264650 0.292870 1.401792 1.245720 0.009038 0.000009
 0.320673 1.264762 0.292870 1.401792 1.245665 0.008914 0.000009
 0.321547 1.264884 0.292870 1.401792 1.245605 0.008779 0.000010
 0.322421 1.265017 0.292870 1.401792 1.245540 0.008632 0.000011
 0.323295 1.265159 0.292870 1.401792 1.245470 0.008474 0.000012
 0.324169 1.265312 0.292870 1.401792 1.245394 0.008305 0.000013
 0.325043 1.265475 0.292870 1.401792 1.245314 0.008125 0.000014
 0.325917 1.265647 0.292870 1.401792 1.245230 0.007935 0.000015
 0.326791 1.265827 0.292870 1.401792 1.245141 0.007735 0.000015
 0.327665 1.266015 0.292870 1.401792 1.245049 0.007527 0.000016
 0.328539 1.266210 0.292870 1.401792 1.244953 0.007312 0.000016
 0.329413 1.266411 0.292870 1.401792 1.244854 0.007089 0.000017
 0.330287 1.266617 0.292870 1.401792 1.244753 0.006862 0.000017
 0.331161 1.266826 0.292870 1.401792 1.244650 0.006630 0.000018
 0.332035 1.267038 0.292870 1.401792 1.244546 0.006396 0.000018
 0.332909 1.267252 0.292870 1.401792 1.244441 0.006161 0.000018
 0.333783 1.267465 0.292870 1.401792 1.244337 0.005925 0.000018
 0.334657 1.267676 0.292870 1.401792 1.244233 0.005692 0.000018
 0.335531 1.267886 0.292870 1.401792 1.244130 0.005460 0.000018
 0.336405 1.268092 0.292870 1.401792 1.244029 0.005233 0.000017
 0.337279 1.268293 0.292870 1.401792 1.243930 0.005011 0.000017
 0.338153 1.268488 0.292870 1.401792 1.243835 0.004795 0.000016
 0.339027 1.268677 0.292870 1.401792 1.243742 0.004587 0.000016
 0.339901 1.268859 0.292870 1.401792 1.243653 0.004386 0.000015
 0.340775 1.269033 0.292870 1.401792 1.243567 0.004194 0.000015
 0.341649 1.269199 0.292870 1.401792 1.243486 0.004011 0.000014
 0.342523 1.269356 0.292870 1.401792 1.243409 0.003838 0.000013
 0.343397 1.269505 0.292870 1.401792 1.243336 0.003674 0.000012
 0.344271 1.269644 0.292870 1.401792 1.243268 0.003520 0.000012
 0.345145 1.269774 0.292870 1.401792 1.243204 0.003377 0.000011
 0.346019 1.269896 0.292870 1.401792 1.243145 0.003243 0.000010
 0.346893 1.270008 0.292870 1.401792 1.243090 0.003119 0.000009
 0.347767 1.270112 0.292870 1.401792 1.243039 0.003004 0.000009
 0.348641 1.270208 0.292870 1.401792 1.242992 0.002898 0.000008
 0.349515 1.270296 0.292870 1.401792 1.242949 0.002801 0.000007
 0.350389 1.270377 0.292870 1.401792 1.242910 0.002712 0.000007
 0.351263 1.270451 0.292870 1.401792 1.242874 0.002631 0.000006
 0.352137 1.270518 0.292870 1.401792 1.242841 0.002557 0.000006
 0.353011 1.270579 0.292870 1.401792 1.242811 0.002490 0.000005
 0.353885 1.270635 0.292870 1.401792 1.242784 0.002429 0.000005
 0.354759 1.270685 0.292870 1.401792 1.242759 0.002373 0.000004
 0.355633 1.270731 0.292870 1.401792 1.242737 0.002323 0.000004
 0.356507 1.270772 0.292870 1.401792 1.242716 0.002277 0.000003
 0.357381 1.270809 0.292870 1.401792 1.242698 0.002236 0.000003
 0.358255 1.270844 0.292870 1.401792 1.242681 0.002198 0.000003
 0.359129 1.270874 0.292870 1.401792 1.242666 0.002164 0.000003
 0.360003 1.270903 0.292870 1.401792 1.242653 0.002133 0.000002
 0.360877 1.270928 0.292870 1.401792 1.242640 0.002105 0.000002
 0.361751 1.270952 0.292871 1.401792 1.242629 0.002080 0.000002
 0.362625 1.270973 0.292871 1.401792 1.242618 0.002056 0.000002
 0.363499 1.270993 0.292871 1.401793 1.242609 0.002034 0.000002
 0.364373 1.271011 0.292871 1.401793 1.242600 0.002014 0.000002
 0.365247 1.271027 0.292871 1.401793 1.242592 0.001996 0.000001
 0.366121 1.271043 0.292871 1.401793 1.242584 0.001979 0.000001
 0.366995 1.271057 0.292871 1.401793 1.242577 0.001963 0.000001
 0.367869 1.271070 0.292871 1.401793 1.242571 0.001949 0.000001
 0.368743 1.271083 0.292871 1.401793 1.242565 0.001935 0.000001
 0.369617 1.271095 0.292871 1.401793 1.242559 0.001922 0.000001
 0.370491 1.271106 0.292871 1.401793 1.242553 0.001910 0.000001
 0.371365 1.271116 0.292871 1.401793 1.242548 0.001899 0.000001
 0.372239 1.271126 0.292871 1.401793 1.242544 0.001888 0.000001
 0.373113 1.271135 0.292871 1.401793 1.242539 0.001878 0.000001
 0.373987 1.271144 0.292871 1.401793 1.242535 0.001868 0.000001
 0.374860 1.271152 0.292871 1.401793 1.242531 0.001859 0.000001
 0.375734 1.271160 0.292871 1.401793 1.242527 0.001850 0.000001
 0.376608 1.271168 0.292871 1.401793 1.242523 0.001842 0.000001
 0.377482 1.271175 0.292871 1.401793 1.242520 0.001834 0.000001
 0.378356 1.271182 0.292871 1.401793 1.242516 0.001826 0.000001
 0.379230 1.271188 0.292871 1.401793 1.242513 0.001819 0.000001
 0.380104 1.271195 0.292871 1.401793 1.242510 0.001812 0.000001
 0.380978 1.271201 0.292871 1.401793 1.242507 0.001805 0.000001
 0.381852 1.271207 0.292871 1.401793 1.242504 0.001799 0.000000
 0.382726 1.271213 0.292871 1.401793 1.242501 0.001792 0.000000
 0.383600 1.271218 0.292871 1.401793 1.242499 0.001786 0.000000
 0.384474 1.271223 0.292871 1.401793 1.242496 0.001781 0.000000
 0.385348 1.271228 0.292871 1.401793 1.242494 0.001775 0.000000
 0.386222 1.271233 0.292871 1.401793 1.242491 0.001770 0.000000
 0.387096 1.271238 0.292871 1.401793 1.242489 0.001765 0.000000
 0.387970 1.271242 0.292871 1.401793 1.242487 0.001760 0.000000
 0.388844 1.271247 0.292871 1.401793 1.242485 0.001755 0.000000
 0.389718 1.271251 0.292871 1.401793 1.242483 0.001750 0.000000
 0.390592 1.271255 0.292871 1.401793 1.242481 0.001746 0.000000
 0.391466 1.271259 0.292871 1.401793 1.242479 0.001741 0.000000
 0.392340 1.271263 0.292871 1.401793 1.242477 0.001737 0.000000
 0.393214 1.271267 0.292871 1.401793 1.242475 0.001733 0.000000
 0.394088 1.271270 0.292871 1.401793 1.242473 0.001729 0.000000
 0.394961 1.271274 0.292871 1.401793 1.242471 0.001725 0.000000
 0.395835 1.271277 0.292871 1.401793 1.242470 0.001721 0.000000
 0.396709 1.271281 0.292871 1.401793 1.242468 0.001718 0.000000
 0.397583 1.271284 0.292871 1.401793 1.242467 0.001714 0.000000
 0.398457 1.271287 0.292871 1.401793 1.242465 0.001711 0.000000
 0.399331 1.271290 0.292871 1.401793 1.242464 0.001707 0.000000
 0.400205 1.271293 0.292871 1.401793 1.242462 0.001704 0.000000
 0.401079 1.271296 0.292871 1.401793 1.242461 0.001701 0.000000
 0.401953 1.271298 0.292871 1.401793 1.242460 0.001698 0.000000
 0.402827 1.271301 0.292871 1.401793 1.242458 0.001695 0.000000
 0.403701 1.271304 0.292871 1.401793 1.242457 0.001692 0.000000
 0.404575 1.271306 0.292871 1.401793 1.242456 0.001689 0.000000
 0.405449 1.271309 0.292871 1.401793 1.242455 0.001687 0.000000
 0.406323 1.271311 0.292871 1.401793 1.242453 0.001684 0.000000
 0.407197 1.271313 0.292871 1.401793 1.242452 0.001682 0.000000
 0.408071 1.271316 0.292871 1.401793 1.242451 0.001679 0.000000
 0.408945 1.271318 0.292871 1.401793 1.242450 0.001677 0.000000
 0.409819 1.271320 0.292871 1.401794 1.242449 0.001674 0.000000
 0.410692 1.271322 0.292871 1.401794 1.242448 0.001672 0.000000
 0.411566 1.271324 0.292871 1.401794 1.242447 0.001670 0.000000
 0.412440 1.271326 0.292871 1.401794 1.242446 0.001668 0.000000
 0.413314 1.271328 0.292871 1.401794 1.242445 0.001665 0.000000
 0.414188 1.271330 0.292871 1.401794 1.242444 0.001663 0.000000
 0.415062 1.271332 0.292871 1.401794 1.242443 0.001661 0.000000
 0.415936 1.271334 0.292871 1.401794 1.242442 0.001659 0.000000
 0.416810 1.271335 0.292871 1.401794 1.242442 0.001658 0.000000
 0.417684 1.271337 0.292871 1.401794 1.242441 0.001656 0.000000
 0.418558 1.271339 0.292871 1.401794 1.242440 0.001654 0.000000
 0.419432 1.271340 0.292871 1.401794 1.242439 0.001652 0.000000
 0.420306 1.271342 0.292871 1.401794 1.242438 0.001650 0.000000
 0.421180 1.271344 0.292871 1.401794 1.242438 0.001649 0.000000
 0.422054 1.271345 0.292871 1.401794 1.242437 0.001647 0.000000
 0.422928 1.271347 0.292871 1.401794 1.242436 0.001645 0.000000
 0.423802 1.271348 0.292871 1.401794 1.242436 0.001644 0.000000
 0.424676 1.271349 0.292871 1.401794 1.242435 0.001642 0.000000
 0.425549 1.271351 0.292871 1.401794 1.242434 0.001641 0.000000
 0.426423 1.271352 0.292871 1.401794 1.242434 0.001639 0.000000
 0.427297 1.271353 0.292871 1.401794 1.242433 0.001638 0.000000
 0.428171 1.271355 0.292871 1.401794 1.242432 0.001637 0.000000
 0.429045 1.271356 0.292871 1.401794 1.242432 0.001635 0.000000
 0.429919 1.271357 0.292871 1.401794 1.242431 0.001634 0.000000
 0.430793 1.271358 0.292871 1.401794 1.242431 0.001633 0.000000
 0.431667 1.271360 0.292871 1.401794 1.242430 0.001631 0.000000
 0.432541 1.271361 0.292871 1.401794 1.242429 0.001630 0.000000
 0.433415 1.271362 0.292871 1.401794 1.242429 0.001629 0.000000
 0.434289 1.271363 0.292871 1.401794 1.242428 0.001628 0.000000
 0.435163 1.271364 0.292871 1.401794 1.242428 0.001627 0.000000
 0.436037 1.271365 0.292871 1.401794 1.242427 0.001625 0.000000
 0.436911 1.271366 0.292871 1.401794 1.242427 0.001624 0.000000
 0.437785 1.271367 0.292871 1.401794 1.242426 0.001623 0.000000
 0.438659 1.271368 0.292871 1.401794 1.242426 0.001622 0.000000
 0.439532 1.271369 0.292872 1.401794 1.242426 0.001621 0.000000
 0.440406 1.271370 0.292872 1.401794 1.242425 0.001620 0.000000
 0.441280 1.271371 0.292872 1.401794 1.242425 0.001619 0.000000
 0.442154 1.271372 0.292872 1.401794 1.242424 0.001618 0.000000
 0.443028 1.271373 0.292872 1.401794 1.242424 0.001617 0.000000
 0.443902 1.271373 0.292872 1.401794 1.242423 0.001616 0.000000
 0.444776 1.271374 0.292872 1.401794 1.242423 0.001615 0.000000
 0.445650 1.271375 0.292872 1.401794 1.242423 0.001615 0.000000
 0.446524 1.271376 0.292872 1.401795 1.242422 0.001614 0.000000
 0.447398 1.271377 0.292872 1.401795 1.242422 0.001613 0.000000
 0.448272 1.271377 0.292872 1.401795 1.242421 0.001612 0.000000
 0.449146 1.271378 0.292872 1.401795 1.242421 0.001611 0.000000
 0.450020 1.271379 0.292872 1.401795 1.242421 0.001610 0.000000
 0.450894 1.271380 0.292872 1.401795 1.242420 0.001610 0.000000
 0.451768 1.271380 0.292872 1.401795 1.242420 0.001609 0.000000
 0.452641 1.271381 0.292872 1.401795 1.242420 0.001608 0.000000
 0.453515 1.271382 0.292872 1.401795 1.242419 0.001607 0.000000
 0.454389 1.271382 0.292872 1.401795 1.242419 0.001607 0.000000
 0.455263 1.271383 0.292872 1.401795 1.242419 0.001606 0.000000
 0.456137 1.271384 0.292872 1.401795 1.242419 0.001605 0.000000
 0.457011 1.271384 0.292872 1.401795 1.242418 0.001605 0.000000
 0.457885 1.271385 0.292872 1.401795 1.242418 0.001604 0.000000
 0.458759 1.271385 0.292872 1.401795 1.242418 0.001603 0.000000
 0.459633 1.271386 0.292872 1.401795 1.242417 0.001603 0.000000
 0.460507 1.271387 0.292872 1.401795 1.242417 0.001602 0.000000
 0.461381 1.271387 0.292872 1.401795 1.242417 0.001602 0.000000
 0.462255 1.271388 0.292872 1.401795 1.242417 0.001601 0.000000
 0.463129 1.271388 0.292872 1.401795 1.242416 0.001600 0.000000
 0.464003 1.271389 0.292872 1.401795 1.242416 0.001600 0.000000
 0.464876 1.271389 0.292872 1.401795 1.242416 0.001599 0.000000
 0.465750 1.271390 0.292872 1.401795 1.242416 0.001599 0.000000
 0.466624 1.271390 0.292872 1.401795 1.242415 0.001598 0.000000
 0.467498 1.271391 0.292872 1.401795 1.242415 0.001598 0.000000
 0.468372 1.271391 0.292872 1.401795 1.242415 0.001597 0.000000
 0.469246 1.271392 0.292872 1.401795 1.242415 0.001597 0.000000
 0.470120 1.271392 0.292872 1.401795 1.242415 0.001596 0.000000
 0.470994 1.271393 0.292872 1.401795 1.242414 0.001596 0.000000
 0.471868 1.271393 0.292872 1.401795 1.242414 0.001595 0.000000
 0.472742 1.271394 0.292872 1.401795 1.242414 0.001595 0.000000
 0.473616 1.271394 0.292872 1.401795 1.242414 0.001594 0.000000
 0.474490 1.271394 0.292872 1.401795 1.242414 0.001594 0.000000
 0.475364 1.271395 0.292872 1.401795 1.242413 0.001593 0.000000
 0.476238 1.271395 0.292872 1.401796 1.242413 0.001593 0.000000
 0.477111 1.271396 0.292872 1.401796 1.242413 0.001593 0.000000
 0.477985 1.271396 0.292872 1.401796 1.242413 0.001592 0.000000
 0.478859 1.271396 0.292872 1.401796 1.242413 0.001592 0.000000
 0.479733 1.271397 0.292872 1.401796 1.242412 0.001591 0.000000
 0.480607 1.271397 0.292872 1.401796 1.242412 0.001591 0.000000
 0.481481 1.271398 0.292872 1.401796 1.242412 0.001591 0.000000
 0.482355 1.271398 0.292872 1.401796 1.242412 0.001590 0.000000
 0.483229 1.271398 0.292872 1.401796 1.242412 0.001590 0.000000
 0.484103 1.271399 0.292872 1.401796 1.242412 0.001590 0.000000
 0.484977 1.271399 0.292872 1.401796 1.242412 0.001589 0.000000
 0.485851 1.271399 0.292872 1.401796 1.242411 0.001589 0.000000
 0.486725 1.271400 0.292872 1.401796 1.242411 0.001589 0.000000
 0.487599 1.271400 0.292872 1.401796 1.242411 0.001588 0.000000
 0.488473 1.271400 0.292872 1.401796 1.242411 0.001588 0.000000
 0.489346 1.271401 0.292873 1.401796 1.242411 0.001588 0.000000
 0.490220 1.271401 0.292873 1.401796 1.242411 0.001587 0.000000
 0.491094 1.271401 0.292873 1.401796 1.242411 0.001587 0.000000
 0.491968 1.271401 0.292873 1.401796 1.242410 0.001587 0.000000
 0.492842 1.271402 0.292873 1.401796 1.242410 0.001586 0.000000
 0.493716 1.271402 0.292873 1.401796 1.242410 0.001586 0.000000
 0.494590 1.271402 0.292873 1.401796 1.242410 0.001586 0.000000
 0.495464 1.271403 0.292873 1.401796 1.242410 0.001586 0.000000
 0.496338 1.271403 0.292873 1.401796 1.242410 0.001585 0.000000
 0.497212 1.271403 0.292873 1.401796 1.242410 0.001585 0.000000
 0.498086 1.271403 0.292873 1.401796 1.242410 0.001585 0.000000
 0.498960 1.271404 0.292873 1.401796 1.242410 0.001584 0.000000
 0.499834 1.271404 0.292873 1.401796 1.242409 0.001584 0.000000
 0.500707 1.271404 0.292873 1.401796 1.242409 0.001584 0.000000
 0.501581 1.271404 0.292873 1.401797 1.242409 0.001584 0.000000
 0.502455 1.271405 0.292873 1.401797 1.242409 0.001583 0.000000
 0.503329 1.271405 0.292873 1.401797 1.242409 0.001583 0.000000
 0.504203 1.271405 0.292873 1.401797 1.242409 0.001583 0.000000
 0.505077 1.271405 0.292873 1.401797 1.242409 0.001583 0.000000
 0.505951 1.271406 0.292873 1.401797 1.242409 0.001583 0.000000
 0.506825 1.271406 0.292873 1.401797 1.242409 0.001582 0.000000
 0.507699 1.271406 0.292873 1.401797 1.242409 0.001582 0.000000
 0.508573 1.271406 0.292873 1.401797 1.242408 0.001582 0.000000
 0.509447 1.271406 0.292873 1.401797 1.242408 0.001582 0.000000
 0.510321 1.271407 0.292873 1.401797 1.242408 0.001582 0.000000
 0.511195 1.271407 0.292873 1.401797 1.242408 0.001581 0.000000
 0.512068 1.271407 0.292873 1.401797 1.242408 0.001581 0.000000
 0.512942 1.271407 0.292873 1.401797 1.242408 0.001581 0.000000
 0.513816 1.271407 0.292873 1.401797 1.242408 0.001581 0.000000
 0.514690 1.271408 0.292873 1.401797 1.242408 0.001581 0.000000
 0.515564 1.271408 0.292873 1.401797 1.242408 0.001580 0.000000
 0.516438 1.271408 0.292873 1.401797 1.242408 0.001580 0.000000
 0.517312 1.271408 0.292873 1.401797 1.242408 0.001580 0.000000
 0.518186 1.271408 0.292873 1.401797 1.242408 0.001580 0.000000
 0.519060 1.271409 0.292873 1.401797 1.242408 0.001580 0.000000
 0.519934 1.271409 0.292873 1.401797 1.242407 0.001580 0.000000
 0.520808 1.271409 0.292873 1.401797 1.242407 0.001579 0.000000
 0.521682 1.271409 0.292873 1.401797 1.242407 0.001579 0.000000
 0.522556 1.271409 0.292873 1.401797 1.242407 0.001579 0.000000
 0.523429 1.271409 0.292873 1.401798 1.242407 0.001579 0.000000
 0.524303 1.271410 0.292873 1.401798 1.242407 0.001579 0.000000
 0.525177 1.271410 0.292873 1.401798 1.242407 0.001579 0.000000
 0.526051 1.271410 0.292874 1.401798 1.242407 0.001579 0.000000
 0.526925 1.271410 0.292874 1.401798 1.242407 0.001578 0.000000
 0.527799 1.271410 0.292874 1.401798 1.242407 0.001578 0.000000
 0.528673 1.271410 0.292874 1.401798 1.242407 0.001578 0.000000
 0.529547 1.271410 0.292874 1.401798 1.242407 0.001578 0.000000
 0.530421 1.271411 0.292874 1.401798 1.242407 0.001578 0.000000
 0.531295 1.271411 0.292874 1.401798 1.242407 0.001578 0.000000
 0.532169 1.271411 0.292874 1.401798 1.242407 0.001578 0.000000
 0.533043 1.271411 0.292874 1.401798 1.242407 0.001577 0.000000
 0.533917 1.271411 0.292874 1.401798 1.242407 0.001577 0.000000
 0.534790 1.271411 0.292874 1.401798 1.242407 0.001577 0.000000
 0.535664 1.271411 0.292874 1.401798 1.242406 0.001577 0.000000
 0.536538 1.271412 0.292874 1.401798 1.242406 0.001577 0.000000
 0.537412 1.271412 0.292874 1.401798 1.242406 0.001577 0.000000
 0.538286 1.271412 0.292874 1.401798 1.242406 0.001577 0.000000
 0.539160 1.271412 0.292874 1.401798 1.242406 0.001577 0.000000
 0.540034 1.271412 0.292874 1.401798 1.242406 0.001577 0.000000
 0.540908 1.271412 0.292874 1.401798 1.242406 0.001576 0.000000
 0.541782 1.271412 0.292874 1.401799 1.242406 0.001576 0.000000
 0.542656 1.271413 0.292874 1.401799 1.242406 0.001576 0.000000
 0.543530 1.271413 0.292874 1.401799 1.242406 0.001576 0.000000
 0.544404 1.271413 0.292874 1.401799 1.242406 0.001576 0.000000
 0.545277 1.271413 0.292874 1.401799 1.242406 0.001576 0.000000
 0.546151 1.271413 0.292874 1.401799 1.242406 0.001576 0.000000
 0.547025 1.271413 0.292874 1.401799 1.242406 0.001576 0.000000
 0.547899 1.271413 0.292874 1.401799 1.242406 0.001576 0.000000
 0.548773 1.271413 0.292874 1.401799 1.242406 0.001576 0.000000
 0.549647 1.271413 0.292874 1.401799 1.242406 0.001575 0.000000
 0.550521 1.271414 0.292874 1.401799 1.242406 0.001575 0.000000
 0.551395 1.271414 0.292874 1.401799 1.242406 0.001575 0.000000
 0.552269 1.271414 0.292874 1.401799 1.242406 0.001575 0.000000
 0.553143 1.271414 0.292874 1.401799 1.242406 0.001575 0.000000
 0.554017 1.271414 0.292874 1.401799 1.242406 0.001575 0.000000
 0.554891 1.271414 0.292875 1.401799 1.242406 0.001575 0.000000
 0.555765 1.271414 0.292875 1.401799 1.242406 0.001575 0.000000
 0.556638 1.271414 0.292875 1.401799 1.242406 0.001575 0.000000
 0.557512 1.271414 0.292875 1.401799 1.242406 0.001575 0.000000
 0.558386 1.271415 0.292875 1.401800 1.242406 0.001575 0.000000
 0.559260 1.271415 0.292875 1.401800 1.242406 0.001575 0.000000
 0.560134 1.271415 0.292875 1.401800 1.242405 0.001574 0.000000
 0.561008 1.271415 0.292875 1.401800 1.242405 0.001574 0.000000
 0.561882 1.271415 0.292875 1.401800 1.242405 0.001574 0.000000
 0.562756 1.271415 0.292875 1.401800 1.242405 0.001574 0.000000
 0.563630 1.271415 0.292875 1.401800 1.242405 0.001574 0.000000
 0.564504 1.271415 0.292875 1.401800 1.242405 0.001574 0.000000
 0.565378 1.271415 0.292875 1.401800 1.242405 0.001574 0.000000
 0.566252 1.271415 0.292875 1.401800 1.242405 0.001574 0.000000
 0.567125 1.271416 0.292875 1.401800 1.242405 0.001574 0.000000
 0.567999 1.271416 0.292875 1.401800 1.242405 0.001574 0.000000
 0.568873 1.271416 0.292875 1.401800 1.242405 0.001574 0.000000
 0.569747 1.271416 0.292875 1.401800 1.242405 0.001574 0.000000
 0.570621 1.271416 0.292875 1.401800 1.242405 0.001574 0.000000
 0.571495 1.271416 0.292875 1.401800 1.242405 0.001574 0.000000
 0.572369 1.271416 0.292875 1.401800 1.242405 0.001574 0.000000
 0.573243 1.271416 0.292875 1.401801 1.242405 0.001574 0.000000
 0.574117 1.271416 0.292875 1.401801 1.242405 0.001573 0.000000
 0.574991 1.271416 0.292875 1.401801 1.242405 0.001573 0.000000
 0.575865 1.271416 0.292875 1.401801 1.242405 0.001573 0.000000
 0.576739 1.271417 0.292875 1.401801 1.242405 0.001573 0.000000
 0.577612 1.271417 0.292875 1.401801 1.242405 0.001573 0.000000
 0.578486 1.271417 0.292876 1.401801 1.242405 0.001573 0.000000
 0.579360 1.271417 0.292876 1.401801 1.242405 0.001573 0.000000
 0.580234 1.271417 0.292876 1.401801 1.242405 0.001573 0.000000
 0.581108 1.271417 0.292876 1.401801 1.242405 0.001573 0.000000
 0.581982 1.271417 0.292876 1.401801 1.242405 0.001573 0.000000
 0.582856 1.271417 0.292876 1.401801 1.242405 0.001573 0.000000
 0.583730 1.271417 0.292876 1.401801 1.242405 0.001573 0.000000
 0.584604 1.271417 0.292876 1.401801 1.242405 0.001573 0.000000
 0.585478 1.271417 0.292876 1.401801 1.242405 0.001573 0.000000
 0.586352 1.271418 0.292876 1.401801 1.242405 0.001573 0.000000
 0.587226 1.271418 0.292876 1.401802 1.242405 0.001573 0.000000
 0.588099 1.271418 0.292876 1.401802 1.242405 0.001573 0.000000
 0.588973 1.271418 0.292876 1.401802 1.242405 0.001573 0.000000
 0.589847 1.271418 0.292876 1.401802 1.242405 0.001573 0.000000
 0.590721 1.271418 0.292876 1.401802 1.242405 0.001573 0.000000
 0.591595 1.271418 0.292876 1.401802 1.242405 0.001573 0.000000
 0.592469 1.271418 0.292876 1.401802 1.242405 0.001573 0.000000
 0.593343 1.271418 0.292876 1.401802 1.242405 0.001572 0.000000
 0.594217 1.271418 0.292876 1.401802 1.242405 0.001572 0.000000
 0.595091 1.271418 0.292876 1.401802 1.242405 0.001572 0.000000
 0.595965 1.271418 0.292876 1.401802 1.242405 0.001572 0.000000
 0.596839 1.271418 0.292876 1.401802 1.242405 0.001572 0.000000
 0.597713 1.271419 0.292876 1.401802 1.242405 0.001572 0.000000
 0.598587 1.271419 0.292877 1.401802 1.242405 0.001572 0.000000
 0.599460 1.271419 0.292877 1.401803 1.242405 0.001572 0.000000
 0.600334 1.271419 0.292877 1.401803 1.242405 0.001572 0.000000
 0.601208 1.271419 0.292877 1.401803 1.242405 0.001572 0.000000
 0.602082 1.271419 0.292877 1.401803 1.242405 0.001572 0.000000
 0.602956 1.271419 0.292877 1.401803 1.242405 0.001572 0.000000
 0.603830 1.271419 0.292877 1.401803 1.242405 0.001572 0.000000
 0.604704 1.271419 0.292877 1.401803 1.242405 0.001572 0.000000
 0.605578 1.271419 0.292877 1.401803 1.242405 0.001572 0.000000
 0.606452 1.271419 0.292877 1.401803 1.242405 0.001572 0.000000
 0.607326 1.271419 0.292877 1.401803 1.242405 0.001572 0.000000
 0.608200 1.271420 0.292877 1.401803 1.242405 0.001572 0.000000
 0.609073 1.271420 0.292877 1.401803 1.242405 0.001572 0.000000
 0.609947 1.271420 0.292877 1.401804 1.242405 0.001572 0.000000
 0.610821 1.271420 0.292877 1.401804 1.242405 0.001572 0.000000
 0.611695 1.271420 0.292877 1.401804 1.242405 0.001572 0.000000
 0.612569 1.271420 0.292877 1.401804 1.242405 0.001572 0.000000
 0.613443 1.271420 0.292877 1.401804 1.242405 0.001572 0.000000
 0.614317 1.271420 0.292877 1.401804 1.242405 0.001572 0.000000
 0.615191 1.271420 0.292877 1.401804 1.242405 0.001572 0.000000
 0.616065 1.271420 0.292878 1.401804 1.242405 0.001572 0.000000
 0.616939 1.271420 0.292878 1.401804 1.242405 0.001572 0.000000
 0.617813 1.271420 0.292878 1.401804 1.242405 0.001572 0.000000
 0.618687 1.271420 0.292878 1.401804 1.242405 0.001572 0.000000
 0.619560 1.271421 0.292878 1.401804 1.242405 0.001572 0.000000
 0.620434 1.271421 0.292878 1.401805 1.242405 0.001572 0.000000
 0.621308 1.271421 0.292878 1.401805 1.242405 0.001571 0.000000
 0.622182 1.271421 0.292878 1.401805 1.242405 0.001571 0.000000
 0.623056 1.271421 0.292878 1.401805 1.242405 0.001571 0.000000
 0.623930 1.271421 0.292878 1.401805 1.242405 0.001571 0.000000
 0.624804 1.271421 0.292878 1.401805 1.242405 0.001571 0.000000
 0.625678 1.271421 0.292878 1.401805 1.242405 0.001571 0.000000
 0.626552 1.271421 0.292878 1.401805 1.242405 0.001571 0.000000
 0.627426 1.271421 0.292878 1.401805 1.242405 0.001571 0.000000
 0.628300 1.271421 0.292878 1.401805 1.242405 0.001571 0.000000
 0.629174 1.271421 0.292878 1.401805 1.242405 0.001571 0.000000
 0.630047 1.271422 0.292878 1.401806 1.242405 0.001571 0.000000
 0.630921 1.271422 0.292878 1.401806 1.242405 0.001571 0.000000
 0.631795 1.271422 0.292879 1.401806 1.242405 0.001571 0.000000
 0.632669 1.271422 0.292879 1.401806 1.242405 0.001571 0.000000
 0.633543 1.271422 0.292879 1.401806 1.242405 0.001571 0.000000
 0.634417 1.271422 0.292879 1.401806 1.242405 0.001571 0.000000
 0.635291 1.271422 0.292879 1.401806 1.242405 0.001571 0.000000
 0.636165 1.271422 0.292879 1.401806 1.242405 0.001571 0.000000
 0.637039 1.271422 0.292879 1.401806 1.242405 0.001571 0.000000
 0.637913 1.271422 0.292879 1.401806 1.242405 0.001571 0.000000
 0.638787 1.271422 0.292879 1.401807 1.242405 0.001571 0.000000
 0.639661 1.271422 0.292879 1.401807 1.242405 0.001571 0.000000
 0.640534 1.271422 0.292879 1.401807 1.242405 0.001571 0.000000
 0.641408 1.271423 0.292879 1.401807 1.242405 0.001571 0.000000
 0.642282 1.271423 0.292879 1.401807 1.242405 0.001571 0.000000
 0.643156 1.271423 0.292879 1.401807 1.242405 0.001571 0.000000
 0.644030 1.271423 0.292879 1.401807 1.242405 0.001571 0.000000
 0.644904 1.271423 0.292880 1.401807 1.242405 0.001571 0.000000
 0.645778 1.271423 0.292880 1.401807 1.242405 0.001571 0.000000
 0.646652 1.271423 0.292880 1.401807 1.242405 0.001571 0.000000
 0.647526 1.271423 0.292880 1.401808 1.242405 0.001571 0.000000
 0.648400 1.271423 0.292880 1.401808 1.242405 0.001571 0.000000
 0.649274 1.271423 0.292880 1.401808 1.242405 0.001571 0.000000
 0.650147 1.271423 0.292880 1.401808 1.242405 0.001571 0.000000
 0.651021 1.271424 0.292880 1.401808 1.242405 0.001571 0.000000
 0.651895 1.271424 0.292880 1.401808 1.242405 0.001571 0.000000
 0.652769 1.271424 0.292880 1.401808 1.242405 0.001571 0.000000
 0.653643 1.271424 0.292880 1.401808 1.242405 0.001571 0.000000
 0.654517 1.271424 0.292880 1.401808 1.242405 0.001571 0.000000
 0.655391 1.271424 0.292880 1.401809 1.242405 0.001571 0.000000
 0.656265 1.271424 0.292880 1.401809 1.242405 0.001571 0.000000
 0.657139 1.271424 0.292881 1.401809 1.242405 0.001571 0.000000
 0.658013 1.271424 0.292881 1.401809 1.242405 0.001571 0.000000
 0.658887 1.271424 0.292881 1.401809 1.242405 0.001571 0.000000
 0.659761 1.271424 0.292881 1.401809 1.242405 0.001571 0.000000
 0.660634 1.271424 0.292881 1.401809 1.242405 0.001571 0.000000
 0.661508 1.271425 0.292881 1.401809 1.242405 0.001571 0.000000
 0.662382 1.271425 0.292881 1.401810 1.242405 0.001571 0.000000
 0.663256 1.271425 0.292881 1.401810 1.242405 0.001571 0.000000
 0.664130 1.271425 0.292881 1.401810 1.242405 0.001571 0.000000
 0.665004 1.271425 0.292881 1.401810 1.242405 0.001571 0.000000
 0.665878 1.271425 0.292881 1.401810 1.242405 0.001571 0.000000
 0.666752 1.271425 0.292881 1.401810 1.242405 0.001571 0.000000
 0.667626 1.271425 0.292881 1.401810 1.242405 0.001571 0.000000
 0.668500 1.271425 0.292882 1.401810 1.242405 0.001571 0.000000
 0.669374 1.271425 0.292882 1.401811 1.242405 0.001571 0.000000
 0.670247 1.271426 0.292882 1.401811 1.242405 0.001571 0.000000
 0.671121 1.271426 0.292882 1.401811 1.242405 0.001571 0.000000
 0.671995 1.271426 0.292882 1.401811 1.242405 0.001571 0.000000
 0.672869 1.271426 0.292882 1.401811 1.242405 0.001571 0.000000
 0.673743 1.271426 0.292882 1.401811 1.242405 0.001571 0.000000
 0.674617 1.271426 0.292882 1.401811 1.242405 0.001571 0.000000
 0.675491 1.271426 0.292882 1.401812 1.242405 0.001571 0.000000
 0.676365 1.271426 0.292882 1.401812 1.242405 0.001570 0.000000
 0.677239 1.271426 0.292882 1.401812 1.242405 0.001570 0.000000
 0.678113 1.271426 0.292882 1.401812 1.242405 0.001570 0.000000
 0.678987 1.271426 0.292883 1.401812 1.242405 0.001570 0.000000
 0.679860 1.271427 0.292883 1.401812 1.242405 0.001570 0.000000
 0.680734 1.271427 0.292883 1.401812 1.242405 0.001570 0.000000
 0.681608 1.271427 0.292883 1.401813 1.242405 0.001570 0.000000
 0.682482 1.271427 0.292883 1.401813 1.242405 0.001570 0.000000
 0.683356 1.271427 0.292883 1.401813 1.242405 0.001570 0.000000
 0.684230 1.271427 0.292883 1.401813 1.242405 0.001570 0.000000
 0.685104 1.271427 0.292883 1.401813 1.242405 0.001570 0.000000
 0.685978 1.271427 0.292883 1.401813 1.242405 0.001570 0.000000
 0.686852 1.271427 0.292883 1.401813 1.242405 0.001570 0.000000
 0.687726 1.271428 0.292883 1.401814 1.242405 0.001570 0.000000
 0.688600 1.271428 0.292884 1.401814 1.242405 0.001570 0.000000
 0.689474 1.271428 0.292884 1.401814 1.242405 0.001570 0.000000
 0.690347 1.271428 0.292884 1.401814 1.242405 0.001570 0.000000
 0.691221 1.271428 0.292884 1.401814 1.242406 0.001570 0.000000
 0.692095 1.271428 0.292884 1.401814 1.242406 0.001570 0.000000
 0.692969 1.271428 0.292884 1.401815 1.242406 0.001570 0.000000
 0.693843 1.271428 0.292884 1.401815 1.242406 0.001570 0.000000
 0.694717 1.271428 0.292884 1.401815 1.242406 0.001570 0.000000
 0.695591 1.271429 0.292884 1.401815 1.242406 0.001570 0.000000
 0.696465 1.271429 0.292885 1.401815 1.242406 0.001570 0.000000
 0.697339 1.271429 0.292885 1.401815 1.242406 0.001570 0.000000
 0.698213 1.271429 0.292885 1.401816 1.242406 0.001570 0.000000
 0.699087 1.271429 0.292885 1.401816 1.242406 0.001570 0.000000
 0.699960 1.271429 0.292885 1.401816 1.242406 0.001570 0.000000
 0.700834 1.271429 0.292885 1.401816 1.242406 0.001570 0.000000
 0.701708 1.271429 0.292885 1.401816 1.242406 0.001570 0.000000
 0.702582 1.271429 0.292885 1.401816 1.242406 0.001570 0.000000
 0.703456 1.271430 0.292885 1.401817 1.242406 0.001570 0.000000
 0.704330 1.271430 0.292885 1.401817 1.242406 0.001570 0.000000
 0.705204 1.271430 0.292886 1.401817 1.242406 0.001570 0.000000
 0.706078 1.271430 0.292886 1.401817 1.242406 0.001570 0.000000
 0.706952 1.271430 0.292886 1.401817 1.242406 0.001570 0.000000
 0.707826 1.271430 0.292886 1.401817 1.242406 0.001570 0.000000
 0.708699 1.271430 0.292886 1.401818 1.242406 0.001570 0.000000
 0.709573 1.271430 0.292886 1.401818 1.242406 0.001570 0.000000
 0.710447 1.271431 0.292886 1.401818 1.242406 0.001570 0.000000
 0.711321 1.271431 0.292886 1.401818 1.242406 0.001570 0.000000
 0.712195 1.271431 0.292887 1.401818 1.242406 0.001570 0.000000
 0.713069 1.271431 0.292887 1.401819 1.242406 0.001570 0.000000
 0.713943 1.271431 0.292887 1.401819 1.242406 0.001570 0.000000
 0.714817 1.271431 0.292887 1.401819 1.242406 0.001570 0.000000
 0.715691 1.271431 0.292887 1.401819 1.242406 0.001570 0.000000
 0.716565 1.271432 0.292887 1.401819 1.242406 0.001570 0.000000
 0.717439 1.271432 0.292887 1.401820 1.242406 0.001570 0.000000
 0.718312 1.271432 0.292887 1.401820 1.242406 0.001570 0.000000
 0.719186 1.271432 0.292888 1.401820 1.242406 0.001570 0.000000
 0.720060 1.271432 0.292888 1.401820 1.242406 0.001570 0.000000
 0.720934 1.271432 0.292888 1.401820 1.242406 0.001570 0.000000
 0.721808 1.271432 0.292888 1.401821 1.242406 0.001570 0.000000
 0.722682 1.271432 0.292888 1.401821 1.242406 0.001570 0.000000
 0.723556 1.271433 0.292888 1.401821 1.242406 0.001570 0.000000
 0.724430 1.271433 0.292888 1.401821 1.242406 0.001570 0.000000
 0.725304 1.271433 0.292888 1.401821 1.242406 0.001570 0.000000
 0.726178 1.271433 0.292889 1.401822 1.242406 0.001570 0.000000
 0.727052 1.271433 0.292889 1.401822 1.242406 0.001570 0.000000
 0.727925 1.271433 0.292889 1.401822 1.242406 0.001570 0.000000
 0.728799 1.271434 0.292889 1.401822 1.242406 0.001570 0.000000
 0.729673 1.271434 0.292889 1.401823 1.242406 0.001570 0.000000
 0.730547 1.271434 0.292889 1.401823 1.242406 0.001570 0.000000
 0.731421 1.271434 0.292889 1.401823 1.242406 0.001570 0.000000
 0.732295 1.271434 0.292890 1.401823 1.242407 0.001570 0.000000
 0.733169 1.271434 0.292890 1.401824 1.242407 0.001570 0.000000
 0.734043 1.271434 0.292890 1.401824 1.242407 0.001570 0.000000
 0.734917 1.271435 0.292890 1.401824 1.242407 0.001570 0.000000
 0.735791 1.271435 0.292890 1.401824 1.242407 0.001570 0.000000
 0.736665 1.271435 0.292890 1.401824 1.242407 0.001570 0.000000
 0.737538 1.271435 0.292891 1.401825 1.242407 0.001570 0.000000
 0.738412 1.271435 0.292891 1.401825 1.242407 0.001570 0.000000
 0.739286 1.271435 0.292891 1.401825 1.242407 0.001570 0.000000
 0.740160 1.271436 0.292891 1.401825 1.242407 0.001570 0.000000
 0.741034 1.271436 0.292891 1.401826 1.242407 0.001570 0.000000
 0.741908 1.271436 0.292891 1.401826 1.242407 0.001570 0.000000
 0.742782 1.271436 0.292892 1.401826 1.242407 0.001570 0.000000
 0.743656 1.271436 0.292892 1.401827 1.242407 0.001570 0.000000
 0.744530 1.271436 0.292892 1.401827 1.242407 0.001570 0.000000
 0.745404 1.271437 0.292892 1.401827 1.242407 0.001570 0.000000
 0.746277 1.271437 0.292892 1.401827 1.242407 0.001570 0.000000
 0.747151 1.271437 0.292892 1.401828 1.242407 0.001570 0.000000
 0.748025 1.271437 0.292893 1.401828 1.242407 0.001570 0.000000
 0.748899 1.271437 0.292893 1.401828 1.242407 0.001570 0.000000
 0.749773 1.271438 0.292893 1.401828 1.242407 0.001570 0.000000
 0.750647 1.271438 0.292893 1.401829 1.242407 0.001570 0.000000
 0.751521 1.271438 0.292893 1.401829 1.242407 0.001570 0.000000
 0.752395 1.271438 0.292893 1.401829 1.242407 0.001570 0.000000
 0.753269 1.271438 0.292894 1.401830 1.242407 0.001570 0.000000
 0.754143 1.271438 0.292894 1.401830 1.242407 0.001570 0.000000
 0.755016 1.271439 0.292894 1.401830 1.242407 0.001570 0.000000
 0.755890 1.271439 0.292894 1.401830 1.242407 0.001570 0.000000
 0.756764 1.271439 0.292894 1.401831 1.242407 0.001570 0.000000
 0.757638 1.271439 0.292895 1.401831 1.242407 0.001570 0.000000
 0.758512 1.271439 0.292895 1.401831 1.242407 0.001570 0.000000
 0.759386 1.271440 0.292895 1.401832 1.242408 0.001570 0.000000
 0.760260 1.271440 0.292895 1.401832 1.242408 0.001570 0.000000
 0.761134 1.271440 0.292895 1.401832 1.242408 0.001570 0.000000
 0.762008 1.271440 0.292896 1.401833 1.242408 0.001570 0.000000
 0.762882 1.271441 0.292896 1.401833 1.242408 0.001570 0.000000
 0.763755 1.271441 0.292896 1.401833 1.242408 0.001570 0.000000
 0.764629 1.271441 0.292896 1.401834 1.242408 0.001570 0.000000
 0.765503 1.271441 0.292896 1.401834 1.242408 0.001570 0.000000
 0.766377 1.271441 0.292897 1.401834 1.242408 0.001570 0.000000
 0.767251 1.271442 0.292897 1.401835 1.242408 0.001570 0.000000
 0.768125 1.271442 0.292897 1.401835 1.242408 0.001570 0.000000
 0.768999 1.271442 0.292897 1.401835 1.242408 0.001570 0.000000
 0.769873 1.271442 0.292897 1.401836 1.242408 0.001570 0.000000
 0.770747 1.271443 0.292898 1.401836 1.242408 0.001570 0.000000
 0.771621 1.271443 0.292898 1.401836 1.242408 0.001570 0.000000
 0.772494 1.271443 0.292898 1.401837 1.242408 0.001570 0.000000
 0.773368 1.271443 0.292898 1.401837 1.242408 0.001570 0.000000
 0.774242 1.271443 0.292899 1.401837 1.242408 0.001570 0.000000
 0.775116 1.271444 0.292899 1.401838 1.242408 0.001570 0.000000
 0.775990 1.271444 0.292899 1.401838 1.242408 0.001570 0.000000
 0.776864 1.271444 0.292899 1.401839 1.242408 0.001570 0.000000
 0.777738 1.271444 0.292899 1.401839 1.242408 0.001570 0.000000
 0.778612 1.271445 0.292900 1.401839 1.242408 0.001570 0.000000
 0.779486 1.271445 0.292900 1.401840 1.242408 0.001570 0.000000
 0.780360 1.271445 0.292900 1.401840 1.242409 0.001570 0.000000
 0.781233 1.271445 0.292900 1.401840 1.242409 0.001570 0.000000
 0.782107 1.271446 0.292901 1.401841 1.242409 0.001570 0.000000
 0.782981 1.271446 0.292901 1.401841 1.242409 0.001570 0.000000
 0.783855 1.271446 0.292901 1.401842 1.242409 0.001570 0.000000
 0.784729 1.271447 0.292901 1.401842 1.242409 0.001570 0.000000
 0.785603 1.271447 0.292902 1.401842 1.242409 0.001570 0.000000
 0.786477 1.271447 0.292902 1.401843 1.242409 0.001570 0.000000
 0.787351 1.271447 0.292902 1.401843 1.242409 0.001570 0.000000
 0.788225 1.271448 0.292903 1.401844 1.242409 0.001570 0.000000
 0.789099 1.271448 0.292903 1.401844 1.242409 0.001570 0.000000
 0.789972 1.271448 0.292903 1.401845 1.242409 0.001570 0.000000
 0.790846 1.271449 0.292903 1.401845 1.242409 0.001570 0.000000
 0.791720 1.271449 0.292904 1.401846 1.242409 0.001570 0.000000
 0.792594 1.271449 0.292904 1.401846 1.242409 0.001570 0.000000
 0.793468 1.271449 0.292904 1.401846 1.242409 0.001570 0.000000
 0.794342 1.271450 0.292905 1.401847 1.242409 0.001570 0.000000
 0.795216 1.271450 0.292905 1.401847 1.242409 0.001570 0.000000
 0.796090 1.271450 0.292905 1.401848 1.242409 0.001570 0.000000
 0.796964 1.271451 0.292905 1.401848 1.242410 0.001570 0.000000
 0.797837 1.271451 0.292906 1.401849 1.242410 0.001570 0.000000
 0.798711 1.271451 0.292906 1.401849 1.242410 0.001570 0.000000
 0.799585 1.271452 0.292906 1.401850 1.242410 0.001570 0.000000
 0.800459 1.271452 0.292907 1.401850 1.242410 0.001570 0.000000
 0.801333 1.271452 0.292907 1.401851 1.242410 0.001570 0.000000
 0.802207 1.271453 0.292907 1.401851 1.242410 0.001570 0.000000
 0.803081 1.271453 0.292908 1.401852 1.242410 0.001570 0.000000
 0.803955 1.271453 0.292908 1.401852 1.242410 0.001570 0.000000
 0.804829 1.271454 0.292908 1.401853 1.242410 0.001570 0.000000
 0.805703 1.271454 0.292909 1.401853 1.242410 0.001570 0.000000
 0.806576 1.271454 0.292909 1.401854 1.242410 0.001570 0.000000
 0.807450 1.271455 0.292909 1.401855 1.242410 0.001570 0.000000
 0.808324 1.271455 0.292910 1.401855 1.242410 0.001570 0.000000
 0.809198 1.271455 0.292910 1.401856 1.242410 0.001570 0.000000
 0.810072 1.271456 0.292910 1.401856 1.242411 0.001570 0.000000
 0.810946 1.271456 0.292911 1.401857 1.242411 0.001570 0.000000
 0.811820 1.271457 0.292911 1.401857 1.242411 0.001570 0.000000
 0.812694 1.271457 0.292912 1.401858 1.242411 0.001570 0.000000
 0.813568 1.271457 0.292912 1.401859 1.242411 0.001570 0.000000
 0.814441 1.271458 0.292912 1.401859 1.242411 0.001570 0.000000
 0.815315 1.271458 0.292913 1.401860 1.242411 0.001570 0.000000
 0.816189 1.271459 0.292913 1.401861 1.242411 0.001570 0.000000
 0.817063 1.271459 0.292914 1.401861 1.242411 0.001570 0.000000
 0.817937 1.271459 0.292914 1.401862 1.242411 0.001570 0.000000
 0.818811 1.271460 0.292914 1.401862 1.242411 0.001570 0.000000
 0.819685 1.271460 0.292915 1.401863 1.242411 0.001570 0.000000
 0.820559 1.271461 0.292915 1.401864 1.242411 0.001570 0.000000
 0.821432 1.271461 0.292916 1.401864 1.242412 0.001570 0.000000
 0.822306 1.271462 0.292916 1.401865 1.242412 0.001570 0.000000
 0.823180 1.271462 0.292917 1.401866 1.242412 0.001570 0.000000
 0.824054 1.271462 0.292917 1.401867 1.242412 0.001570 0.000000
 0.824928 1.271463 0.292917 1.401867 1.242412 0.001570 0.000000
 0.825802 1.271463 0.292918 1.401868 1.242412 0.001570 0.000000
 0.826676 1.271464 0.292918 1.401869 1.242412 0.001570 0.000000
 0.827550 1.271464 0.292919 1.401869 1.242412 0.001570 0.000000
 0.828424 1.271465 0.292919 1.401870 1.242412 0.001570 0.000000
 0.829297 1.271465 0.292920 1.401871 1.242412 0.001570 0.000000
 0.830171 1.271466 0.292920 1.401872 1.242412 0.001570 0.000000
 0.831045 1.271466 0.292921 1.401872 1.242413 0.001570 0.000000
 0.831919 1.271467 0.292921 1.401873 1.242413 0.001570 0.000000
 0.832793 1.271467 0.292921 1.401874 1.242413 0.001570 0.000000
 0.833667 1.271467 0.292922 1.401874 1.242413 0.001570 0.000000
 0.834541 1.271468 0.292922 1.401875 1.242413 0.001570 0.000000
 0.835415 1.271468 0.292922 1.401875 1.242413 0.001570 0.000000
 0.836289 1.271468 0.292922 1.401875 1.242413 0.001570 0.000000
 0.837162 1.271468 0.292922 1.401875 1.242413 0.001570 0.000000
 0.838036 1.271468 0.292922 1.401875 1.242413 0.001570 0.000000
 0.838910 1.271467 0.292921 1.401873 1.242413 0.001570 0.000000
 0.839784 1.271466 0.292920 1.401871 1.242412 0.001570 0.000000
 0.840658 1.271463 0.292918 1.401868 1.242412 0.001570 0.000000
 0.841532 1.271460 0.292915 1.401863 1.242411 0.001570 0.000000
 0.842406 1.271455 0.292909 1.401855 1.242410 0.001570 0.000000
 0.843280 1.271447 0.292902 1.401843 1.242409 0.001570 0.000000
 0.844153 1.271436 0.292891 1.401825 1.242407 0.001570 0.000000
 0.845027 1.271419 0.292875 1.401800 1.242403 0.001570 0.000000
 0.845901 1.271395 0.292851 1.401762 1.242399 0.001570 0.000000
 0.846775 1.271360 0.292816 1.401708 1.242392 0.001570 0.000000
 0.847649 1.271309 0.292767 1.401629 1.242382 0.001570 0.000000
 0.848523 1.271235 0.292695 1.401515 1.242367 0.001570 0.000000
 0.849397 1.271129 0.292591 1.401351 1.242347 0.001570 0.000000
 0.850271 1.270976 0.292441 1.401115 1.242317 0.001570 0.000000
 0.851146 1.270755 0.292225 1.400774 1.242273 0.001570 0.000000
 0.852020 1.270437 0.291915 1.400284 1.242211 0.001570 0.000000
 0.852895 1.269981 0.291468 1.399580 1.242122 0.001569 0.000000
 0.853770 1.269325 0.290827 1.398568 1.241994 0.001569 0.000000
 0.854646 1.268386 0.289907 1.397119 1.241810 0.001569 0.000000
 0.855522 1.267043 0.288591 1.395048 1.241546 0.001569 0.000000
 0.856399 1.265129 0.286713 1.392097 1.241170 0.001568 0.000000
 0.857278 1.262413 0.284044 1.387913 1.240636 0.001566 0.000001
 0.858160 1.258586 0.280272 1.382021 1.239881 0.001563 0.000002
 0.859044 1.253241 0.274987 1.373802 1.238822 0.001556 0.000004
 0.859933 1.245872 0.267665 1.362488 1.237353 0.001543 0.000007
 0.860827 1.235892 0.257685 1.347200 1.235350 0.001519 0.000013
 0.861730 1.222701 0.244378 1.327055 1.232674 0.001475 0.000022
 0.862644 1.205824 0.227162 1.301385 1.229207 0.001401 0.000036
 0.863571 1.185126 0.205756 1.270071 1.224886 0.001284 0.000054
 0.864517 1.161056 0.180459 1.233899 1.219768 0.001117 0.000071
 0.865482 1.134795 0.152363 1.194752 1.214071 0.000906 0.000082
 0.866471 1.108147 0.123329 1.155389 1.208174 0.000672 0.000082
 0.867483 1.083119 0.095579 1.118776 1.202534 0.000452 0.000069
 0.868517 1.061353 0.071065 1.087235 1.197556 0.000275 0.000050
 0.869571 1.043720 0.050943 1.061901 1.193477 0.000152 0.000031
 0.870641 1.030278 0.035443 1.042726 1.190342 0.000078 0.000018
 0.871724 1.020516 0.024098 1.028879 1.188054 0.000038 0.000009
 0.872815 1.013684 0.016111 1.019227 1.186447 0.000017 0.000004
 0.873913 1.009026 0.010645 1.012667 1.185349 0.000008 0.000002
 0.875016 1.005909 0.006976 1.008285 1.184613 0.000003 0.000001
 0.876121 1.003849 0.004547 1.005394 1.184126 0.000001 0.000000
 0.877229 1.002498 0.002953 1.003500 1.183807 0.000001 0.000000
 0.878338 1.001618 0.001914 1.002267 1.183599 0.000000 0.000000
 0.879447 1.001047 0.001238 1.001466 1.183464 0.000000 0.000000
 0.880557 1.000676 0.000800 1.000947 1.183376 0.000000 0.000000
 0.881668 1.000437 0.000517 1.000612 1.183319 0.000000 0.000000
 0.882779 1.000282 0.000334 1.000395 1.183283 0.000000 0.000000
 0.883889 1.000182 0.000215 1.000255 1.183259 0.000000 0.000000
 0.885000 1.000117 0.000139 1.000164 1.183244 0.000000 0.000000
 0.886111 1.000076 0.000090 1.000106 1.183234 0.000000 0.000000
 0.887222 1.000049 0.000058 1.000068 1.183228 0.000000 0.000000
 0.888333 1.000032 0.000037 1.000044 1.183223 0.000000 0.000000
 0.889444 1.000020 0.000024 1.000028 1.183221 0.000000 0.000000
 0.890556 1.000013 0.000016 1.000018 1.183219 0.000000 0.000000
 0.891667 1.000008 0.000010 1.000012 1.183218 0.000000 0.000000
 0.892778 1.000005 0.000006 1.000008 1.183217 0.000000 0.000000
 0.893889 1.000004 0.000004 1.000005 1.183217 0.000000 0.000000
 0.895000 1.000002 0.000003 1.000003 1.183216 0.000000 0.000000
 0.896111 1.000001 0.000002 1.000002 1.183216 0.000000 0.000000
 0.897222 1.000001 0.000001 1.000001 1.183216 0.000000 0.000000
 0.898333 1.000001 0.000001 1.000001 1.183216 0.000000 0.000000
 0.899444 1.000000 0.000000 1.000001 1.183216 0.000000 0.000000
 0.900556 1.000000 0.000000 1.000000 1.183216 0.000000 0.000000
 0.901667 1.000000 0.000000 1.000000 1.183216 0.000000 0.000000
 0.902778 1.000000 0.000000 1.000000 1.183216 0.000000 0.000000
 0.903889 1.000000 0.000000 1.000000 1.183216 0.000000 0.000000
 0.905000 1.000000 0.000000 1.000000 1.183216 0.000000 0.000000
 0.906111 1.000000 0.000000 1.000000 1.183216 -0.000000 0.000000
 0.907222 1.000000 0.000000 1.000000 1.183216 -0.000000 -0.000000
 0.908333 1.000000 0.000000 1.000000 1.183216 0.000000 0.000000
 0.909444 1.000000 0.000000 1.000000 1.183216 -0.000000 0.000000
 0.910556 1.000000 0.000000 1.000000 1.183216 0.000000 0.000000
 0.911667 1.000000 0.000000 1.000000 1.183216 0.000000 0.000000
 0.912778 1.000000 0.000000 1.000000 1.183216 -0.000000 0.000000
 0.913889 1.000000 0.000000 1.000000 1.183216 0.000000 0.000000
 0.915000 1.000000 0.000000 1.000000 1.183216 -0.000000 0.000000
 0.916111 1.000000 0.000000 1.000000 1.183216 0.000000 -0.000000
 0.917222 1.000000 0.000000 1.000000 1.183216 0.000000 -0.000000
 0.918333 1.000000 0.000000 1.000000 1.183216 -0.000000 -0.000000
 0.919444 1.000000 0.000000 1.000000 1.183216 -0.000000 -0.000000
 0.920556 1.000000 0.000000 1.000000 1.183216 -0.000000 0.000000
 0.921667 1.000000 0.000000 1.000000 1.183216 0.000000 0.000000
 0.922778 1.000000 0.000000 1.000000 1.183216 0.000000 -0.000000
 0.923889 1.000000 0.000000 1.000000 1.183216 -0.000000 -0.000000
 0.925000 1.000000 0.000000 1.000000 1.183216 -0.000000 0.000000
 0.926111 1.000000 0.000000 1.000000 1.183216 -0.000000 -0.000000
 0.927222 1.000000 0.000000 1.000000 1.183216 -0.000000 0.000000
 0.928333 1.000000 0.000000 1.000000 1.183216 0.000000 0.000000
 0.929444 1.000000 0.000000 1.000000 1.183216 0.000000 0.000000
 0.930556 1.000000 0.000000 1.000000 1.183216 0.000000 0.000000
 0.931667 1.000000 0.000000 1.000000 1.183216 0.000000 0.000000
 0.932778 1.000000 0.000000 1.000000 1.183216 0.000000 0.000000
 0.933889 1.000000 0.000000 1.000000 1.183216 0.000000 -0.000000
 0.935000 1.000000 0.000000 1.000000 1.183216 0.000000 0.000000
 0.936111 1.000000 0.000000 1.000000 1.183216 0.000000 0.000000
 0.937222 1.000000 0.000000 1.000000 1.183216 -0.000000 0.000000
 0.938333 1.000000 0.000000 1.000000 1.183216 0.000000 0.000000
 0.939444 1.000000 0.000000 1.000000 1.183216 -0.000000 0.000000
 0.940556 1.000000 0.000000 1.000000 1.183216 0.000000 0.000000
 0.941667 1.000000 0.000000 1.000000 1.183216 -0.000000 0.000000
 0.942778 1.000000 0.000000 1.000000 1.183216 -0.000000 0.000000
 0.943889 1.000000 0.000000 1.000000 1.183216 0.000000 0.000000
 0.945000 1.000000 0.000000 1.000000 1.183216 0.000000 0.000000
 0.946111 1.000000 0.000000 1.000000 1.183216 0.000000 0.000000
 0.947222 1.000000 0.000000 1.000000 1.183216 0.000000 -0.000000
 0.948333 1.000000 0.000000 1.000000 1.183216 -0.000000 -0.000000
 0.949444 1.000000 0.000000 1.000000 1.183216 -0.000000 -0.000000
 0.950556 1.000000 0.000000 1.000000 1.183216 0.000000 0.000000
 0.951667 1.000000 0.000000 1.000000 1.183216 0.000000 0.000000
 0.952778 1.000000 0.000000 1.000000 1.183216 0.000000 0.000000
 0.953889 1.000000 0.000000 1.000000 1.183216 0.000000 0.000000
 0.955000 1.000000 0.000000 1.000000 1.183216 0.000000 0.000000
 0.956111 1.000000 0.000000 1.000000 1.183216 0.000000 0.000000
 0.957222 1.000000 0.000000 1.000000 1.183216 0.000000 0.000000
 0.958333 1.000000 0.000000 1.000000 1.183216 0.000000 0.000000
 0.959444 1.000000 0.000000 1.000000 1.183216 0.000000 0.000000
 0.960556 1.000000 0.000000 1.000000 1.183216 0.000000 0.000000
 0.961667 1.000000 0.000000 1.000000 1.183216 0.000000 0.000000
 0.962778 1.000000 0.000000 1.000000 1.183216 0.000000 0.000000
 0.963889 1.000000 0.000000 1.000000 1.183216 0.000000 0.000000
 0.965000 1.000000 0.000000 1.000000 1.183216 0.000000 0.000000
 0.966111 1.000000 0.000000 1.000000 1.183216 0.000000 0.000000
 0.967222 1.000000 0.000000 1.000000 1.183216 0.000000 0.000000
 0.968333 1.000000 0.000000 1.000000 1.183216 0.000000 0.000000
 0.969444 1.000000 0.000000 1.000000 1.183216 0.000000 0.000000
 0.970556 1.000000 0.000000 1.000000 1.183216 0.000000 0.000000
 0.971667 1.000000 0.000000 1.000000 1.183216 0.000000 0.000000
 0.972778 1.000000 0.000000 1.000000 1.183216 0.000000 0.000000
 0.973889 1.000000 0.000000 1.000000 1.183216 0.000000 0.000000
 0.975000 1.000000 0.000000 1.000000 1.183216 0.000000 0.000000
 0.976111 1.000000 0.000000 1.000000 1.183216 0.000000 0.000000
 0.977222 1.000000 0.000000 1.000000 1.183216 0.000000 0.000000
 0.978333 1.000000 0.000000 1.000000 1.183216 0.000000 0.000000
 0.979444 1.000000 0.000000 1.000000 1.183216 0.000000 0.000000
 0.980556 1.000000 0.000000 1.000000 1.183216 0.000000 0.000000
 0.981667 1.000000 0.000000 1.000000 1.183216 0.000000 0.000000
 0.982778 1.000000 0.000000 1.000000 1.183216 0.000000 0.000000
 0.983889 1.000000 0.000000 1.000000 1.183216 0.000000 0.000000
 0.985000 1.000000 0.000000 1.000000 1.183216 0.000000 0.000000
 0.986111 1.000000 0.000000 1.000000 1.183216 0.000000 0.000000
 0.987222 1.000000 0.000000 1.000000 1.183216 0.000000 0.000000
 0.988333 1.000000 0.000000 1.000000 1.183216 0.000000 0.000000
 0.989444 1.000000 0.000000 1.000000 1.183216 0.000000 0.000000
 0.990556 1.000000 0.000000 1.000000 1.183216 0.000000 0.000000
 0.991667 1.000000 0.000000 1.000000 1.183216 0.000000 0.000000
 0.992778 1.000000 0.000000 1.000000 1.183216 0.000000 0.000000
 0.993889 1.000000 0.000000 1.000000 1.183216 0.000000 0.000000
 0.995000 1.000000 0.000000 1.000000 1.183216 0.000000 0.000000
 0.996111 1.000000 0.000000 1.000000 1.183216 0.000000 0.000000
 0.997222 1.000000 0.000000 1.000000 1.183216 0.000000 0.000000
 0.998333 1.000000 0.000000 1.000000 1.183216 0.000000 0.000000
 0.999444 1.000000 0.000000 1.000000 1.183216 0.000000 0.000000
