Timer: 0.045046
 0.000556 1.271414 0.292868 1.401790 1.242402 0.001568 0.000000
 0.001667 1.271414 0.292868 1.401790 1.242402 0.001568 0.000000
 0.002778 1.271414 0.292868 1.401790 1.242402 0.001568 0.000000
 0.003889 1.271414 0.292868 1.401790 1.242402 0.001568 0.000000
 0.005000 1.271414 0.292868 1.401790 1.242402 0.001568 0.000000
 0.006111 1.271414 0.292868 1.401790 1.242402 0.001568 0.000000
 0.007222 1.271414 0.292868 1.401790 1.242402 0.001568 0.000000
 0.008333 1.271414 0.292868 1.401790 1.242402 0.001568 0.000000
 0.009444 1.271414 0.292868 1.401790 1.242402 0.001568 0.000000
 0.010556 1.271414 0.292868 1.401790 1.242402 0.001568 0.000000
 0.011667 1.271414 0.292868 1.401790 1.242402 0.001568 0.000000
 0.012778 1.271414 0.292868 1.401790 1.242402 0.001568 0.000000
 0.013889 1.271414 0.292868 1.401790 1.242402 0.001568 0.000000
 0.015000 1.271414 0.292868 1.401790 1.242402 0.001568 0.000000
 0.016111 1.271414 0.292868 1.401790 1.242402 0.001568 0.000000
 0.017222 1.271414 0.292868 1.401790 1.242402 0.001568 0.000000
 0.018333 1.271414 0.292868 1.401790 1.242402 0.001568 0.000000
 0.019444 1.271414 0.292868 1.401790 1.242402 0.001568 -0.000000
 0.020556 1.271414 0.292868 1.401790 1.242402 0.001568 -0.000000
 0.021667 1.271414 0.292868 1.401790 1.242402 0.001568 0.000000
 0.022778 1.271414 0.292868 1.401790 1.242402 0.001568 0.000000
 0.023889 1.271414 0.292868 1.401790 1.242402 0.001568 0.000000
 0.025000 1.271414 0.292868 1.401790 1.242402 0.001568 0.000000
 0.026111 1.271414 0.292868 1.401790 1.242402 0.001568 0.000000
 0.027222 1.271414 0.292868 1.401790 1.242402 0.001568 -0.000000
 0.028333 1.271414 0.292868 1.401790 1.242402 0.001568 -0.000000
 0.029444 1.271414 0.292868 1.401790 1.242402 0.001568 0.000000
 0.030556 1.271414 0.292868 1.401790 1.242402 0.001568 0.000000
 0.031667 1.271414 0.292868 1.401790 1.242402 0.001568 0.000000
 0.032778 1.271414 0.292868 1.401789 1.242401 0.001568 0.000000
 0.033889 1.271413 0.292868 1.401789 1.242401 0.001568 0.000000
 0.035000 1.271413 0.292869 1.401789 1.242401 0.001568 0.000000
 0.036111 1.271412 0.292869 1.401788 1.242401 0.001568 0.000000
 0.037222 1.271411 0.292871 1.401786 1.242401 0.001568 0.000000
 0.038333 1.271409 0.292872 1.401783 1.242401 0.001568 0.000000
 0.039444 1.271407 0.292875 1.401778 1.242400 0.001568 0.000000
 0.040556 1.271402 0.292880 1.401771 1.242399 0.001568 0.000000
 0.041667 1.271395 0.292887 1.401760 1.242398 0.001568 0.000000
 0.042778 1.271385 0.292897 1.401745 1.242396 0.001568 0.000000
 0.043889 1.271370 0.292911 1.401722 1.242393 0.001568 0.000000
 0.045000 1.271350 0.292930 1.401692 1.242389 0.001568 0.000000
 0.046111 1.271324 0.292956 1.401651 1.242384 0.001568 0.000000
 0.047222 1.271291 0.292988 1.401600 1.242378 0.001568 0.000000
 0.048333 1.271250 0.293028 1.401537 1.242370 0.001568 0.000000
 0.049444 1.271202 0.293075 1.401463 1.242360 0.001568 0.000000
 0.050556 1.271147 0.293128 1.401379 1.242349 0.001568 0.000000
 0.051667 1.271088 0.293186 1.401287 1.242338 0.001568 0.000000
 0.052778 1.271028 0.293246 1.401194 1.242326 0.001568 0.000000
 0.053889 1.270969 0.293303 1.401102 1.242314 0.001568 0.000000
 0.055000 1.270915 0.293356 1.401019 1.242304 0.001568 0.000000
 0.056111 1.270870 0.293400 1.400950 1.242295 0.001568 0.000000
 0.057222 1.270837 0.293432 1.400900 1.242289 0.001568 0.000000
 0.058333 1.270819 0.293450 1.400871 1.242285 0.001568 -0.000000
 0.059444 1.270815 0.293454 1.400865 1.242284 0.001568 -0.000000
 0.060556 1.270825 0.293444 1.400880 1.242286 0.001568 0.000000
 0.061667 1.270847 0.293423 1.400914 1.242291 0.001568 0.000000
 0.062778 1.270878 0.293392 1.400962 1.242297 0.001568 0.000000
 0.063889 1.270915 0.293356 1.401019 1.242304 0.001568 0.000000
 0.065000 1.270954 0.293317 1.401080 1.242312 0.001568 0.000000
 0.066111 1.270994 0.293279 1.401141 1.242319 0.001568 0.000000
 0.067222 1.271031 0.293243 1.401198 1.242327 0.001568 0.000000
 0.068333 1.271064 0.293210 1.401249 1.242333 0.001568 0.000000
 0.069444 1.271093 0.293182 1.401294 1.242339 0.001568 0.000000
 0.070556 1.271117 0.293158 1.401332 1.242344 0.001568 -0.000000
 0.071667 1.271138 0.293138 1.401364 1.242348 0.001568 -0.000000
 0.072778 1.271155 0.293121 1.401390 1.242351 0.001568 -0.000000
 0.073889 1.271170 0.293107 1.401413 1.242354 0.001568 -0.000000
 0.075000 1.271182 0.293094 1.401432 1.242356 0.001568 -0.000000
 0.076111 1.271193 0.293084 1.401449 1.242358 0.001568 -0.000000
 0.077222 1.271203 0.293074 1.401464 1.242360 0.001568 -0.000000
 0.078333 1.271212 0.293066 1.401478 1.242362 0.001568 -0.000000
 0.079444 1.271220 0.293058 1.401490 1.242364 0.001568 -0.000000
 0.080556 1.271227 0.293051 1.401501 1.242365 0.001568 -0.000000
 0.081667 1.271234 0.293044 1.401512 1.242366 0.001568 -0.000000
 0.082778 1.271240 0.293038 1.401521 1.242368 0.001568 -0.000000
 0.083889 1.271246 0.293032 1.401530 1.242369 0.001568 -0.000000
 0.085000 1.271251 0.293027 1.401539 1.242370 0.001568 -0.000000
 0.086111 1.271256 0.293022 1.401547 1.242371 0.001568 -0.000000
 0.087222 1.271261 0.293017 1.401554 1.242372 0.001568 -0.000000
 0.088333 1.271266 0.293013 1.401561 1.242373 0.001568 -0.000000
 0.089444 1.271270 0.293009 1.401568 1.242373 0.001568 -0.000000
 0.090556 1.271274 0.293005 1.401574 1.242374 0.001568 -0.000000
 0.091667 1.271278 0.293001 1.401580 1.242375 0.001568 -0.000000
 0.092778 1.271282 0.292997 1.401585 1.242376 0.001568 -0.000000
 0.093889 1.271285 0.292994 1.401591 1.242376 0.001568 -0.000000
 0.095000 1.271288 0.292991 1.401596 1.242377 0.001568 -0.000000
 0.096111 1.271292 0.292988 1.401601 1.242378 0.001568 -0.000000
 0.097222 1.271295 0.292985 1.401606 1.242378 0.001568 -0.000000
 0.098333 1.271297 0.292982 1.401610 1.242379 0.001568 -0.000000
 0.099444 1.271300 0.292979 1.401614 1.242379 0.001568 -0.000000
 0.100556 1.271303 0.292977 1.401618 1.242380 0.001569 -0.000000
 0.101667 1.271305 0.292974 1.401622 1.242381 0.001569 -0.000000
 0.102778 1.271303 0.292972 1.401626 1.242383 0.001573 -0.000000
 0.103889 1.271291 0.292969 1.401630 1.242391 0.001590 -0.000001
 0.105000 1.271249 0.292967 1.401633 1.242413 0.001638 -0.000004
 0.106111 1.271149 0.292965 1.401637 1.242463 0.001751 -0.000009
 0.107222 1.270955 0.292963 1.401640 1.242559 0.001967 -0.000017
 0.108333 1.270641 0.292961 1.401643 1.242714 0.002315 -0.000027
 0.109444 1.270210 0.292959 1.401646 1.242926 0.002792 -0.000037
 0.110556 1.269700 0.292957 1.401649 1.243177 0.003356 -0.000043
 0.111667 1.269182 0.292955 1.401652 1.243432 0.003930 -0.000044
 0.112778 1.268737 0.292954 1.401655 1.243652 0.004423 -0.000037
 0.113889 1.268430 0.292952 1.401657 1.243803 0.004763 -0.000025
 0.115000 1.268294 0.292950 1.401660 1.243871 0.004916 -0.000011
 0.116111 1.268320 0.292949 1.401662 1.243859 0.004888 0.000003
 0.117222 1.268474 0.292947 1.401665 1.243785 0.004720 0.000014
 0.118333 1.268707 0.292946 1.401667 1.243672 0.004465 0.000020
 0.119444 1.268972 0.292944 1.401669 1.243543 0.004174 0.000022
 0.120556 1.269235 0.292943 1.401671 1.243415 0.003886 0.000022
 0.121667 1.269473 0.292942 1.401674 1.243299 0.003624 0.000020
 0.122778 1.269679 0.292940 1.401676 1.243200 0.003399 0.000017
 0.123889 1.269851 0.292939 1.401678 1.243116 0.003211 0.000014
 0.125000 1.269993 0.292938 1.401680 1.243048 0.003056 0.000012
 0.126111 1.270110 0.292937 1.401682 1.242991 0.002928 0.000010
 0.127222 1.270208 0.292935 1.401683 1.242944 0.002821 0.000008
 0.128333 1.270291 0.292934 1.401685 1.242904 0.002731 0.000007
 0.129444 1.270363 0.292933 1.401687 1.242870 0.002653 0.000006
 0.130556 1.270425 0.292932 1.401689 1.242840 0.002586 0.000005
 0.131667 1.270480 0.292931 1.401690 1.242814 0.002526 0.000005
 0.132778 1.270530 0.292930 1.401692 1.242790 0.002473 0.000004
 0.133889 1.270574 0.292929 1.401694 1.242769 0.002425 0.000004
 0.135000 1.270615 0.292928 1.401695 1.242750 0.002381 0.000003
 0.136111 1.270652 0.292927 1.401697 1.242733 0.002341 0.000003
 0.137222 1.270686 0.292926 1.401698 1.242717 0.002305 0.000003
 0.138333 1.270717 0.292925 1.401699 1.242702 0.002271 0.000003
 0.139444 1.270745 0.292923 1.401699 1.242688 0.002240 0.000002
 0.140556 1.270771 0.292921 1.401698 1.242675 0.002211 0.000002
 0.141667 1.270793 0.292916 1.401694 1.242663 0.002185 0.000002
 0.142778 1.270809 0.292908 1.401684 1.242651 0.002160 0.000002
 0.143889 1.270816 0.292893 1.401662 1.242637 0.002136 0.000002
 0.145000 1.270806 0.292862 1.401616 1.242622 0.002114 0.000002
 0.146111 1.270765 0.292802 1.401524 1.242601 0.002093 0.000002
 0.147222 1.270669 0.292689 1.401348 1.242570 0.002074 0.000001
 0.148333 1.270475 0.292482 1.401023 1.242521 0.002056 0.000001
 0.149444 1.270112 0.292110 1.400438 1.242439 0.002038 0.000001
 0.150556 1.269464 0.291459 1.399414 1.242302 0.002022 0.000001
 0.151667 1.268347 0.290350 1.397669 1.242073 0.002006 0.000001
 0.152778 1.266482 0.288507 1.394771 1.241698 0.001990 0.000002
 0.153889 1.263456 0.285520 1.390085 1.241094 0.001974 0.000002
 0.155000 1.258688 0.280807 1.382721 1.240145 0.001956 0.000004
 0.156111 1.251406 0.273583 1.371501 1.238691 0.001931 0.000008
 0.157222 1.240674 0.262866 1.355009 1.236535 0.001892 0.000016
 0.158333 1.225511 0.247580 1.331791 1.233456 0.001824 0.000031
 0.159444 1.205173 0.226804 1.300801 1.229263 0.001708 0.000055
 0.160556 1.179594 0.200231 1.262077 1.223885 0.001520 0.000084
 0.161667 1.149840 0.168704 1.217409 1.217485 0.001253 0.000110
 0.162778 1.118245 0.134509 1.170457 1.210524 0.000929 0.000118
 0.163889 1.087904 0.100981 1.125874 1.203687 0.000606 0.000103
 0.165000 1.061611 0.071383 1.087679 1.197655 0.000344 0.000072
 0.166111 1.040930 0.047746 1.057948 1.192849 0.000171 0.000042
 0.167222 1.025976 0.030456 1.036633 1.189345 0.000076 0.000021
 0.168333 1.015879 0.018682 1.022332 1.186968 0.000030 0.000009
 0.169444 1.009413 0.011099 1.013214 1.185442 0.000011 0.000004
 0.170556 1.005437 0.006421 1.007624 1.184502 0.000004 0.000001
 0.171667 1.003070 0.003629 1.004302 1.183942 0.000001 0.000000
 0.172778 1.001698 0.002007 1.002378 1.183618 0.000000 0.000000
 0.173889 1.000920 0.001088 1.001288 1.183434 0.000000 0.000000
 0.175000 1.000489 0.000578 1.000684 1.183332 0.000000 0.000000
 0.176111 1.000255 0.000301 1.000356 1.183276 0.000000 0.000000
 0.177222 1.000130 0.000154 1.000182 1.183247 0.000000 0.000000
 0.178333 1.000065 0.000077 1.000091 1.183231 0.000000 0.000000
 0.179444 1.000032 0.000038 1.000045 1.183223 0.000000 0.000000
 0.180556 1.000015 0.000018 1.000021 1.183220 0.000000 0.000000
 0.181667 1.000007 0.000008 1.000010 1.183218 0.000000 0.000000
 0.182778 1.000003 0.000004 1.000005 1.183217 0.000000 0.000000
 0.183889 1.000001 0.000002 1.000002 1.183216 0.000000 0.000000
 0.185000 1.000001 0.000001 1.000001 1.183216 0.000000 0.000000
 0.186111 1.000000 0.000000 1.000000 1.183216 0.000000 0.000000
 0.187222 1.000000 0.000000 1.000000 1.183216 0.000000 0.000000
 0.188333 1.000000 0.000000 1.000000 1.183216 0.000000 0.000000
 0.189444 1.000000 0.000000 1.000000 1.183216 -0.000000 0.000000
 0.190556 1.000000 0.000000 1.000000 1.183216 0.000000 0.000000
 0.191667 1.000000 0.000000 1.000000 1.183216 -0.000000 0.000000
 0.192778 1.000000 0.000000 1.000000 1.183216 0.000000 0.000000
 0.193889 1.000000 0.000000 1.000000 1.183216 -0.000000 0.000000
 0.195000 1.000000 0.000000 1.000000 1.183216 0.000000 0.000000
 0.196111 1.000000 0.000000 1.000000 1.183216 0.000000 0.000000
 0.197222 1.000000 0.000000 1.000000 1.183216 0.000000 0.000000
 0.198333 1.000000 0.000000 1.000000 1.183216 -0.000000 -0.000000
 0.199444 1.000000 0.000000 1.000000 1.183216 -0.000000 -0.000000
 0.200556 1.000000 0.000000 1.000000 1.183216 0.000000 0.000000
 0.201667 1.000000 0.000000 1.000000 1.183216 -0.000000 0.000000
 0.202778 1.000000 0.000000 1.000000 1.183216 0.000000 0.000000
 0.203889 1.000000 0.000000 1.000000 1.183216 0.000000 0.000000
 0.205000 1.000000 0.000000 1.000000 1.183216 0.000000 0.000000
 0.206111 1.000000 0.000000 1.000000 1.183216 0.000000 0.000000
 0.207222 1.000000 0.000000 1.000000 1.183216 0.000000 0.000000
 0.208333 1.000000 0.000000 1.000000 1.183216 0.000000 0.000000
 0.209444 1.000000 -0.000000 1.000000 1.183216 0.000000 0.000000
 0.210556 1.000000 0.000000 1.000000 1.183216 0.000000 0.000000
 0.211667 1.000000 -0.000000 1.000000 1.183216 0.000000 0.000000
 0.212778 1.000000 0.000000 1.000000 1.183216 0.000000 0.000000
 0.213889 1.000000 -0.000000 1.000000 1.183216 0.000000 0.000000
 0.215000 1.000000 0.000000 1.000000 1.183216 0.000000 0.000000
 0.216111 1.000000 -0.000000 1.000000 1.183216 0.000000 0.000000
 0.217222 1.000000 0.000000 1.000000 1.183216 0.000000 0.000000
 0.218333 1.000000 -0.000000 1.000000 1.183216 0.000000 0.000000
 0.219444 1.000000 0.000000 1.000000 1.183216 0.000000 0.000000
 0.220556 1.000000 -0.000000 1.000000 1.183216 0.000000 0.000000
 0.221667 1.000000 0.000000 1.000000 1.183216 0.000000 0.000000
 0.222778 1.000000 -0.000000 1.000000 1.183216 0.000000 0.000000
 0.223889 1.000000 0.000000 1.000000 1.183216 0.000000 0.000000
 0.225000 1.000000 -0.000000 1.000000 1.183216 0.000000 0.000000
 0.226111 1.000000 0.000000 1.000000 1.183216 0.000000 0.000000
 0.227222 1.000000 -0.000000 1.000000 1.183216 0.000000 0.000000
 0.228333 1.000000 0.000000 1.000000 1.183216 0.000000 0.000000
 0.229444 1.000000 -0.000000 1.000000 1.183216 0.000000 0.000000
 0.230556 1.000000 0.000000 1.000000 1.183216 0.000000 0.000000
 0.231667 1.000000 -0.000000 1.000000 1.183216 0.000000 0.000000
 0.232778 1.000000 0.000000 1.000000 1.183216 0.000000 0.000000
 0.233889 1.000000 -0.000000 1.000000 1.183216 0.000000 0.000000
 0.235000 1.000000 0.000000 1.000000 1.183216 0.000000 0.000000
 0.236111 1.000000 -0.000000 1.000000 1.183216 0.000000 0.000000
 0.237222 1.000000 0.000000 1.000000 1.183216 0.000000 0.000000
 0.238333 1.000000 -0.000000 1.000000 1.183216 0.000000 0.000000
 0.239444 1.000000 0.000000 1.000000 1.183216 0.000000 0.000000
 0.240556 1.000000 -0.000000 1.000000 1.183216 0.000000 0.000000
 0.241667 1.000000 0.000000 1.000000 1.183216 0.000000 0.000000
 0.242778 1.000000 -0.000000 1.000000 1.183216 0.000000 0.000000
 0.243889 1.000000 0.000000 1.000000 1.183216 0.000000 0.000000
 0.245000 1.000000 -0.000000 1.000000 1.183216 0.000000 0.000000
 0.246111 1.000000 0.000000 1.000000 1.183216 0.000000 0.000000
 0.247222 1.000000 -0.000000 1.000000 1.183216 0.000000 0.000000
 0.248333 1.000000 0.000000 1.000000 1.183216 0.000000 0.000000
 0.249444 1.000000 -0.000000 1.000000 1.183216 0.000000 0.000000
 0.250556 1.000000 0.000000 1.000000 1.183216 0.000000 0.000000
 0.251667 1.000000 -0.000000 1.000000 1.183216 0.000000 0.000000
 0.252778 1.000000 0.000000 1.000000 1.183216 0.000000 0.000000
 0.253889 1.000000 -0.000000 1.000000 1.183216 0.000000 0.000000
 0.255000 1.000000 0.000000 1.000000 1.183216 0.000000 0.000000
 0.256111 1.000000 -0.000000 1.000000 1.183216 0.000000 0.000000
 0.257222 1.000000 0.000000 1.000000 1.183216 0.000000 0.000000
 0.258333 1.000000 -0.000000 1.000000 1.183216 0.000000 0.000000
 0.259444 1.000000 0.000000 1.000000 1.183216 0.000000 0.000000
 0.260556 1.000000 -0.000000 1.000000 1.183216 0.000000 0.000000
 0.261667 1.000000 0.000000 1.000000 1.183216 0.000000 0.000000
 0.262778 1.000000 -0.000000 1.000000 1.183216 0.000000 0.000000
 0.263889 1.000000 0.000000 1.000000 1.183216 0.000000 0.000000
 0.265000 1.000000 -0.000000 1.000000 1.183216 0.000000 0.000000
 0.266111 1.000000 0.000000 1.000000 1.183216 0.000000 0.000000
 0.267222 1.000000 -0.000000 1.000000 1.183216 0.000000 0.000000
 0.268333 1.000000 0.000000 1.000000 1.183216 0.000000 0.000000
 0.269444 1.000000 -0.000000 1.000000 1.183216 0.000000 0.000000
 0.270556 1.000000 0.000000 1.000000 1.183216 0.000000 0.000000
 0.271667 1.000000 -0.000000 1.000000 1.183216 0.000000 0.000000
 0.272778 1.000000 0.000000 1.000000 1.183216 0.000000 0.000000
 0.273889 1.000000 0.000000 1.000000 1.183216 0.000000 0.000000
 0.275000 1.000000 0.000000 1.000000 1.183216 0.000000 0.000000
 0.276111 1.000000 0.000000 1.000000 1.183216 0.000000 0.000000
 0.277222 1.000000 0.000000 1.000000 1.183216 0.000000 0.000000
 0.278333 1.000000 0.000000 1.000000 1.183216 0.000000 0.000000
 0.279444 1.000000 0.000000 1.000000 1.183216 0.000000 0.000000
 0.280556 1.000000 0.000000 1.000000 1.183216 0.000000 0.000000
 0.281667 1.000000 0.000000 1.000000 1.183216 0.000000 0.000000
 0.282778 1.000000 0.000000 1.000000 1.183216 0.000000 0.000000
 0.283889 1.000000 0.000000 1.000000 1.183216 0.000000 0.000000
 0.285000 1.000000 0.000000 1.000000 1.183216 0.000000 0.000000
 0.286111 1.000000 0.000000 1.000000 1.183216 0.000000 0.000000
 0.287222 1.000000 0.000000 1.000000 1.183216 0.000000 0.000000
 0.288333 1.000000 0.000000 1.000000 1.183216 0.000000 0.000000
 0.289444 1.000000 0.000000 1.000000 1.183216 0.000000 0.000000
 0.290556 1.000000 0.000000 1.000000 1.183216 0.000000 0.000000
 0.291667 1.000000 0.000000 1.000000 1.183216 0.000000 0.000000
 0.292778 1.000000 0.000000 1.000000 1.183216 0.000000 0.000000
 0.293889 1.000000 0.000000 1.000000 1.183216 0.000000 0.000000
 0.295000 1.000000 0.000000 1.000000 1.183216 0.000000 0.000000
 0.296111 1.000000 0.000000 1.000000 1.183216 0.000000 0.000000
 0.297222 1.000000 0.000000 1.000000 1.183216 0.000000 0.000000
 0.298333 1.000000 0.000000 1.000000 1.183216 0.000000 0.000000
 0.299444 1.000000 0.000000 1.000000 1.183216 0.000000 0.000000
 0.300556 1.000000 0.000000 1.000000 1.183216 0.000000 0.000000
 0.301667 1.000000 0.000000 1.000000 1.183216 0.000000 0.000000
 0.302778 1.000000 0.000000 1.000000 1.183216 0.000000 0.000000
 0.303889 1.000000 0.000000 1.000000 1.183216 0.000000 0.000000
 0.305000 1.000000 0.000000 1.000000 1.183216 0.000000 0.000000
 0.306111 1.000000 0.000000 1.000000 1.183216 0.000000 0.000000
 0.307222 1.000000 0.000000 1.000000 1.183216 0.000000 0.000000
 0.308333 1.000000 0.000000 1.000000 1.183216 0.000000 0.000000
 0.309444 1.000000 0.000000 1.000000 1.183216 0.000000 0.000000
 0.310556 1.000000 0.000000 1.000000 1.183216 0.000000 0.000000
 0.311667 1.000000 0.000000 1.000000 1.183216 0.000000 0.000000
 0.312778 1.000000 0.000000 1.000000 1.183216 0.000000 0.000000
 0.313889 1.000000 0.000000 1.000000 1.183216 0.000000 0.000000
 0.315000 1.000000 0.000000 1.000000 1.183216 0.000000 0.000000
 0.316111 1.000000 0.000000 1.000000 1.183216 0.000000 0.000000
 0.317222 1.000000 0.000000 1.000000 1.183216 0.000000 0.000000
 0.318333 1.000000 0.000000 1.000000 1.183216 0.000000 0.000000
 0.319444 1.000000 0.000000 1.000000 1.183216 0.000000 0.000000
 0.320556 1.000000 0.000000 1.000000 1.183216 0.000000 0.000000
 0.321667 1.000000 0.000000 1.000000 1.183216 0.000000 0.000000
 0.322778 1.000000 0.000000 1.000000 1.183216 0.000000 0.000000
 0.323889 1.000000 0.000000 1.000000 1.183216 0.000000 0.000000
 0.325000 1.000000 0.000000 1.000000 1.183216 0.000000 0.000000
 0.326111 1.000000 0.000000 1.000000 1.183216 0.000000 0.000000
 0.327222 1.000000 0.000000 1.000000 1.183216 0.000000 0.000000
 0.328333 1.000000 0.000000 1.000000 1.183216 0.000000 0.000000
 0.329444 1.000000 0.000000 1.000000 1.183216 0.000000 0.000000
 0.330556 1.000000 0.000000 1.000000 1.183216 0.000000 0.000000
 0.331667 1.000000 0.000000 1.000000 1.183216 0.000000 0.000000
 0.332778 1.000000 0.000000 1.000000 1.183216 0.000000 0.000000
 0.333889 1.000000 0.000000 1.000000 1.183216 0.000000 0.000000
 0.335000 1.000000 0.000000 1.000000 1.183216 0.000000 0.000000
 0.336111 1.000000 0.000000 1.000000 1.183216 0.000000 0.000000
 0.337222 1.000000 0.000000 1.000000 1.183216 0.000000 0.000000
 0.338333 1.000000 0.000000 1.000000 1.183216 0.000000 0.000000
 0.339444 1.000000 0.000000 1.000000 1.183216 0.000000 0.000000
 0.340556 1.000000 0.000000 1.000000 1.183216 0.000000 0.000000
 0.341667 1.000000 0.000000 1.000000 1.183216 0.000000 0.000000
 0.342778 1.000000 0.000000 1.000000 1.183216 0.000000 0.000000
 0.343889 1.000000 0.000000 1.000000 1.183216 0.000000 0.000000
 0.345000 1.000000 0.000000 1.000000 1.183216 0.000000 0.000000
 0.346111 1.000000 0.000000 1.000000 1.183216 0.000000 0.000000
 0.347222 1.000000 0.000000 1.000000 1.183216 0.000000 0.000000
 0.348333 1.000000 0.000000 1.000000 1.183216 0.000000 0.000000
 0.349444 1.000000 0.000000 1.000000 1.183216 0.000000 0.000000
 0.350556 1.000000 0.000000 1.000000 1.183216 0.000000 0.000000
 0.351667 1.000000 0.000000 1.000000 1.183216 0.000000 0.000000
 0.352778 1.000000 0.000000 1.000000 1.183216 0.000000 0.000000
 0.353889 1.000000 0.000000 1.000000 1.183216 0.000000 0.000000
 0.355000 1.000000 0.000000 1.000000 1.183216 0.000000 0.000000
 0.356111 1.000000 0.000000 1.000000 1.183216 0.000000 0.000000
 0.357222 1.000000 0.000000 1.000000 1.183216 0.000000 0.000000
 0.358333 1.000000 0.000000 1.000000 1.183216 0.000000 0.000000
 0.359444 1.000000 0.000000 1.000000 1.183216 0.000000 0.000000
 0.360556 1.000000 0.000000 1.000000 1.183216 0.000000 0.000000
 0.361667 1.000000 0.000000 1.000000 1.183216 0.000000 0.000000
 0.362778 1.000000 0.000000 1.000000 1.183216 0.000000 0.000000
 0.363889 1.000000 0.000000 1.000000 1.183216 0.000000 0.000000
 0.365000 1.000000 0.000000 1.000000 1.183216 0.000000 0.000000
 0.366111 1.000000 0.000000 1.000000 1.183216 0.000000 0.000000
 0.367222 1.000000 0.000000 1.000000 1.183216 0.000000 0.000000
 0.368333 1.000000 0.000000 1.000000 1.183216 0.000000 0.000000
 0.369444 1.000000 0.000000 1.000000 1.183216 0.000000 0.000000
 0.370556 1.000000 0.000000 1.000000 1.183216 0.000000 0.000000
 0.371667 1.000000 0.000000 1.000000 1.183216 0.000000 0.000000
 0.372778 1.000000 0.000000 1.000000 1.183216 0.000000 0.000000
 0.373889 1.000000 0.000000 1.000000 1.183216 0.000000 0.000000
 0.375000 1.000000 0.000000 1.000000 1.183216 0.000000 0.000000
 0.376111 1.000000 0.000000 1.000000 1.183216 0.000000 0.000000
 0.377222 1.000000 0.000000 1.000000 1.183216 0.000000 0.000000
 0.378333 1.000000 0.000000 1.000000 1.183216 0.000000 0.000000
 0.379444 1.000000 0.000000 1.000000 1.183216 0.000000 0.000000
 0.380556 1.000000 0.000000 1.000000 1.183216 0.000000 0.000000
 0.381667 1.000000 0.000000 1.000000 1.183216 0.000000 0.000000
 0.382778 1.000000 0.000000 1.000000 1.183216 0.000000 0.000000
 0.383889 1.000000 0.000000 1.000000 1.183216 0.000000 0.000000
 0.385000 1.000000 0.000000 1.000000 1.183216 0.000000 0.000000
 0.386111 1.000000 0.000000 1.000000 1.183216 0.000000 0.000000
 0.387222 1.000000 0.000000 1.000000 1.183216 0.000000 0.000000
 0.388333 1.000000 0.000000 1.000000 1.183216 0.000000 0.000000
 0.389444 1.000000 0.000000 1.000000 1.183216 0.000000 0.000000
 0.390556 1.000000 0.000000 1.000000 1.183216 0.000000 0.000000
 0.391667 1.000000 0.000000 1.000000 1.183216 0.000000 0.000000
 0.392778 1.000000 0.000000 1.000000 1.183216 0.000000 0.000000
 0.393889 1.000000 0.000000 1.000000 1.183216 0.000000 0.000000
 0.395000 1.000000 0.000000 1.000000 1.183216 0.000000 0.000000
 0.396111 1.000000 0.000000 1.000000 1.183216 0.000000 0.000000
 0.397222 1.000000 0.000000 1.000000 1.183216 0.000000 0.000000
 0.398333 1.000000 0.000000 1.000000 1.183216 0.000000 0.000000
 0.399444 1.000000 0.000000 1.000000 1.183216 0.000000 0.000000
 0.400556 1.000000 0.000000 1.000000 1.183216 0.000000 0.000000
 0.401667 1.000000 0.000000 1.000000 1.183216 0.000000 0.000000
 0.402778 1.000000 0.000000 1.000000 1.183216 0.000000 0.000000
 0.403889 1.000000 0.000000 1.000000 1.183216 0.000000 0.000000
 0.405000 1.000000 0.000000 1.000000 1.183216 0.000000 0.000000
 0.406111 1.000000 0.000000 1.000000 1.183216 0.000000 0.000000
 0.407222 1.000000 0.000000 1.000000 1.183216 0.000000 0.000000
 0.408333 1.000000 0.000000 1.000000 1.183216 0.000000 0.000000
 0.409444 1.000000 0.000000 1.000000 1.183216 0.000000 0.000000
 0.410556 1.000000 0.000000 1.000000 1.183216 0.000000 0.000000
 0.411667 1.000000 0.000000 1.000000 1.183216 0.000000 0.000000
 0.412778 1.000000 0.000000 1.000000 1.183216 0.000000 0.000000
 0.413889 1.000000 0.000000 1.000000 1.183216 0.000000 0.000000
 0.415000 1.000000 0.000000 1.000000 1.183216 0.000000 0.000000
 0.416111 1.000000 0.000000 1.000000 1.183216 0.000000 0.000000
 0.417222 1.000000 0.000000 1.000000 1.183216 0.000000 0.000000
 0.418333 1.000000 0.000000 1.000000 1.183216 0.000000 0.000000
 0.419444 1.000000 0.000000 1.000000 1.183216 0.000000 0.000000
 0.420556 1.000000 0.000000 1.000000 1.183216 0.000000 0.000000
 0.421667 1.000000 0.000000 1.000000 1.183216 0.000000 0.000000
 0.422778 1.000000 0.000000 1.000000 1.183216 0.000000 0.000000
 0.423889 1.000000 0.000000 1.000000 1.183216 0.000000 0.000000
 0.425000 1.000000 0.000000 1.000000 1.183216 0.000000 0.000000
 0.426111 1.000000 0.000000 1.000000 1.183216 0.000000 0.000000
 0.427222 1.000000 0.000000 1.000000 1.183216 0.000000 0.000000
 0.428333 1.000000 0.000000 1.000000 1.183216 0.000000 0.000000
 0.429444 1.000000 0.000000 1.000000 1.183216 0.000000 0.000000
 0.430556 1.000000 0.000000 1.000000 1.183216 0.000000 0.000000
 0.431667 1.000000 0.000000 1.000000 1.183216 0.000000 0.000000
 0.432778 1.000000 0.000000 1.000000 1.183216 0.000000 0.000000
 0.433889 1.000000 0.000000 1.000000 1.183216 0.000000 0.000000
 0.435000 1.000000 0.000000 1.000000 1.183216 0.000000 0.000000
 0.436111 1.000000 0.000000 1.000000 1.183216 0.000000 0.000000
 0.437222 1.000000 0.000000 1.000000 1.183216 0.000000 0.000000
 0.438333 1.000000 0.000000 1.000000 1.183216 0.000000 0.000000
 0.439444 1.000000 0.000000 1.000000 1.183216 0.000000 0.000000
 0.440556 1.000000 0.000000 1.000000 1.183216 0.000000 0.000000
 0.441667 1.000000 0.000000 1.000000 1.183216 0.000000 0.000000
 0.442778 1.000000 0.000000 1.000000 1.183216 0.000000 0.000000
 0.443889 1.000000 0.000000 1.000000 1.183216 0.000000 0.000000
 0.445000 1.000000 0.000000 1.000000 1.183216 0.000000 0.000000
 0.446111 1.000000 0.000000 1.000000 1.183216 0.000000 0.000000
 0.447222 1.000000 0.000000 1.000000 1.183216 0.000000 0.000000
 0.448333 1.000000 0.000000 1.000000 1.183216 0.000000 0.000000
 0.449444 1.000000 0.000000 1.000000 1.183216 0.000000 0.000000
 0.450556 1.000000 0.000000 1.000000 1.183216 0.000000 0.000000
 0.451667 1.000000 0.000000 1.000000 1.183216 0.000000 0.000000
 0.452778 1.000000 0.000000 1.000000 1.183216 0.000000 0.000000
 0.453889 1.000000 0.000000 1.000000 1.183216 0.000000 0.000000
 0.455000 1.000000 0.000000 1.000000 1.183216 0.000000 0.000000
 0.456111 1.000000 0.000000 1.000000 1.183216 0.000000 0.000000
 0.457222 1.000000 0.000000 1.000000 1.183216 0.000000 0.000000
 0.458333 1.000000 0.000000 1.000000 1.183216 0.000000 0.000000
 0.459444 1.000000 0.000000 1.000000 1.183216 0.000000 0.000000
 0.460556 1.000000 0.000000 1.000000 1.183216 0.000000 0.000000
 0.461667 1.000000 0.000000 1.000000 1.183216 0.000000 0.000000
 0.462778 1.000000 0.000000 1.000000 1.183216 0.000000 0.000000
 0.463889 1.000000 0.000000 1.000000 1.183216 0.000000 0.000000
 0.465000 1.000000 0.000000 1.000000 1.183216 0.000000 0.000000
 0.466111 1.000000 0.000000 1.000000 1.183216 0.000000 0.000000
 0.467222 1.000000 0.000000 1.000000 1.183216 0.000000 0.000000
 0.468333 1.000000 0.000000 1.000000 1.183216 0.000000 0.000000
 0.469444 1.000000 0.000000 1.000000 1.183216 0.000000 0.000000
 0.470556 1.000000 0.000000 1.000000 1.183216 0.000000 0.000000
 0.471667 1.000000 0.000000 1.000000 1.183216 0.000000 0.000000
 0.472778 1.000000 0.000000 1.000000 1.183216 0.000000 0.000000
 0.473889 1.000000 0.000000 1.000000 1.183216 0.000000 0.000000
 0.475000 1.000000 0.000000 1.000000 1.183216 0.000000 0.000000
 0.476111 1.000000 0.000000 1.000000 1.183216 0.000000 0.000000
 0.477222 1.000000 0.000000 1.000000 1.183216 0.000000 0.000000
 0.478333 1.000000 0.000000 1.000000 1.183216 0.000000 0.000000
 0.479444 1.000000 0.000000 1.000000 1.183216 0.000000 0.000000
 0.480556 1.000000 0.000000 1.000000 1.183216 0.000000 0.000000
 0.481667 1.000000 0.000000 1.000000 1.183216 0.000000 0.000000
 0.482778 1.000000 0.000000 1.000000 1.183216 0.000000 0.000000
 0.483889 1.000000 0.000000 1.000000 1.183216 0.000000 0.000000
 0.485000 1.000000 0.000000 1.000000 1.183216 0.000000 0.000000
 0.486111 1.000000 0.000000 1.000000 1.183216 0.000000 0.000000
 0.487222 1.000000 0.000000 1.000000 1.183216 0.000000 0.000000
 0.488333 1.000000 0.000000 1.000000 1.183216 0.000000 0.000000
 0.489444 1.000000 0.000000 1.000000 1.183216 0.000000 0.000000
 0.490556 1.000000 0.000000 1.000000 1.183216 0.000000 0.000000
 0.491667 1.000000 0.000000 1.000000 1.183216 0.000000 0.000000
 0.492778 1.000000 0.000000 1.000000 1.183216 0.000000 0.000000
 0.493889 1.000000 0.000000 1.000000 1.183216 0.000000 0.000000
 0.495000 1.000000 0.000000 1.000000 1.183216 0.000000 0.000000
 0.496111 1.000000 0.000000 1.000000 1.183216 0.000000 0.000000
 0.497222 1.000000 0.000000 1.000000 1.183216 0.000000 0.000000
 0.498333 1.000000 0.000000 1.000000 1.183216 0.000000 0.000000
 0.499444 1.000000 0.000000 1.000000 1.183216 0.000000 0.000000
 0.500556 1.000000 0.000000 1.000000 1.183216 0.000000 0.000000
 0.501667 1.000000 0.000000 1.000000 1.183216 0.000000 0.000000
 0.502778 1.000000 0.000000 1.000000 1.183216 0.000000 0.000000
 0.503889 1.000000 0.000000 1.000000 1.183216 0.000000 0.000000
 0.505000 1.000000 0.000000 1.000000 1.183216 0.000000 0.000000
 0.506111 1.000000 0.000000 1.000000 1.183216 0.000000 0.000000
 0.507222 1.000000 0.000000 1.000000 1.183216 0.000000 0.000000
 0.508333 1.000000 0.000000 1.000000 1.183216 0.000000 0.000000
 0.509444 1.000000 0.000000 1.000000 1.183216 0.000000 0.000000
 0.510556 1.000000 0.000000 1.000000 1.183216 0.000000 0.000000
 0.511667 1.000000 0.000000 1.000000 1.183216 0.000000 0.000000
 0.512778 1.000000 0.000000 1.000000 1.183216 0.000000 0.000000
 0.513889 1.000000 0.000000 1.000000 1.183216 0.000000 0.000000
 0.515000 1.000000 0.000000 1.000000 1.183216 0.000000 0.000000
 0.516111 1.000000 0.000000 1.000000 1.183216 0.000000 0.000000
 0.517222 1.000000 0.000000 1.000000 1.183216 0.000000 0.000000
 0.518333 1.000000 0.000000 1.000000 1.183216 0.000000 0.000000
 0.519444 1.000000 0.000000 1.000000 1.183216 0.000000 0.000000
 0.520556 1.000000 0.000000 1.000000 1.183216 0.000000 0.000000
 0.521667 1.000000 0.000000 1.000000 1.183216 0.000000 0.000000
 0.522778 1.000000 0.000000 1.000000 1.183216 0.000000 0.000000
 0.523889 1.000000 0.000000 1.000000 1.183216 0.000000 0.000000
 0.525000 1.000000 0.000000 1.000000 1.183216 0.000000 0.000000
 0.526111 1.000000 0.000000 1.000000 1.183216 0.000000 0.000000
 0.527222 1.000000 0.000000 1.000000 1.183216 0.000000 0.000000
 0.528333 1.000000 0.000000 1.000000 1.183216 0.000000 0.000000
 0.529444 1.000000 0.000000 1.000000 1.183216 0.000000 0.000000
 0.530556 1.000000 0.000000 1.000000 1.183216 0.000000 0.000000
 0.531667 1.000000 0.000000 1.000000 1.183216 0.000000 0.000000
 0.532778 1.000000 0.000000 1.000000 1.183216 0.000000 0.000000
 0.533889 1.000000 0.000000 1.000000 1.183216 0.000000 0.000000
 0.535000 1.000000 0.000000 1.000000 1.183216 0.000000 0.000000
 0.536111 1.000000 0.000000 1.000000 1.183216 0.000000 0.000000
 0.537222 1.000000 0.000000 1.000000 1.183216 0.000000 0.000000
 0.538333 1.000000 0.000000 1.000000 1.183216 0.000000 0.000000
 0.539444 1.000000 0.000000 1.000000 1.183216 0.000000 0.000000
 0.540556 1.000000 0.000000 1.000000 1.183216 0.000000 0.000000
 0.541667 1.000000 0.000000 1.000000 1.183216 0.000000 0.000000
 0.542778 1.000000 0.000000 1.000000 1.183216 0.000000 0.000000
 0.543889 1.000000 0.000000 1.000000 1.183216 0.000000 0.000000
 0.545000 1.000000 0.000000 1.000000 1.183216 0.000000 0.000000
 0.546111 1.000000 0.000000 1.000000 1.183216 0.000000 0.000000
 0.547222 1.000000 0.000000 1.000000 1.183216 0.000000 0.000000
 0.548333 1.000000 0.000000 1.000000 1.183216 0.000000 0.000000
 0.549444 1.000000 0.000000 1.000000 1.183216 0.000000 0.000000
 0.550556 1.000000 0.000000 1.000000 1.183216 0.000000 0.000000
 0.551667 1.000000 0.000000 1.000000 1.183216 0.000000 0.000000
 0.552778 1.000000 0.000000 1.000000 1.183216 0.000000 0.000000
 0.553889 1.000000 0.000000 1.000000 1.183216 0.000000 0.000000
 0.555000 1.000000 0.000000 1.000000 1.183216 0.000000 0.000000
 0.556111 1.000000 0.000000 1.000000 1.183216 0.000000 0.000000
 0.557222 1.000000 0.000000 1.000000 1.183216 0.000000 0.000000
 0.558333 1.000000 0.000000 1.000000 1.183216 0.000000 0.000000
 0.559444 1.000000 0.000000 1.000000 1.183216 0.000000 0.000000
 0.560556 1.000000 0.000000 1.000000 1.183216 0.000000 0.000000
 0.561667 1.000000 0.000000 1.000000 1.183216 0.000000 0.000000
 0.562778 1.000000 0.000000 1.000000 1.183216 0.000000 0.000000
 0.563889 1.000000 0.000000 1.000000 1.183216 0.000000 0.000000
 0.565000 1.000000 0.000000 1.000000 1.183216 0.000000 0.000000
 0.566111 1.000000 0.000000 1.000000 1.183216 0.000000 0.000000
 0.567222 1.000000 0.000000 1.000000 1.183216 0.000000 0.000000
 0.568333 1.000000 0.000000 1.000000 1.183216 0.000000 0.000000
 0.569444 1.000000 0.000000 1.000000 1.183216 0.000000 0.000000
 0.570556 1.000000 0.000000 1.000000 1.183216 0.000000 0.000000
 0.571667 1.000000 0.000000 1.000000 1.183216 0.000000 0.000000
 0.572778 1.000000 0.000000 1.000000 1.183216 0.000000 0.000000
 0.573889 1.000000 0.000000 1.000000 1.183216 0.000000 0.000000
 0.575000 1.000000 0.000000 1.000000 1.183216 0.000000 0.000000
 0.576111 1.000000 0.000000 1.000000 1.183216 0.000000 0.000000
 0.577222 1.000000 0.000000 1.000000 1.183216 0.000000 0.000000
 0.578333 1.000000 0.000000 1.000000 1.183216 0.000000 0.000000
 0.579444 1.000000 0.000000 1.000000 1.183216 0.000000 0.000000
 0.580556 1.000000 0.000000 1.000000 1.183216 0.000000 0.000000
 0.581667 1.000000 0.000000 1.000000 1.183216 0.000000 0.000000
 0.582778 1.000000 0.000000 1.000000 1.183216 0.000000 0.000000
 0.583889 1.000000 0.000000 1.000000 1.183216 0.000000 0.000000
 0.585000 1.000000 0.000000 1.000000 1.183216 0.000000 0.000000
 0.586111 1.000000 0.000000 1.000000 1.183216 0.000000 0.000000
 0.587222 1.000000 0.000000 1.000000 1.183216 0.000000 0.000000
 0.588333 1.000000 0.000000 1.000000 1.183216 0.000000 0.000000
 0.589444 1.000000 0.000000 1.000000 1.183216 0.000000 0.000000
 0.590556 1.000000 0.000000 1.000000 1.183216 0.000000 0.000000
 0.591667 1.000000 0.000000 1.000000 1.183216 0.000000 0.000000
 0.592778 1.000000 0.000000 1.000000 1.183216 0.000000 0.000000
 0.593889 1.000000 0.000000 1.000000 1.183216 0.000000 0.000000
 0.595000 1.000000 0.000000 1.000000 1.183216 0.000000 0.000000
 0.596111 1.000000 0.000000 1.000000 1.183216 0.000000 0.000000
 0.597222 1.000000 0.000000 1.000000 1.183216 0.000000 0.000000
 0.598333 1.000000 0.000000 1.000000 1.183216 0.000000 0.000000
 0.599444 1.000000 0.000000 1.000000 1.183216 0.000000 0.000000
 0.600556 1.000000 0.000000 1.000000 1.183216 0.000000 0.000000
 0.601667 1.000000 0.000000 1.000000 1.183216 0.000000 0.000000
 0.602778 1.000000 0.000000 1.000000 1.183216 0.000000 0.000000
 0.603889 1.000000 0.000000 1.000000 1.183216 0.000000 0.000000
 0.605000 1.000000 0.000000 1.000000 1.183216 0.000000 0.000000
 0.606111 1.000000 0.000000 1.000000 1.183216 0.000000 0.000000
 0.607222 1.000000 0.000000 1.000000 1.183216 0.000000 0.000000
 0.608333 1.000000 0.000000 1.000000 1.183216 0.000000 0.000000
 0.609444 1.000000 0.000000 1.000000 1.183216 0.000000 0.000000
 0.610556 1.000000 0.000000 1.000000 1.183216 0.000000 0.000000
 0.611667 1.000000 0.000000 1.000000 1.183216 0.000000 0.000000
 0.612778 1.000000 0.000000 1.000000 1.183216 0.000000 0.000000
 0.613889 1.000000 0.000000 1.000000 1.183216 0.000000 0.000000
 0.615000 1.000000 0.000000 1.000000 1.183216 0.000000 0.000000
 0.616111 1.000000 0.000000 1.000000 1.183216 0.000000 0.000000
 0.617222 1.000000 0.000000 1.000000 1.183216 0.000000 0.000000
 0.618333 1.000000 0.000000 1.000000 1.183216 0.000000 0.000000
 0.619444 1.000000 0.000000 1.000000 1.183216 0.000000 0.000000
 0.620556 1.000000 0.000000 1.000000 1.183216 0.000000 0.000000
 0.621667 1.000000 0.000000 1.000000 1.183216 0.000000 0.000000
 0.622778 1.000000 0.000000 1.000000 1.183216 0.000000 0.000000
 0.623889 1.000000 0.000000 1.000000 1.183216 0.000000 0.000000
 0.625000 1.000000 0.000000 1.000000 1.183216 0.000000 0.000000
 0.626111 1.000000 0.000000 1.000000 1.183216 0.000000 0.000000
 0.627222 1.000000 0.000000 1.000000 1.183216 0.000000 0.000000
 0.628333 1.000000 0.000000 1.000000 1.183216 0.000000 0.000000
 0.629444 1.000000 0.000000 1.000000 1.183216 0.000000 0.000000
 0.630556 1.000000 0.000000 1.000000 1.183216 0.000000 0.000000
 0.631667 1.000000 0.000000 1.000000 1.183216 0.000000 0.000000
 0.632778 1.000000 0.000000 1.000000 1.183216 0.000000 0.000000
 0.633889 1.000000 0.000000 1.000000 1.183216 0.000000 0.000000
 0.635000 1.000000 0.000000 1.000000 1.183216 0.000000 0.000000
 0.636111 1.000000 0.000000 1.000000 1.183216 0.000000 0.000000
 0.637222 1.000000 0.000000 1.000000 1.183216 0.000000 0.000000
 0.638333 1.000000 0.000000 1.000000 1.183216 0.000000 0.000000
 0.639444 1.000000 0.000000 1.000000 1.183216 0.000000 0.000000
 0.640556 1.000000 0.000000 1.000000 1.183216 0.000000 0.000000
 0.641667 1.000000 0.000000 1.000000 1.183216 0.000000 0.000000
 0.642778 1.000000 0.000000 1.000000 1.183216 0.000000 0.000000
 0.643889 1.000000 0.000000 1.000000 1.183216 0.000000 0.000000
 0.645000 1.000000 0.000000 1.000000 1.183216 0.000000 0.000000
 0.646111 1.000000 0.000000 1.000000 1.183216 0.000000 0.000000
 0.647222 1.000000 0.000000 1.000000 1.183216 0.000000 0.000000
 0.648333 1.000000 0.000000 1.000000 1.183216 0.000000 0.000000
 0.649444 1.000000 0.000000 1.000000 1.183216 0.000000 0.000000
 0.650556 1.000000 0.000000 1.000000 1.183216 0.000000 0.000000
 0.651667 1.000000 0.000000 1.000000 1.183216 0.000000 0.000000
 0.652778 1.000000 0.000000 1.000000 1.183216 0.000000 0.000000
 0.653889 1.000000 0.000000 1.000000 1.183216 0.000000 0.000000
 0.655000 1.000000 0.000000 1.000000 1.183216 0.000000 0.000000
 0.656111 1.000000 0.000000 1.000000 1.183216 0.000000 0.000000
 0.657222 1.000000 0.000000 1.000000 1.183216 0.000000 0.000000
 0.658333 1.000000 0.000000 1.000000 1.183216 0.000000 0.000000
 0.659444 1.000000 0.000000 1.000000 1.183216 0.000000 0.000000
 0.660556 1.000000 0.000000 1.000000 1.183216 0.000000 0.000000
 0.661667 1.000000 0.000000 1.000000 1.183216 0.000000 0.000000
 0.662778 1.000000 0.000000 1.000000 1.183216 0.000000 0.000000
 0.663889 1.000000 0.000000 1.000000 1.183216 0.000000 0.000000
 0.665000 1.000000 0.000000 1.000000 1.183216 0.000000 0.000000
 0.666111 1.000000 0.000000 1.000000 1.183216 0.000000 0.000000
 0.667222 1.000000 0.000000 1.000000 1.183216 0.000000 0.000000
 0.668333 1.000000 0.000000 1.000000 1.183216 0.000000 0.000000
 0.669444 1.000000 0.000000 1.000000 1.183216 0.000000 0.000000
 0.670556 1.000000 0.000000 1.000000 1.183216 0.000000 0.000000
 0.671667 1.000000 0.000000 1.000000 1.183216 0.000000 0.000000
 0.672778 1.000000 0.000000 1.000000 1.183216 0.000000 0.000000
 0.673889 1.000000 0.000000 1.000000 1.183216 0.000000 0.000000
 0.675000 1.000000 0.000000 1.000000 1.183216 0.000000 0.000000
 0.676111 1.000000 0.000000 1.000000 1.183216 0.000000 0.000000
 0.677222 1.000000 0.000000 1.000000 1.183216 0.000000 0.000000
 0.678333 1.000000 0.000000 1.000000 1.183216 0.000000 0.000000
 0.679444 1.000000 0.000000 1.000000 1.183216 0.000000 0.000000
 0.680556 1.000000 0.000000 1.000000 1.183216 0.000000 0.000000
 0.681667 1.000000 0.000000 1.000000 1.183216 0.000000 0.000000
 0.682778 1.000000 0.000000 1.000000 1.183216 0.000000 0.000000
 0.683889 1.000000 0.000000 1.000000 1.183216 0.000000 0.000000
 0.685000 1.000000 0.000000 1.000000 1.183216 0.000000 0.000000
 0.686111 1.000000 0.000000 1.000000 1.183216 0.000000 0.000000
 0.687222 1.000000 0.000000 1.000000 1.183216 0.000000 0.000000
 0.688333 1.000000 0.000000 1.000000 1.183216 0.000000 0.000000
 0.689444 1.000000 0.000000 1.000000 1.183216 0.000000 0.000000
 0.690556 1.000000 0.000000 1.000000 1.183216 0.000000 0.000000
 0.691667 1.000000 0.000000 1.000000 1.183216 0.000000 0.000000
 0.692778 1.000000 0.000000 1.000000 1.183216 0.000000 0.000000
 0.693889 1.000000 0.000000 1.000000 1.183216 0.000000 0.000000
 0.695000 1.000000 0.000000 1.000000 1.183216 0.000000 0.000000
 0.696111 1.000000 0.000000 1.000000 1.183216 0.000000 0.000000
 0.697222 1.000000 0.000000 1.000000 1.183216 0.000000 0.000000
 0.698333 1.000000 0.000000 1.000000 1.183216 0.000000 0.000000
 0.699444 1.000000 0.000000 1.000000 1.183216 0.000000 0.000000
 0.700556 1.000000 0.000000 1.000000 1.183216 0.000000 0.000000
 0.701667 1.000000 0.000000 1.000000 1.183216 0.000000 0.000000
 0.702778 1.000000 0.000000 1.000000 1.183216 0.000000 0.000000
 0.703889 1.000000 0.000000 1.000000 1.183216 0.000000 0.000000
 0.705000 1.000000 0.000000 1.000000 1.183216 0.000000 0.000000
 0.706111 1.000000 0.000000 1.000000 1.183216 0.000000 0.000000
 0.707222 1.000000 0.000000 1.000000 1.183216 0.000000 0.000000
 0.708333 1.000000 0.000000 1.000000 1.183216 0.000000 0.000000
 0.709444 1.000000 0.000000 1.000000 1.183216 0.000000 0.000000
 0.710556 1.000000 0.000000 1.000000 1.183216 0.000000 0.000000
 0.711667 1.000000 0.000000 1.000000 1.183216 0.000000 0.000000
 0.712778 1.000000 0.000000 1.000000 1.183216 0.000000 0.000000
 0.713889 1.000000 0.000000 1.000000 1.183216 0.000000 0.000000
 0.715000 1.000000 0.000000 1.000000 1.183216 0.000000 0.000000
 0.716111 1.000000 0.000000 1.000000 1.183216 0.000000 0.000000
 0.717222 1.000000 0.000000 1.000000 1.183216 0.000000 0.000000
 0.718333 1.000000 0.000000 1.000000 1.183216 0.000000 0.000000
 0.719444 1.000000 0.000000 1.000000 1.183216 0.000000 0.000000
 0.720556 1.000000 0.000000 1.000000 1.183216 0.000000 0.000000
 0.721667 1.000000 0.000000 1.000000 1.183216 0.000000 0.000000
 0.722778 1.000000 0.000000 1.000000 1.183216 0.000000 0.000000
 0.723889 1.000000 0.000000 1.000000 1.183216 0.000000 0.000000
 0.725000 1.000000 0.000000 1.000000 1.183216 0.000000 0.000000
 0.726111 1.000000 0.000000 1.000000 1.183216 0.000000 0.000000
 0.727222 1.000000 0.000000 1.000000 1.183216 0.000000 0.000000
 0.728333 1.000000 0.000000 1.000000 1.183216 0.000000 0.000000
 0.729444 1.000000 0.000000 1.000000 1.183216 0.000000 0.000000
 0.730556 1.000000 0.000000 1.000000 1.183216 0.000000 0.000000
 0.731667 1.000000 0.000000 1.000000 1.183216 0.000000 0.000000
 0.732778 1.000000 0.000000 1.000000 1.183216 0.000000 0.000000
 0.733889 1.000000 0.000000 1.000000 1.183216 0.000000 0.000000
 0.735000 1.000000 0.000000 1.000000 1.183216 0.000000 0.000000
 0.736111 1.000000 0.000000 1.000000 1.183216 0.000000 0.000000
 0.737222 1.000000 0.000000 1.000000 1.183216 0.000000 0.000000
 0.738333 1.000000 0.000000 1.000000 1.183216 0.000000 0.000000
 0.739444 1.000000 0.000000 1.000000 1.183216 0.000000 0.000000
 0.740556 1.000000 0.000000 1.000000 1.183216 0.000000 0.000000
 0.741667 1.000000 0.000000 1.000000 1.183216 0.000000 0.000000
 0.742778 1.000000 0.000000 1.000000 1.183216 0.000000 0.000000
 0.743889 1.000000 0.000000 1.000000 1.183216 0.000000 0.000000
 0.745000 1.000000 0.000000 1.000000 1.183216 0.000000 0.000000
 0.746111 1.000000 0.000000 1.000000 1.183216 0.000000 0.000000
 0.747222 1.000000 0.000000 1.000000 1.183216 0.000000 0.000000
 0.748333 1.000000 0.000000 1.000000 1.183216 0.000000 0.000000
 0.749444 1.000000 0.000000 1.000000 1.183216 0.000000 0.000000
 0.750556 1.000000 0.000000 1.000000 1.183216 0.000000 0.000000
 0.751667 1.000000 0.000000 1.000000 1.183216 0.000000 0.000000
 0.752778 1.000000 0.000000 1.000000 1.183216 0.000000 0.000000
 0.753889 1.000000 0.000000 1.000000 1.183216 0.000000 0.000000
 0.755000 1.000000 0.000000 1.000000 1.183216 0.000000 0.000000
 0.756111 1.000000 0.000000 1.000000 1.183216 0.000000 0.000000
 0.757222 1.000000 0.000000 1.000000 1.183216 0.000000 0.000000
 0.758333 1.000000 0.000000 1.000000 1.183216 0.000000 0.000000
 0.759444 1.000000 0.000000 1.000000 1.183216 0.000000 0.000000
 0.760556 1.000000 0.000000 1.000000 1.183216 0.000000 0.000000
 0.761667 1.000000 0.000000 1.000000 1.183216 0.000000 0.000000
 0.762778 1.000000 0.000000 1.000000 1.183216 0.000000 0.000000
 0.763889 1.000000 0.000000 1.000000 1.183216 0.000000 0.000000
 0.765000 1.000000 0.000000 1.000000 1.183216 0.000000 0.000000
 0.766111 1.000000 0.000000 1.000000 1.183216 0.000000 0.000000
 0.767222 1.000000 0.000000 1.000000 1.183216 0.000000 0.000000
 0.768333 1.000000 0.000000 1.000000 1.183216 0.000000 0.000000
 0.769444 1.000000 0.000000 1.000000 1.183216 0.000000 0.000000
 0.770556 1.000000 0.000000 1.000000 1.183216 0.000000 0.000000
 0.771667 1.000000 0.000000 1.000000 1.183216 0.000000 0.000000
 0.772778 1.000000 0.000000 1.000000 1.183216 0.000000 0.000000
 0.773889 1.000000 0.000000 1.000000 1.183216 0.000000 0.000000
 0.775000 1.000000 0.000000 1.000000 1.183216 0.000000 0.000000
 0.776111 1.000000 0.000000 1.000000 1.183216 0.000000 0.000000
 0.777222 1.000000 0.000000 1.000000 1.183216 0.000000 0.000000
 0.778333 1.000000 0.000000 1.000000 1.183216 0.000000 0.000000
 0.779444 1.000000 0.000000 1.000000 1.183216 0.000000 0.000000
 0.780556 1.000000 0.000000 1.000000 1.183216 0.000000 0.000000
 0.781667 1.000000 0.000000 1.000000 1.183216 0.000000 0.000000
 0.782778 1.000000 0.000000 1.000000 1.183216 0.000000 0.000000
 0.783889 1.000000 0.000000 1.000000 1.183216 0.000000 0.000000
 0.785000 1.000000 0.000000 1.000000 1.183216 0.000000 0.000000
 0.786111 1.000000 0.000000 1.000000 1.183216 0.000000 0.000000
 0.787222 1.000000 0.000000 1.000000 1.183216 0.000000 0.000000
 0.788333 1.000000 0.000000 1.000000 1.183216 0.000000 0.000000
 0.789444 1.000000 0.000000 1.000000 1.183216 0.000000 0.000000
 0.790556 1.000000 0.000000 1.000000 1.183216 0.000000 0.000000
 0.791667 1.000000 0.000000 1.000000 1.183216 0.000000 0.000000
 0.792778 1.000000 0.000000 1.000000 1.183216 0.000000 0.000000
 0.793889 1.000000 0.000000 1.000000 1.183216 0.000000 0.000000
 0.795000 1.000000 0.000000 1.000000 1.183216 0.000000 0.000000
 0.796111 1.000000 0.000000 1.000000 1.183216 0.000000 0.000000
 0.797222 1.000000 0.000000 1.000000 1.183216 0.000000 0.000000
 0.798333 1.000000 0.000000 1.000000 1.183216 0.000000 0.000000
 0.799444 1.000000 0.000000 1.000000 1.183216 0.000000 0.000000
 0.800556 1.000000 0.000000 1.000000 1.183216 0.000000 0.000000
 0.801667 1.000000 0.000000 1.000000 1.183216 0.000000 0.000000
 0.802778 1.000000 0.000000 1.000000 1.183216 0.000000 0.000000
 0.803889 1.000000 0.000000 1.000000 1.183216 0.000000 0.000000
 0.805000 1.000000 0.000000 1.000000 1.183216 0.000000 0.000000
 0.806111 1.000000 0.000000 1.000000 1.183216 0.000000 0.000000
 0.807222 1.000000 0.000000 1.000000 1.183216 0.000000 0.000000
 0.808333 1.000000 0.000000 1.000000 1.183216 0.000000 0.000000
 0.809444 1.000000 0.000000 1.000000 1.183216 0.000000 0.000000
 0.810556 1.000000 0.000000 1.000000 1.183216 0.000000 0.000000
 0.811667 1.000000 0.000000 1.000000 1.183216 0.000000 0.000000
 0.812778 1.000000 0.000000 1.000000 1.183216 0.000000 0.000000
 0.813889 1.000000 0.000000 1.000000 1.183216 0.000000 0.000000
 0.815000 1.000000 0.000000 1.000000 1.183216 0.000000 0.000000
 0.816111 1.000000 0.000000 1.000000 1.183216 0.000000 0.000000
 0.817222 1.000000 0.000000 1.000000 1.183216 0.000000 0.000000
 0.818333 1.000000 0.000000 1.000000 1.183216 0.000000 0.000000
 0.819444 1.000000 0.000000 1.000000 1.183216 0.000000 0.000000
 0.820556 1.000000 0.000000 1.000000 1.183216 0.000000 0.000000
 0.821667 1.000000 0.000000 1.000000 1.183216 0.000000 0.000000
 0.822778 1.000000 0.000000 1.000000 1.183216 0.000000 0.000000
 0.823889 1.000000 0.000000 1.000000 1.183216 0.000000 0.000000
 0.825000 1.000000 0.000000 1.000000 1.183216 0.000000 0.000000
 0.826111 1.000000 0.000000 1.000000 1.183216 0.000000 0.000000
 0.827222 1.000000 0.000000 1.000000 1.183216 0.000000 0.000000
 0.828333 1.000000 0.000000 1.000000 1.183216 0.000000 0.000000
 0.829444 1.000000 0.000000 1.000000 1.183216 0.000000 0.000000
 0.830556 1.000000 0.000000 1.000000 1.183216 0.000000 0.000000
 0.831667 1.000000 0.000000 1.000000 1.183216 0.000000 0.000000
 0.832778 1.000000 0.000000 1.000000 1.183216 0.000000 0.000000
 0.833889 1.000000 0.000000 1.000000 1.183216 0.000000 0.000000
 0.835000 1.000000 0.000000 1.000000 1.183216 0.000000 0.000000
 0.836111 1.000000 0.000000 1.000000 1.183216 0.000000 0.000000
 0.837222 1.000000 0.000000 1.000000 1.183216 0.000000 0.000000
 0.838333 1.000000 0.000000 1.000000 1.183216 0.000000 0.000000
 0.839444 1.000000 0.000000 1.000000 1.183216 0.000000 0.000000
 0.840556 1.000000 0.000000 1.000000 1.183216 0.000000 0.000000
 0.841667 1.000000 0.000000 1.000000 1.183216 0.000000 0.000000
 0.842778 1.000000 0.000000 1.000000 1.183216 0.000000 0.000000
 0.843889 1.000000 0.000000 1.000000 1.183216 0.000000 0.000000
 0.845000 1.000000 0.000000 1.000000 1.183216 0.000000 0.000000
 0.846111 1.000000 0.000000 1.000000 1.183216 0.000000 0.000000
 0.847222 1.000000 0.000000 1.000000 1.183216 0.000000 0.000000
 0.848333 1.000000 0.000000 1.000000 1.183216 0.000000 0.000000
 0.849444 1.000000 0.000000 1.000000 1.183216 0.000000 0.000000
 0.850556 1.000000 0.000000 1.000000 1.183216 0.000000 0.000000
 0.851667 1.000000 0.000000 1.000000 1.183216 0.000000 0.000000
 0.852778 1.000000 0.000000 1.000000 1.183216 0.000000 0.000000
 0.853889 1.000000 0.000000 1.000000 1.183216 0.000000 0.000000
 0.855000 1.000000 0.000000 1.000000 1.183216 0.000000 0.000000
 0.856111 1.000000 0.000000 1.000000 1.183216 0.000000 0.000000
 0.857222 1.000000 0.000000 1.000000 1.183216 0.000000 0.000000
 0.858333 1.000000 0.000000 1.000000 1.183216 0.000000 0.000000
 0.859444 1.000000 0.000000 1.000000 1.183216 0.000000 0.000000
 0.860556 1.000000 0.000000 1.000000 1.183216 0.000000 0.000000
 0.861667 1.000000 0.000000 1.000000 1.183216 0.000000 0.000000
 0.862778 1.000000 0.000000 1.000000 1.183216 0.000000 0.000000
 0.863889 1.000000 0.000000 1.000000 1.183216 0.000000 0.000000
 0.865000 1.000000 0.000000 1.000000 1.183216 0.000000 0.000000
 0.866111 1.000000 0.000000 1.000000 1.183216 0.000000 0.000000
 0.867222 1.000000 0.000000 1.000000 1.183216 0.000000 0.000000
 0.868333 1.000000 0.000000 1.000000 1.183216 0.000000 0.000000
 0.869444 1.000000 0.000000 1.000000 1.183216 0.000000 0.000000
 0.870556 1.000000 0.000000 1.000000 1.183216 0.000000 0.000000
 0.871667 1.000000 0.000000 1.000000 1.183216 0.000000 0.000000
 0.872778 1.000000 0.000000 1.000000 1.183216 0.000000 0.000000
 0.873889 1.000000 0.000000 1.000000 1.183216 0.000000 0.000000
 0.875000 1.000000 0.000000 1.000000 1.183216 0.000000 0.000000
 0.876111 1.000000 0.000000 1.000000 1.183216 0.000000 0.000000
 0.877222 1.000000 0.000000 1.000000 1.183216 0.000000 0.000000
 0.878333 1.000000 0.000000 1.000000 1.183216 0.000000 0.000000
 0.879444 1.000000 0.000000 1.000000 1.183216 0.000000 0.000000
 0.880556 1.000000 0.000000 1.000000 1.183216 0.000000 0.000000
 0.881667 1.000000 0.000000 1.000000 1.183216 0.000000 0.000000
 0.882778 1.000000 0.000000 1.000000 1.183216 0.000000 0.000000
 0.883889 1.000000 0.000000 1.000000 1.183216 0.000000 0.000000
 0.885000 1.000000 0.000000 1.000000 1.183216 0.000000 0.000000
 0.886111 1.000000 0.000000 1.000000 1.183216 0.000000 0.000000
 0.887222 1.000000 0.000000 1.000000 1.183216 0.000000 0.000000
 0.888333 1.000000 0.000000 1.000000 1.183216 0.000000 0.000000
 0.889444 1.000000 0.000000 1.000000 1.183216 0.000000 0.000000
 0.890556 1.000000 0.000000 1.000000 1.183216 0.000000 0.000000
 0.891667 1.000000 0.000000 1.000000 1.183216 0.000000 0.000000
 0.892778 1.000000 0.000000 1.000000 1.183216 0.000000 0.000000
 0.893889 1.000000 0.000000 1.000000 1.183216 0.000000 0.000000
 0.895000 1.000000 0.000000 1.000000 1.183216 0.000000 0.000000
 0.896111 1.000000 0.000000 1.000000 1.183216 0.000000 0.000000
 0.897222 1.000000 0.000000 1.000000 1.183216 0.000000 0.000000
 0.898333 1.000000 0.000000 1.000000 1.183216 0.000000 0.000000
 0.899444 1.000000 0.000000 1.000000 1.183216 0.000000 0.000000
 0.900556 1.000000 0.000000 1.000000 1.183216 0.000000 0.000000
 0.901667 1.000000 0.000000 1.000000 1.183216 0.000000 0.000000
 0.902778 1.000000 0.000000 1.000000 1.183216 0.000000 0.000000
 0.903889 1.000000 0.000000 1.000000 1.183216 0.000000 0.000000
 0.905000 1.000000 0.000000 1.000000 1.183216 0.000000 0.000000
 0.906111 1.000000 0.000000 1.000000 1.183216 0.000000 0.000000
 0.907222 1.000000 0.000000 1.000000 1.183216 0.000000 0.000000
 0.908333 1.000000 0.000000 1.000000 1.183216 0.000000 0.000000
 0.909444 1.000000 0.000000 1.000000 1.183216 0.000000 0.000000
 0.910556 1.000000 0.000000 1.000000 1.183216 0.000000 0.000000
 0.911667 1.000000 0.000000 1.000000 1.183216 0.000000 0.000000
 0.912778 1.000000 0.000000 1.000000 1.183216 0.000000 0.000000
 0.913889 1.000000 0.000000 1.000000 1.183216 0.000000 0.000000
 0.915000 1.000000 0.000000 1.000000 1.183216 0.000000 0.000000
 0.916111 1.000000 0.000000 1.000000 1.183216 0.000000 0.000000
 0.917222 1.000000 0.000000 1.000000 1.183216 0.000000 0.000000
 0.918333 1.000000 0.000000 1.000000 1.183216 0.000000 0.000000
 0.919444 1.000000 0.000000 1.000000 1.183216 0.000000 0.000000
 0.920556 1.000000 0.000000 1.000000 1.183216 0.000000 0.000000
 0.921667 1.000000 0.000000 1.000000 1.183216 0.000000 0.000000
 0.922778 1.000000 0.000000 1.000000 1.183216 0.000000 0.000000
 0.923889 1.000000 0.000000 1.000000 1.183216 0.000000 0.000000
 0.925000 1.000000 0.000000 1.000000 1.183216 0.000000 0.000000
 0.926111 1.000000 0.000000 1.000000 1.183216 0.000000 0.000000
 0.927222 1.000000 0.000000 1.000000 1.183216 0.000000 0.000000
 0.928333 1.000000 0.000000 1.000000 1.183216 0.000000 0.000000
 0.929444 1.000000 0.000000 1.000000 1.183216 0.000000 0.000000
 0.930556 1.000000 0.000000 1.000000 1.183216 0.000000 0.000000
 0.931667 1.000000 0.000000 1.000000 1.183216 0.000000 0.000000
 0.932778 1.000000 0.000000 1.000000 1.183216 0.000000 0.000000
 0.933889 1.000000 0.000000 1.000000 1.183216 0.000000 0.000000
 0.935000 1.000000 0.000000 1.000000 1.183216 0.000000 0.000000
 0.936111 1.000000 0.000000 1.000000 1.183216 0.000000 0.000000
 0.937222 1.000000 0.000000 1.000000 1.183216 0.000000 0.000000
 0.938333 1.000000 0.000000 1.000000 1.183216 0.000000 0.000000
 0.939444 1.000000 0.000000 1.000000 1.183216 0.000000 0.000000
 0.940556 1.000000 0.000000 1.000000 1.183216 0.000000 0.000000
 0.941667 1.000000 0.000000 1.000000 1.183216 0.000000 0.000000
 0.942778 1.000000 0.000000 1.000000 1.183216 0.000000 0.000000
 0.943889 1.000000 0.000000 1.000000 1.183216 0.000000 0.000000
 0.945000 1.000000 0.000000 1.000000 1.183216 0.000000 0.000000
 0.946111 1.000000 0.000000 1.000000 1.183216 0.000000 0.000000
 0.947222 1.000000 0.000000 1.000000 1.183216 0.000000 0.000000
 0.948333 1.000000 0.000000 1.000000 1.183216 0.000000 0.000000
 0.949444 1.000000 0.000000 1.000000 1.183216 0.000000 0.000000
 0.950556 1.000000 0.000000 1.000000 1.183216 0.000000 0.000000
 0.951667 1.000000 0.000000 1.000000 1.183216 0.000000 0.000000
 0.952778 1.000000 0.000000 1.000000 1.183216 0.000000 0.000000
 0.953889 1.000000 0.000000 1.000000 1.183216 0.000000 0.000000
 0.955000 1.000000 0.000000 1.000000 1.183216 0.000000 0.000000
 0.956111 1.000000 0.000000 1.000000 1.183216 0.000000 0.000000
 0.957222 1.000000 0.000000 1.000000 1.183216 0.000000 0.000000
 0.958333 1.000000 0.000000 1.000000 1.183216 0.000000 0.000000
 0.959444 1.000000 0.000000 1.000000 1.183216 0.000000 0.000000
 0.960556 1.000000 0.000000 1.000000 1.183216 0.000000 0.000000
 0.961667 1.000000 0.000000 1.000000 1.183216 0.000000 0.000000
 0.962778 1.000000 0.000000 1.000000 1.183216 0.000000 0.000000
 0.963889 1.000000 0.000000 1.000000 1.183216 0.000000 0.000000
 0.965000 1.000000 0.000000 1.000000 1.183216 0.000000 0.000000
 0.966111 1.000000 0.000000 1.000000 1.183216 0.000000 0.000000
 0.967222 1.000000 0.000000 1.000000 1.183216 0.000000 0.000000
 0.968333 1.000000 0.000000 1.000000 1.183216 0.000000 0.000000
 0.969444 1.000000 0.000000 1.000000 1.183216 0.000000 0.000000
 0.970556 1.000000 0.000000 1.000000 1.183216 0.000000 0.000000
 0.971667 1.000000 0.000000 1.000000 1.183216 0.000000 0.000000
 0.972778 1.000000 0.000000 1.000000 1.183216 0.000000 0.000000
 0.973889 1.000000 0.000000 1.000000 1.183216 0.000000 0.000000
 0.975000 1.000000 0.000000 1.000000 1.183216 0.000000 0.000000
 0.976111 1.000000 0.000000 1.000000 1.183216 0.000000 0.000000
 0.977222 1.000000 0.000000 1.000000 1.183216 0.000000 0.000000
 0.978333 1.000000 0.000000 1.000000 1.183216 0.000000 0.000000
 0.979444 1.000000 0.000000 1.000000 1.183216 0.000000 0.000000
 0.980556 1.000000 0.000000 1.000000 1.183216 0.000000 0.000000
 0.981667 1.000000 0.000000 1.000000 1.183216 0.000000 0.000000
 0.982778 1.000000 0.000000 1.000000 1.183216 0.000000 0.000000
 0.983889 1.000000 0.000000 1.000000 1.183216 0.000000 0.000000
 0.985000 1.000000 0.000000 1.000000 1.183216 0.000000 0.000000
 0.986111 1.000000 0.000000 1.000000 1.183216 0.000000 0.000000
 0.987222 1.000000 0.000000 1.000000 1.183216 0.000000 0.000000
 0.988333 1.000000 0.000000 1.000000 1.183216 0.000000 0.000000
 0.989444 1.000000 0.000000 1.000000 1.183216 0.000000 0.000000
 0.990556 1.000000 0.000000 1.000000 1.183216 0.000000 0.000000
 0.991667 1.000000 0.000000 1.000000 1.183216 0.000000 0.000000
 0.992778 1.000000 0.000000 1.000000 1.183216 0.000000 0.000000
 0.993889 1.000000 0.000000 1.000000 1.183216 0.000000 0.000000
 0.995000 1.000000 0.000000 1.000000 1.183216 0.000000 0.000000
 0.996111 1.000000 0.000000 1.000000 1.183216 0.000000 0.000000
 0.997222 1.000000 0.000000 1.000000 1.183216 0.000000 0.000000
 0.998333 1.000000 0.000000 1.000000 1.183216 0.000000 0.000000
 0.999444 1.000000 0.000000 1.000000 1.183216 0.000000 0.000000
