Timer: 0.172379
 0.000556 1.000000 0.750000 1.000000 1.183216 1.000000 0.000000
 0.001667 1.000000 0.750000 1.000000 1.183216 1.000000 0.000000
 0.002778 1.000000 0.750000 1.000000 1.183216 1.000000 0.000000
 0.003889 1.000000 0.750000 1.000000 1.183216 1.000000 0.000000
 0.005000 1.000000 0.750000 1.000000 1.183216 1.000000 0.000000
 0.006111 1.000000 0.750000 1.000000 1.183216 1.000000 0.000000
 0.007222 1.000000 0.750000 1.000000 1.183216 1.000000 0.000000
 0.008333 1.000000 0.750000 1.000000 1.183216 1.000000 0.000000
 0.009444 1.000000 0.750000 1.000000 1.183216 1.000000 0.000000
 0.010556 1.000000 0.750000 1.000000 1.183216 1.000000 0.000000
 0.011667 1.000000 0.750000 1.000000 1.183216 1.000000 0.000000
 0.012778 1.000000 0.750000 1.000000 1.183216 1.000000 0.000000
 0.013889 1.000000 0.750000 1.000000 1.183216 1.000000 0.000000
 0.015000 1.000000 0.750000 1.000000 1.183216 1.000000 0.000000
 0.016111 1.000000 0.750000 1.000000 1.183216 1.000000 0.000000
 0.017222 1.000000 0.750000 1.000000 1.183216 1.000000 0.000000
 0.018333 1.000000 0.750000 1.000000 1.183216 1.000000 0.000000
 0.019444 1.000000 0.750000 1.000000 1.183216 1.000000 0.000000
 0.020556 1.000000 0.750000 1.000000 1.183216 1.000000 0.000000
 0.021667 1.000000 0.750000 1.000000 1.183216 1.000000 0.000000
 0.022778 1.000000 0.750000 1.000000 1.183216 1.000000 0.000000
 0.023889 1.000000 0.750000 1.000000 1.183216 1.000000 0.000000
 0.025000 1.000000 0.750000 1.000000 1.183216 1.000000 0.000000
 0.026111 1.000000 0.750000 1.000000 1.183216 1.000000 0.000000
 0.027222 1.000000 0.750000 1.000000 1.183216 1.000000 0.000000
 0.028333 1.000000 0.750000 1.000000 1.183216 1.000000 0.000000
 0.029444 1.000000 0.750000 1.000000 1.183216 1.000000 0.000000
 0.030556 1.000000 0.750000 1.000000 1.183216 1.000000 0.000000
 0.031667 1.000000 0.750000 1.000000 1.183216 1.000000 0.000000
 0.032778 1.000000 0.750000 1.000000 1.183216 1.000000 0.000000
 0.033889 1.000000 0.750000 1.000000 1.183216 1.000000 0.000000
 0.035000 1.000000 0.750000 1.000000 1.183216 1.000000 0.000000
 0.036111 1.000000 0.750000 1.000000 1.183216 1.000000 0.000000
 0.037222 1.000000 0.750000 1.000000 1.183216 1.000000 0.000000
 0.038333 1.000000 0.750000 1.000000 1.183216 1.000000 0.000000
 0.039444 1.000000 0.750000 1.000000 1.183216 1.000000 0.000000
 0.040556 1.000000 0.750000 1.000000 1.183216 1.000000 0.000000
 0.041667 1.000000 0.750000 1.000000 1.183216 1.000000 0.000000
 0.042778 1.000000 0.750000 1.000000 1.183216 1.000000 0.000000
 0.043889 1.000000 0.750000 1.000000 1.183216 1.000000 0.000000
 0.045000 1.000000 0.750000 1.000000 1.183216 1.000000 0.000000
 0.046111 1.000000 0.750000 1.000000 1.183216 1.000000 0.000000
 0.047222 1.000000 0.750000 1.000000 1.183216 1.000000 0.000000
 0.048333 1.000000 0.750000 1.000000 1.183216 1.000000 0.000000
 0.049444 1.000000 0.750000 1.000000 1.183216 1.000000 0.000000
 0.050556 1.000000 0.750000 1.000000 1.183216 1.000000 0.000000
 0.051667 1.000000 0.750000 1.000000 1.183216 1.000000 0.000000
 0.052778 1.000000 0.750000 1.000000 1.183216 1.000000 0.000000
 0.053889 1.000000 0.750000 1.000000 1.183216 1.000000 0.000000
 0.055000 1.000000 0.750000 1.000000 1.183216 1.000000 0.000000
 0.056111 1.000000 0.750000 1.000000 1.183216 1.000000 0.000000
 0.057222 1.000000 0.750000 1.000000 1.183216 1.000000 0.000000
 0.058333 1.000000 0.750000 1.000000 1.183216 1.000000 0.000000
 0.059444 1.000000 0.750000 1.000000 1.183216 1.000000 0.000000
 0.060556 1.000000 0.750000 1.000000 1.183216 1.000000 0.000000
 0.061667 1.000000 0.750000 1.000000 1.183216 1.000000 0.000000
 0.062778 1.000000 0.750000 1.000000 1.183216 1.000000 0.000000
 0.063889 1.000000 0.750000 1.000000 1.183216 1.000000 0.000000
 0.065000 1.000000 0.750000 1.000000 1.183216 1.000000 0.000000
 0.066111 1.000000 0.750000 1.000000 1.183216 1.000000 0.000000
 0.067222 1.000000 0.750000 1.000000 1.183216 1.000000 0.000000
 0.068333 1.000000 0.750000 1.000000 1.183216 1.000000 0.000000
 0.069444 1.000000 0.750000 1.000000 1.183216 1.000000 0.000000
 0.070556 1.000000 0.750000 1.000000 1.183216 1.000000 0.000000
 0.071667 1.000000 0.750000 1.000000 1.183216 1.000000 0.000000
 0.072778 1.000000 0.750000 1.000000 1.183216 1.000000 0.000000
 0.073889 1.000000 0.750000 1.000000 1.183216 1.000000 0.000000
 0.075000 1.000000 0.750000 1.000000 1.183216 1.000000 0.000000
 0.076111 1.000000 0.750000 1.000000 1.183216 1.000000 0.000000
 0.077222 1.000000 0.750000 1.000000 1.183216 1.000000 0.000000
 0.078333 1.000000 0.750000 1.000000 1.183216 1.000000 0.000000
 0.079444 1.000000 0.750000 1.000000 1.183216 1.000000 0.000000
 0.080556 1.000000 0.750000 1.000000 1.183216 1.000000 0.000000
 0.081667 1.000000 0.750000 1.000000 1.183216 1.000000 0.000000
 0.082778 1.000000 0.750000 1.000000 1.183216 1.000000 0.000000
 0.083889 1.000000 0.750000 1.000000 1.183216 1.000000 0.000000
 0.085000 1.000000 0.750000 1.000000 1.183216 1.000000 0.000000
 0.086111 1.000000 0.750000 1.000000 1.183216 1.000000 0.000000
 0.087222 1.000000 0.750000 1.000000 1.183216 1.000000 0.000000
 0.088333 1.000000 0.750000 1.000000 1.183216 1.000000 0.000000
 0.089444 1.000000 0.750000 1.000000 1.183216 1.000000 0.000000
 0.090556 1.000000 0.750000 1.000000 1.183216 1.000000 0.000000
 0.091667 1.000000 0.750000 1.000000 1.183216 1.000000 0.000000
 0.092778 1.000000 0.750000 1.000000 1.183216 1.000000 0.000000
 0.093889 1.000000 0.750000 1.000000 1.183216 1.000000 0.000000
 0.095000 1.000000 0.750000 1.000000 1.183216 1.000000 0.000000
 0.096111 1.000000 0.750000 1.000000 1.183216 1.000000 0.000000
 0.097222 1.000000 0.750000 1.000000 1.183216 1.000000 0.000000
 0.098333 1.000000 0.750000 1.000000 1.183216 1.000000 0.000000
 0.099444 1.000000 0.750000 1.000000 1.183216 1.000000 0.000000
 0.100556 1.000000 0.750000 1.000000 1.183216 1.000000 0.000000
 0.101667 1.000000 0.750000 1.000000 1.183216 1.000000 0.000000
 0.102778 1.000000 0.750000 1.000000 1.183216 1.000000 0.000000
 0.103889 1.000000 0.750000 1.000000 1.183216 1.000000 0.000000
 0.105000 1.000000 0.750000 1.000000 1.183216 1.000000 0.000000
 0.106111 1.000000 0.750000 1.000000 1.183216 1.000000 0.000000
 0.107222 1.000000 0.750000 1.000000 1.183216 1.000000 0.000000
 0.108333 1.000000 0.750000 1.000000 1.183216 1.000000 0.000000
 0.109444 1.000000 0.750000 1.000000 1.183216 1.000000 0.000000
 0.110556 1.000000 0.750000 1.000000 1.183216 1.000000 0.000000
 0.111667 1.000000 0.750000 1.000000 1.183216 1.000000 0.000000
 0.112778 1.000000 0.750000 1.000000 1.183216 1.000000 0.000000
 0.113889 1.000000 0.750000 1.000000 1.183216 1.000000 0.000000
 0.115000 1.000000 0.750000 1.000000 1.183216 1.000000 0.000000
 0.116111 1.000000 0.750000 1.000000 1.183216 1.000000 0.000000
 0.117222 1.000000 0.750000 1.000000 1.183216 1.000000 0.000000
 0.118333 1.000000 0.750000 1.000000 1.183216 1.000000 0.000000
 0.119444 1.000000 0.750000 1.000000 1.183216 1.000000 0.000000
 0.120556 1.000000 0.750000 1.000000 1.183216 1.000000 0.000000
 0.121667 1.000000 0.750000 1.000000 1.183216 1.000000 0.000000
 0.122778 1.000000 0.750000 1.000000 1.183216 1.000000 0.000000
 0.123889 1.000000 0.750000 1.000000 1.183216 1.000000 0.000000
 0.125000 1.000000 0.750000 1.000000 1.183216 1.000000 0.000000
 0.126111 1.000000 0.750000 1.000000 1.183216 1.000000 0.000000
 0.127222 1.000000 0.750000 1.000000 1.183216 1.000000 0.000000
 0.128333 1.000000 0.750000 1.000000 1.183216 1.000000 0.000000
 0.129444 1.000000 0.750000 1.000000 1.183216 1.000000 0.000000
 0.130556 1.000000 0.750000 1.000000 1.183216 1.000000 0.000000
 0.131667 1.000000 0.750000 1.000000 1.183216 1.000000 0.000000
 0.132778 1.000000 0.750000 1.000000 1.183216 1.000000 0.000000
 0.133889 1.000000 0.750000 1.000000 1.183216 1.000000 0.000000
 0.135000 1.000000 0.750000 1.000000 1.183216 1.000000 0.000000
 0.136111 1.000000 0.750000 1.000000 1.183216 1.000000 0.000000
 0.137222 1.000000 0.750000 1.000000 1.183216 1.000000 0.000000
 0.138333 1.000000 0.750000 1.000000 1.183216 1.000000 0.000000
 0.139444 1.000000 0.750000 1.000000 1.183216 1.000000 0.000000
 0.140556 1.000000 0.750000 1.000000 1.183216 1.000000 0.000000
 0.141667 1.000000 0.750000 1.000000 1.183216 1.000000 0.000000
 0.142778 1.000000 0.750000 1.000000 1.183216 1.000000 0.000000
 0.143889 1.000000 0.750000 1.000000 1.183216 1.000000 0.000000
 0.145000 1.000000 0.750000 1.000000 1.183216 1.000000 0.000000
 0.146111 1.000000 0.750000 1.000000 1.183216 1.000000 0.000000
 0.147222 1.000000 0.750000 1.000000 1.183216 1.000000 0.000000
 0.148333 1.000000 0.750000 1.000000 1.183216 1.000000 0.000000
 0.149444 1.000000 0.750000 1.000000 1.183216 1.000000 0.000000
 0.150556 1.000000 0.750000 1.000000 1.183216 1.000000 0.000000
 0.151667 1.000000 0.750000 1.000000 1.183216 1.000000 0.000000
 0.152778 1.000000 0.750000 1.000000 1.183216 1.000000 0.000000
 0.153889 1.000000 0.750000 1.000000 1.183216 1.000000 0.000000
 0.155000 1.000000 0.750000 1.000000 1.183216 1.000000 0.000000
 0.156111 1.000000 0.750000 1.000000 1.183216 1.000000 0.000000
 0.157222 1.000000 0.750000 1.000000 1.183216 1.000000 0.000000
 0.158333 1.000000 0.750000 1.000000 1.183216 1.000000 0.000000
 0.159444 1.000000 0.750000 1.000000 1.183216 1.000000 0.000000
 0.160556 1.000000 0.750000 1.000000 1.183216 1.000000 0.000000
 0.161667 1.000000 0.750000 1.000000 1.183216 1.000000 0.000000
 0.162778 1.000000 0.750000 1.000000 1.183216 1.000000 0.000000
 0.163889 1.000000 0.750000 1.000000 1.183216 1.000000 0.000000
 0.165000 1.000000 0.750000 1.000000 1.183216 1.000000 0.000000
 0.166111 1.000000 0.750000 1.000000 1.183216 1.000000 0.000000
 0.167222 1.000000 0.750000 1.000000 1.183216 1.000000 0.000000
 0.168333 1.000000 0.750000 1.000000 1.183216 1.000000 0.000000
 0.169444 1.000000 0.750000 1.000000 1.183216 1.000000 0.000000
 0.170556 1.000000 0.750000 1.000000 1.183216 1.000000 0.000000
 0.171667 1.000000 0.750000 1.000000 1.183216 1.000000 0.000000
 0.172778 1.000000 0.750000 1.000000 1.183216 1.000000 0.000000
 0.173889 1.000000 0.750000 1.000000 1.183216 1.000000 0.000000
 0.175000 1.000000 0.750000 1.000000 1.183216 1.000000 0.000000
 0.176111 1.000000 0.750000 1.000000 1.183216 1.000000 0.000000
 0.177222 1.000000 0.750000 1.000000 1.183216 1.000000 0.000000
 0.178333 1.000000 0.750000 1.000000 1.183216 1.000000 0.000000
 0.179444 1.000000 0.750000 1.000000 1.183216 1.000000 0.000000
 0.180556 1.000000 0.750000 1.000000 1.183216 1.000000 0.000000
 0.181667 1.000000 0.750000 1.000000 1.183216 1.000000 0.000000
 0.182778 1.000000 0.750000 1.000000 1.183216 1.000000 0.000000
 0.183889 1.000000 0.750000 1.000000 1.183216 1.000000 0.000000
 0.185000 0.999999 0.750001 0.999999 1.183216 1.000000 0.000000
 0.186111 0.999999 0.750001 0.999999 1.183216 1.000000 0.000000
 0.187222 0.999999 0.750002 0.999998 1.183216 1.000000 0.000000
 0.188333 0.999998 0.750003 0.999997 1.183215 1.000000 0.000000
 0.189444 0.999997 0.750004 0.999995 1.183215 1.000000 0.000000
 0.190556 0.999995 0.750006 0.999993 1.183215 1.000000 0.000000
 0.191667 0.999992 0.750009 0.999989 1.183214 1.000000 0.000000
 0.192778 0.999988 0.750014 0.999983 1.183213 1.000000 0.000000
 0.193889 0.999982 0.750021 0.999975 1.183212 1.000000 0.000000
 0.195000 0.999973 0.750032 0.999963 1.183210 1.000000 0.000000
 0.196111 0.999961 0.750046 0.999945 1.183207 1.000000 0.000000
 0.197222 0.999943 0.750067 0.999920 1.183202 1.000000 0.000000
 0.198333 0.999918 0.750097 0.999885 1.183197 1.000000 0.000000
 0.199444 0.999884 0.750137 0.999838 1.183188 1.000000 0.000000
 0.200556 0.999837 0.750193 0.999772 1.183177 1.000000 0.000000
 0.201667 0.999774 0.750267 0.999684 1.183163 1.000000 0.000000
 0.202778 0.999690 0.750366 0.999567 1.183143 1.000000 0.000000
 0.203889 0.999581 0.750496 0.999413 1.183117 1.000000 0.000000
 0.205000 0.999438 0.750665 0.999213 1.183083 1.000000 0.000000
 0.206111 0.999256 0.750881 0.998958 1.183040 1.000000 0.000000
 0.207222 0.999026 0.751153 0.998636 1.182985 1.000000 0.000000
 0.208333 0.998739 0.751493 0.998235 1.182917 1.000000 0.000000
 0.209444 0.998386 0.751911 0.997741 1.182834 1.000000 0.000000
 0.210556 0.997957 0.752419 0.997141 1.182732 1.000000 0.000000
 0.211667 0.997442 0.753030 0.996421 1.182610 1.000000 0.000000
 0.212778 0.996831 0.753754 0.995567 1.182465 1.000000 0.000000
 0.213889 0.996116 0.754603 0.994567 1.182296 1.000001 0.000000
 0.215000 0.995287 0.755587 0.993409 1.182099 1.000001 0.000000
 0.216111 0.994338 0.756715 0.992083 1.181874 1.000001 0.000000
 0.217222 0.993262 0.757994 0.990580 1.181618 1.000001 0.000000
 0.218333 0.992054 0.759431 0.988895 1.181331 1.000002 0.000000
 0.219444 0.990712 0.761029 0.987024 1.181011 1.000002 0.000000
 0.220556 0.989235 0.762791 0.984964 1.180659 1.000003 0.000000
 0.221667 0.987622 0.764717 0.982718 1.180274 1.000003 0.000000
 0.222778 0.985876 0.766805 0.980286 1.179857 1.000004 0.000000
 0.223889 0.983999 0.769052 0.977676 1.179408 1.000005 0.000000
 0.225000 0.981996 0.771454 0.974892 1.178928 1.000006 0.000000
 0.226111 0.979873 0.774004 0.971943 1.178418 1.000007 0.000000
 0.227222 0.977636 0.776697 0.968839 1.177880 1.000008 0.000000
 0.228333 0.975292 0.779523 0.965589 1.177316 1.000009 0.000000
 0.229444 0.972848 0.782474 0.962205 1.176726 1.000011 0.000000
 0.230556 0.970314 0.785542 0.958699 1.176113 1.000012 0.000000
 0.231667 0.967697 0.788716 0.955083 1.175479 1.000014 0.000000
 0.232778 0.965007 0.791986 0.951369 1.174825 1.000015 0.000000
 0.233889 0.962252 0.795343 0.947570 1.174155 1.000017 0.000000
 0.235000 0.959441 0.798775 0.943699 1.173469 1.000018 0.000000
 0.236111 0.956583 0.802273 0.939768 1.172770 1.000020 0.000000
 0.237222 0.953689 0.805824 0.935791 1.172061 1.000022 0.000000
 0.238333 0.950766 0.809418 0.931780 1.171342 1.000023 0.000000
 0.239444 0.947826 0.813044 0.927749 1.170618 1.000025 0.000000
 0.240556 0.944876 0.816689 0.923712 1.169889 1.000027 0.000000
 0.241667 0.941929 0.820342 0.919682 1.169160 1.000028 0.000000
 0.242778 0.938994 0.823988 0.915674 1.168431 1.000030 0.000000
 0.243889 0.936081 0.827615 0.911702 1.167706 1.000032 0.000000
 0.245000 0.933204 0.831207 0.907782 1.166988 1.000033 0.000000
 0.246111 0.930373 0.834750 0.903930 1.166280 1.000035 0.000000
 0.247222 0.927601 0.838227 0.900163 1.165585 1.000036 0.000000
 0.248333 0.924902 0.841621 0.896499 1.164907 1.000037 0.000000
 0.249444 0.922290 0.844913 0.892958 1.164249 1.000038 0.000000
 0.250556 0.919779 0.848085 0.889557 1.163615 1.000039 0.000000
 0.251667 0.917384 0.851116 0.886318 1.163009 1.000040 0.000000
 0.252778 0.915121 0.853986 0.883259 1.162435 1.000041 0.000000
 0.253889 0.913005 0.856676 0.880400 1.161897 1.000042 0.000000
 0.255000 0.911047 0.859168 0.877760 1.161399 1.000042 0.000000
 0.256111 0.909262 0.861446 0.875352 1.160944 1.000043 0.000000
 0.257222 0.907657 0.863495 0.873191 1.160534 1.000043 0.000000
 0.258333 0.906240 0.865308 0.871283 1.160171 1.000044 0.000000
 0.259444 0.905011 0.866880 0.869630 1.159857 1.000044 0.000000
 0.260556 0.903969 0.868216 0.868229 1.159590 1.000044 0.000000
 0.261667 0.903106 0.869323 0.867069 1.159368 1.000044 0.000000
 0.262778 0.902409 0.870218 0.866132 1.159189 1.000044 0.000000
 0.263889 0.901861 0.870922 0.865396 1.159049 1.000045 0.000000
 0.265000 0.901444 0.871458 0.864836 1.158941 1.000045 0.000000
 0.266111 0.901136 0.871854 0.864422 1.158862 1.000045 0.000000
 0.267222 0.900916 0.872136 0.864128 1.158806 1.000045 0.000000
 0.268333 0.900765 0.872330 0.863925 1.158767 1.000045 0.000000
 0.269444 0.900665 0.872459 0.863790 1.158742 1.000046 0.000000
 0.270556 0.900601 0.872541 0.863705 1.158725 1.000046 0.000000
 0.271667 0.900563 0.872590 0.863653 1.158715 1.000046 0.000000
 0.272778 0.900540 0.872619 0.863624 1.158710 1.000046 0.000000
 0.273889 0.900528 0.872634 0.863607 1.158707 1.000046 0.000000
 0.275000 0.900522 0.872642 0.863599 1.158705 1.000047 0.000000
 0.276111 0.900519 0.872645 0.863596 1.158705 1.000047 0.000000
 0.277222 0.900518 0.872646 0.863595 1.158705 1.000047 0.000000
 0.278333 0.900518 0.872646 0.863595 1.158705 1.000047 0.000000
 0.279444 0.900519 0.872645 0.863596 1.158705 1.000048 0.000000
 0.280556 0.900519 0.872644 0.863597 1.158705 1.000048 0.000000
 0.281667 0.900520 0.872643 0.863598 1.158706 1.000048 0.000000
 0.282778 0.900521 0.872642 0.863599 1.158706 1.000048 0.000000
 0.283889 0.900521 0.872641 0.863600 1.158706 1.000048 0.000000
 0.285000 0.900522 0.872640 0.863601 1.158707 1.000049 0.000000
 0.286111 0.900522 0.872639 0.863602 1.158707 1.000049 0.000000
 0.287222 0.900523 0.872638 0.863603 1.158707 1.000049 0.000000
 0.288333 0.900523 0.872638 0.863604 1.158707 1.000049 0.000000
 0.289444 0.900524 0.872637 0.863604 1.158708 1.000050 0.000000
 0.290556 0.900524 0.872636 0.863605 1.158708 1.000050 0.000000
 0.291667 0.900524 0.872636 0.863606 1.158708 1.000050 0.000000
 0.292778 0.900525 0.872635 0.863606 1.158708 1.000050 0.000000
 0.293889 0.900525 0.872634 0.863607 1.158708 1.000051 0.000000
 0.295000 0.900525 0.872634 0.863608 1.158709 1.000051 0.000000
 0.296111 0.900526 0.872633 0.863608 1.158709 1.000051 0.000000
 0.297222 0.900526 0.872633 0.863609 1.158709 1.000051 0.000000
 0.298333 0.900526 0.872632 0.863609 1.158709 1.000052 0.000000
 0.299444 0.906797 0.951592 0.950340 1.211291 1.089846 0.000000
 0.300556 0.550460 1.427584 0.427513 1.042740 0.986128 0.000000
 0.301667 0.550460 1.427584 0.427513 1.042740 0.986129 0.000000
 0.302778 0.550460 1.427584 0.427513 1.042740 0.986129 0.000000
 0.303889 0.550459 1.427584 0.427513 1.042740 0.986129 0.000000
 0.305000 0.550459 1.427584 0.427513 1.042740 0.986129 0.000000
 0.306111 0.550459 1.427584 0.427513 1.042740 0.986129 0.000000
 0.307222 0.550459 1.427584 0.427513 1.042740 0.986130 0.000000
 0.308333 0.550459 1.427584 0.427513 1.042740 0.986130 0.000000
 0.309444 0.550459 1.427584 0.427513 1.042740 0.986130 0.000000
 0.310556 0.550459 1.427584 0.427513 1.042740 0.986130 0.000000
 0.311667 0.550459 1.427584 0.427513 1.042740 0.986130 0.000000
 0.312778 0.550459 1.427584 0.427513 1.042740 0.986130 0.000000
 0.313889 0.550459 1.427584 0.427513 1.042740 0.986131 0.000000
 0.315000 0.550459 1.427584 0.427513 1.042741 0.986131 0.000000
 0.316111 0.550459 1.427584 0.427513 1.042741 0.986131 0.000000
 0.317222 0.550459 1.427584 0.427513 1.042741 0.986131 0.000000
 0.318333 0.550458 1.427584 0.427513 1.042741 0.986131 0.000000
 0.319444 0.550458 1.427584 0.427513 1.042741 0.986132 0.000000
 0.320556 0.550458 1.427584 0.427513 1.042741 0.986132 0.000000
 0.321667 0.550458 1.427584 0.427513 1.042741 0.986132 0.000000
 0.322778 0.550458 1.427584 0.427513 1.042741 0.986132 0.000000
 0.323889 0.550458 1.427584 0.427513 1.042741 0.986132 0.000000
 0.325000 0.550458 1.427584 0.427513 1.042741 0.986133 0.000000
 0.326111 0.550458 1.427584 0.427513 1.042741 0.986133 0.000000
 0.327222 0.550458 1.427584 0.427513 1.042741 0.986133 0.000000
 0.328333 0.550458 1.427584 0.427513 1.042741 0.986133 0.000000
 0.329444 0.550458 1.427584 0.427513 1.042742 0.986133 0.000000
 0.330556 0.550458 1.427584 0.427513 1.042742 0.986134 0.000000
 0.331667 0.550458 1.427584 0.427513 1.042742 0.986134 0.000000
 0.332778 0.550458 1.427584 0.427513 1.042742 0.986134 0.000000
 0.333889 0.550458 1.427584 0.427513 1.042742 0.986134 0.000000
 0.335000 0.550458 1.427583 0.427513 1.042742 0.986135 0.000000
 0.336111 0.550458 1.427582 0.427514 1.042742 0.986135 0.000000
 0.337222 0.550459 1.427580 0.427515 1.042743 0.986135 0.000000
 0.338333 0.550461 1.427576 0.427517 1.042744 0.986135 0.000000
 0.339444 0.550465 1.427569 0.427522 1.042745 0.986135 0.000000
 0.340556 0.550472 1.427556 0.427529 1.042748 0.986136 0.000000
 0.341667 0.550483 1.427534 0.427542 1.042753 0.986136 0.000000
 0.342778 0.550504 1.427495 0.427564 1.042760 0.986136 0.000000
 0.343889 0.550537 1.427431 0.427601 1.042773 0.986136 0.000000
 0.345000 0.550592 1.427328 0.427660 1.042794 0.986137 0.000000
 0.346111 0.550678 1.427164 0.427754 1.042827 0.986137 0.000000
 0.347222 0.550811 1.426911 0.427899 1.042877 0.986137 0.000000
 0.348333 0.551013 1.426530 0.428118 1.042954 0.986137 0.000000
 0.349444 0.551310 1.425968 0.428442 1.043066 0.986138 0.000000
 0.350556 0.551738 1.425158 0.428908 1.043229 0.986138 0.000000
 0.351667 0.552340 1.424019 0.429564 1.043457 0.986139 0.000000
 0.352778 0.553167 1.422458 0.430464 1.043769 0.986139 0.000000
 0.353889 0.554269 1.420378 0.431666 1.044185 0.986140 0.000000
 0.355000 0.555697 1.417690 0.433224 1.044723 0.986142 0.000000
 0.356111 0.557484 1.414332 0.435177 1.045396 0.986144 0.000000
 0.357222 0.559641 1.410292 0.437537 1.046205 0.986147 0.000000
 0.358333 0.562136 1.405631 0.440273 1.047138 0.986151 0.000000
 0.359444 0.564897 1.400495 0.443304 1.048167 0.986156 0.000000
 0.360556 0.567806 1.395103 0.446507 1.049247 0.986161 0.000000
 0.361667 0.570724 1.389718 0.449724 1.050326 0.986166 0.000000
 0.362778 0.573507 1.384602 0.452799 1.051351 0.986170 0.000000
 0.363889 0.576037 1.379969 0.455600 1.052278 0.986173 0.000000
 0.365000 0.578235 1.375956 0.458037 1.053082 0.986176 0.000000
 0.366111 0.580070 1.372618 0.460074 1.053750 0.986178 0.000000
 0.367222 0.581547 1.369936 0.461716 1.054287 0.986179 0.000000
 0.368333 0.582700 1.367846 0.462998 1.054705 0.986180 0.000000
 0.369444 0.583577 1.366259 0.463974 1.055023 0.986181 0.000000
 0.370556 0.584229 1.365080 0.464701 1.055259 0.986182 0.000000
 0.371667 0.584706 1.364220 0.465232 1.055431 0.986182 0.000000
 0.372778 0.585048 1.363601 0.465614 1.055555 0.986183 0.000000
 0.373889 0.585292 1.363160 0.465886 1.055644 0.986183 0.000000
 0.375000 0.585465 1.362849 0.466078 1.055706 0.986183 0.000000
 0.376111 0.585586 1.362631 0.466213 1.055750 0.986184 0.000000
 0.377222 0.585671 1.362477 0.466308 1.055781 0.986184 0.000000
 0.378333 0.585731 1.362368 0.466376 1.055803 0.986185 0.000000
 0.379444 0.585774 1.362289 0.466424 1.055819 0.986185 0.000000
 0.380556 0.585806 1.362232 0.466460 1.055830 0.986186 0.000000
 0.381667 0.585830 1.362189 0.466486 1.055839 0.986186 0.000000
 0.382778 0.585848 1.362155 0.466507 1.055846 0.986187 0.000000
 0.383889 0.585863 1.362128 0.466524 1.055852 0.986187 0.000000
 0.385000 0.585875 1.362106 0.466538 1.055856 0.986188 0.000000
 0.386111 0.585886 1.362087 0.466550 1.055860 0.986188 0.000000
 0.387222 0.585895 1.362070 0.466560 1.055864 0.986188 0.000000
 0.388333 0.585903 1.362055 0.466569 1.055867 0.986189 0.000000
 0.389444 0.585910 1.362042 0.466577 1.055870 0.986189 0.000000
 0.390556 0.585916 1.362030 0.466585 1.055872 0.986190 0.000000
 0.391667 0.585922 1.362019 0.466592 1.055875 0.986190 0.000000
 0.392778 0.585928 1.362008 0.466598 1.055877 0.986191 0.000000
 0.393889 0.585933 1.361999 0.466604 1.055879 0.986191 0.000000
 0.395000 0.585937 1.361991 0.466609 1.055881 0.986192 0.000000
 0.396111 0.585942 1.361983 0.466614 1.055883 0.986193 0.000000
 0.397222 0.585945 1.361975 0.466619 1.055885 0.986193 0.000000
 0.398333 0.585949 1.361968 0.466623 1.055886 0.986194 0.000000
 0.399444 0.585952 1.361962 0.466627 1.055888 0.986194 0.000000
 0.400556 0.585955 1.361956 0.466630 1.055889 0.986195 0.000000
 0.401667 0.585958 1.361951 0.466634 1.055890 0.986195 0.000000
 0.402778 0.585961 1.361945 0.466637 1.055892 0.986196 0.000000
 0.403889 0.585963 1.361941 0.466640 1.055893 0.986196 0.000000
 0.405000 0.585965 1.361936 0.466643 1.055894 0.986197 0.000000
 0.406111 0.585967 1.361932 0.466645 1.055895 0.986198 0.000000
 0.407222 0.585969 1.361928 0.466648 1.055896 0.986198 0.000000
 0.408333 0.585971 1.361924 0.466650 1.055897 0.986199 0.000000
 0.409444 0.585973 1.361921 0.466652 1.055898 0.986199 0.000000
 0.410556 0.585974 1.361918 0.466654 1.055899 0.986200 0.000000
 0.411667 0.585976 1.361915 0.466656 1.055900 0.986201 0.000000
 0.412778 0.585977 1.361912 0.466658 1.055900 0.986201 0.000000
 0.413889 0.585978 1.361909 0.466659 1.055901 0.986202 0.000000
 0.415000 0.585979 1.361907 0.466661 1.055902 0.986203 0.000000
 0.416111 0.585980 1.361904 0.466662 1.055903 0.986203 0.000000
 0.417222 0.585981 1.361902 0.466664 1.055903 0.986204 0.000000
 0.418333 0.585982 1.361900 0.466665 1.055904 0.986205 0.000000
 0.419444 0.585983 1.361898 0.466666 1.055905 0.986206 0.000000
 0.420556 0.585984 1.361896 0.466668 1.055905 0.986206 0.000000
 0.421667 0.585985 1.361894 0.466669 1.055906 0.986207 0.000000
 0.422778 0.585985 1.361892 0.466670 1.055907 0.986208 0.000000
 0.423889 0.585986 1.361890 0.466671 1.055907 0.986209 0.000000
 0.425000 0.585986 1.361889 0.466672 1.055908 0.986209 0.000000
 0.426111 0.585987 1.361887 0.466673 1.055909 0.986210 0.000000
 0.427222 0.585987 1.361886 0.466674 1.055909 0.986211 0.000000
 0.428333 0.585988 1.361884 0.466675 1.055910 0.986212 0.000000
 0.429444 0.585988 1.361883 0.466676 1.055910 0.986213 0.000000
 0.430556 0.585989 1.361881 0.466676 1.055911 0.986213 0.000000
 0.431667 0.585989 1.361880 0.466677 1.055912 0.986214 0.000000
 0.432778 0.585989 1.361879 0.466678 1.055912 0.986215 0.000000
 0.433889 0.585990 1.361878 0.466679 1.055913 0.986216 0.000000
 0.435000 0.585990 1.361877 0.466679 1.055913 0.986217 0.000000
 0.436111 0.585990 1.361875 0.466680 1.055914 0.986218 0.000000
 0.437222 0.585990 1.361874 0.466681 1.055914 0.986219 0.000000
 0.438333 0.585990 1.361873 0.466681 1.055915 0.986220 0.000000
 0.439444 0.585991 1.361872 0.466682 1.055916 0.986221 0.000000
 0.440556 0.585991 1.361871 0.466683 1.055916 0.986222 0.000000
 0.441667 0.585991 1.361871 0.466683 1.055917 0.986223 0.000000
 0.442778 0.585991 1.361870 0.466684 1.055917 0.986224 0.000000
 0.443889 0.585991 1.361869 0.466684 1.055918 0.986225 0.000000
 0.445000 0.585991 1.361868 0.466685 1.055919 0.986226 0.000000
 0.446111 0.585991 1.361867 0.466685 1.055919 0.986227 0.000000
 0.447222 0.585991 1.361866 0.466686 1.055920 0.986228 0.000000
 0.448333 0.585991 1.361866 0.466686 1.055920 0.986230 0.000000
 0.449444 0.585990 1.361865 0.466687 1.055921 0.986231 0.000000
 0.450556 0.585990 1.361864 0.466687 1.055921 0.986232 0.000000
 0.451667 0.585990 1.361864 0.466687 1.055922 0.986233 0.000000
 0.452778 0.585990 1.361863 0.466688 1.055923 0.986234 0.000000
 0.453889 0.585990 1.361862 0.466688 1.055923 0.986236 0.000000
 0.455000 0.585989 1.361862 0.466689 1.055924 0.986237 0.000000
 0.456111 0.585989 1.361861 0.466689 1.055925 0.986239 0.000000
 0.457222 0.585989 1.361861 0.466689 1.055925 0.986240 0.000000
 0.458333 0.585989 1.361860 0.466690 1.055926 0.986241 0.000000
 0.459444 0.585988 1.361859 0.466690 1.055927 0.986243 0.000000
 0.460556 0.585988 1.361859 0.466690 1.055927 0.986245 0.000000
 0.461667 0.585987 1.361858 0.466691 1.055928 0.986246 0.000000
 0.462778 0.585987 1.361858 0.466691 1.055929 0.986248 0.000000
 0.463889 0.585986 1.361857 0.466691 1.055930 0.986250 0.000000
 0.465000 0.585986 1.361857 0.466691 1.055931 0.986252 0.000000
 0.466111 0.585985 1.361857 0.466692 1.055931 0.986254 0.000000
 0.467222 0.585985 1.361856 0.466692 1.055932 0.986256 0.000000
 0.468333 0.585984 1.361856 0.466692 1.055933 0.986258 0.000000
 0.469444 0.585983 1.361855 0.466692 1.055934 0.986261 0.000000
 0.470556 0.585982 1.361855 0.466693 1.055935 0.986264 0.000000
 0.471667 0.585981 1.361855 0.466693 1.055937 0.986267 0.000000
 0.472778 0.585980 1.361854 0.466693 1.055938 0.986270 0.000000
 0.473889 0.585978 1.361854 0.466693 1.055940 0.986275 0.000000
 0.475000 0.585976 1.361853 0.466694 1.055942 0.986280 0.000000
 0.476111 0.585974 1.361853 0.466694 1.055944 0.986286 0.000000
 0.477222 0.585971 1.361853 0.466694 1.055947 0.986293 0.000000
 0.478333 0.585967 1.361852 0.466694 1.055951 0.986302 0.000000
 0.479444 0.585962 1.361852 0.466694 1.055955 0.986314 0.000000
 0.480556 0.585956 1.361852 0.466695 1.055961 0.986328 0.000000
 0.481667 0.585949 1.361852 0.466695 1.055968 0.986346 0.000000
 0.482778 0.585939 1.361851 0.466695 1.055977 0.986370 0.000000
 0.483889 0.585926 1.361851 0.466695 1.055988 0.986400 0.000000
 0.485000 0.585910 1.361851 0.466695 1.056003 0.986439 0.000000
 0.486111 0.585889 1.361850 0.466695 1.056022 0.986489 0.000000
 0.487222 0.585862 1.361850 0.466696 1.056047 0.986553 0.000000
 0.488333 0.585827 1.361850 0.466696 1.056079 0.986635 0.000000
 0.489444 0.585783 1.361850 0.466696 1.056119 0.986740 0.000000
 0.490556 0.585726 1.361849 0.466696 1.056170 0.986874 0.000000
 0.491667 0.585654 1.361849 0.466696 1.056235 0.987044 0.000000
 0.492778 0.585564 1.361849 0.466696 1.056317 0.987258 0.000000
 0.493889 0.585450 1.361849 0.466696 1.056419 0.987527 0.000000
 0.495000 0.585308 1.361849 0.466696 1.056548 0.987863 0.000000
 0.496111 0.585131 1.361848 0.466697 1.056708 0.988281 0.000000
 0.497222 0.584912 1.361848 0.466697 1.056905 0.988798 0.000000
 0.498333 0.584644 1.361848 0.466697 1.057148 0.989434 0.000000
 0.499444 0.584316 1.361848 0.466697 1.057445 0.990212 0.000000
 0.500556 0.583918 1.361848 0.466697 1.057805 0.991158 0.000000
 0.501667 0.583437 1.361848 0.466697 1.058241 0.992302 0.000000
 0.502778 0.582860 1.361847 0.466697 1.058765 0.993677 0.000000
 0.503889 0.582173 1.361847 0.466697 1.059390 0.995320 0.000000
 0.505000 0.581358 1.361847 0.466697 1.060132 0.997273 0.000000
 0.506111 0.580399 1.361847 0.466698 1.061008 0.999582 0.000000
 0.507222 0.579276 1.361847 0.466698 1.062036 1.002296 0.000000
 0.508333 0.577970 1.361847 0.466698 1.063235 1.005467 0.000000
 0.509444 0.576461 1.361847 0.466698 1.064625 1.009154 0.000000
 0.510556 0.574728 1.361846 0.466698 1.066229 1.013417 0.000000
 0.511667 0.572750 1.361846 0.466698 1.068069 1.018321 0.000000
 0.512778 0.570507 1.361846 0.466698 1.070167 1.023931 0.000000
 0.513889 0.567978 1.361846 0.466698 1.072547 1.030319 0.000000
 0.515000 0.565146 1.361846 0.466698 1.075231 1.037555 0.000000
 0.516111 0.561993 1.361846 0.466698 1.078243 1.045713 0.000000
 0.517222 0.558506 1.361846 0.466698 1.081604 1.054866 0.000000
 0.518333 0.554672 1.361846 0.466698 1.085336 1.065088 0.000000
 0.519444 0.550484 1.361845 0.466698 1.089457 1.076451 0.000000
 0.520556 0.545936 1.361845 0.466698 1.093985 1.089025 0.000000
 0.521667 0.541029 1.361845 0.466698 1.098935 1.102879 0.000000
 0.522778 0.535766 1.361845 0.466698 1.104319 1.118074 0.000000
 0.523889 0.530158 1.361845 0.466699 1.110145 1.134669 0.000000
 0.525000 0.524216 1.361845 0.466699 1.116418 1.152714 0.000000
 0.526111 0.517961 1.361845 0.466699 1.123139 1.172251 0.000000
 0.527222 0.511416 1.361845 0.466699 1.130304 1.193309 0.000000
 0.528333 0.504608 1.361845 0.466699 1.137903 1.215908 0.000000
 0.529444 0.497571 1.361845 0.466699 1.145922 1.240052 0.000000
 0.530556 0.490340 1.361845 0.466699 1.154340 1.265729 0.000000
 0.531667 0.482955 1.361845 0.466699 1.163133 1.292909 0.000000
 0.532778 0.475457 1.361844 0.466699 1.172267 1.321541 0.000000
 0.533889 0.467892 1.361844 0.466699 1.181707 1.351553 0.000000
 0.535000 0.460303 1.361844 0.466699 1.191408 1.382850 0.000000
 0.536111 0.452737 1.361844 0.466699 1.201322 1.415314 0.000000
 0.537222 0.445237 1.361844 0.466699 1.211398 1.448802 0.000000
 0.538333 0.437847 1.361844 0.466699 1.221578 1.483150 0.000000
 0.539444 0.430609 1.361844 0.466699 1.231801 1.518168 0.000000
 0.540556 0.423562 1.361844 0.466699 1.242007 1.553651 0.000000
 0.541667 0.416740 1.361844 0.466699 1.252132 1.589374 0.000000
 0.542778 0.410174 1.361844 0.466699 1.262113 1.625103 0.000000
 0.543889 0.403894 1.361844 0.466699 1.271889 1.660593 0.000000
 0.545000 0.397919 1.361844 0.466699 1.281401 1.695601 0.000000
 0.546111 0.392270 1.361844 0.466699 1.290594 1.729885 0.000000
 0.547222 0.386959 1.361844 0.466699 1.299421 1.763216 0.000000
 0.548333 0.381995 1.361844 0.466699 1.307837 1.795378 0.000000
 0.549444 0.377382 1.361844 0.466699 1.315806 1.826179 0.000000
 0.550556 0.373120 1.361843 0.466699 1.323301 1.855453 0.000000
 0.551667 0.369204 1.361843 0.466699 1.330300 1.883062 0.000000
 0.552778 0.365627 1.361843 0.466699 1.336791 1.908902 0.000000
 0.553889 0.362379 1.361843 0.466699 1.342769 1.932901 0.000000
 0.555000 0.359445 1.361843 0.466699 1.348237 1.955020 0.000000
 0.556111 0.356811 1.361843 0.466699 1.353204 1.975253 0.000000
 0.557222 0.354460 1.361843 0.466699 1.357685 1.993622 0.000000
 0.558333 0.352373 1.361843 0.466699 1.361700 2.010175 0.000000
 0.559444 0.350530 1.361843 0.466699 1.365274 2.024983 0.000000
 0.560556 0.348913 1.361843 0.466699 1.368434 2.038135 0.000000
 0.561667 0.347502 1.361843 0.466699 1.371210 2.049733 0.000000
 0.562778 0.346277 1.361843 0.466699 1.373633 2.059890 0.000000
 0.563889 0.345220 1.361843 0.466699 1.375734 2.068724 0.000000
 0.565000 0.344313 1.361843 0.466699 1.377545 2.076355 0.000000
 0.566111 0.343540 1.361843 0.466699 1.379095 2.082904 0.000000
 0.567222 0.342883 1.361843 0.466699 1.380414 2.088488 0.000000
 0.568333 0.342330 1.361843 0.466699 1.381530 2.093218 0.000000
 0.569444 0.341866 1.361843 0.466699 1.382467 2.097198 0.000000
 0.570556 0.341479 1.361843 0.466699 1.383251 2.100528 0.000000
 0.571667 0.341158 1.361843 0.466699 1.383901 2.103295 0.000000
 0.572778 0.340893 1.361843 0.466699 1.384438 2.105580 0.000000
 0.573889 0.340676 1.361842 0.466699 1.384878 2.107455 0.000000
 0.575000 0.340500 1.361842 0.466699 1.385237 2.108985 0.000000
 0.576111 0.340357 1.361842 0.466699 1.385528 2.110224 0.000000
 0.577222 0.340242 1.361842 0.466699 1.385762 2.111222 0.000000
 0.578333 0.340150 1.361842 0.466699 1.385949 2.112020 0.000000
 0.579444 0.340077 1.361842 0.466699 1.386097 2.112654 0.000000
 0.580556 0.340020 1.361842 0.466699 1.386214 2.113154 0.000000
 0.581667 0.339975 1.361842 0.466699 1.386306 2.113545 0.000000
 0.582778 0.339940 1.361842 0.466699 1.386377 2.113848 0.000000
 0.583889 0.339913 1.361842 0.466699 1.386432 2.114082 0.000000
 0.585000 0.339893 1.361842 0.466699 1.386474 2.114260 0.000000
 0.586111 0.339877 1.361842 0.466699 1.386505 2.114394 0.000000
 0.587222 0.339866 1.361842 0.466699 1.386528 2.114494 0.000000
 0.588333 0.339858 1.361842 0.466699 1.386545 2.114567 0.000000
 0.589444 0.339852 1.361842 0.466699 1.386558 2.114619 0.000000
 0.590556 0.339847 1.361842 0.466699 1.386566 2.114656 0.000000
 0.591667 0.339845 1.361842 0.466699 1.386572 2.114680 0.000000
 0.592778 0.339843 1.361842 0.466699 1.386576 2.114696 0.000000
 0.593889 0.339842 1.361842 0.466699 1.386578 2.114704 0.000000
 0.595000 0.339841 1.361842 0.466699 1.386579 2.114708 0.000000
 0.596111 0.339841 1.361842 0.466699 1.386579 2.114709 0.000000
 0.597222 0.339841 1.361842 0.466699 1.386578 2.114707 0.000000
 0.598333 0.339842 1.361841 0.466699 1.386577 2.114703 0.000000
 0.599444 0.339842 1.361841 0.466699 1.386576 2.114698 0.000000
 0.600556 0.339843 1.361841 0.466699 1.386575 2.114692 0.000000
 0.601667 0.339844 1.361841 0.466699 1.386573 2.114687 0.000000
 0.602778 0.339844 1.361841 0.466699 1.386572 2.114680 0.000000
 0.603889 0.339845 1.361841 0.466699 1.386571 2.114674 0.000000
 0.605000 0.339846 1.361841 0.466699 1.386569 2.114668 0.000000
 0.606111 0.339846 1.361841 0.466699 1.386568 2.114663 0.000000
 0.607222 0.339847 1.361841 0.466699 1.386566 2.114657 0.000000
 0.608333 0.339848 1.361841 0.466699 1.386565 2.114652 0.000000
 0.609444 0.339848 1.361841 0.466699 1.386564 2.114647 0.000000
 0.610556 0.339849 1.361841 0.466699 1.386563 2.114642 0.000000
 0.611667 0.339849 1.361841 0.466699 1.386562 2.114637 0.000000
 0.612778 0.339850 1.361841 0.466699 1.386561 2.114633 0.000000
 0.613889 0.339850 1.361841 0.466699 1.386560 2.114629 0.000000
 0.615000 0.339851 1.361841 0.466699 1.386559 2.114626 0.000000
 0.616111 0.339851 1.361841 0.466699 1.386558 2.114622 0.000000
 0.617222 0.339851 1.361841 0.466699 1.386558 2.114619 0.000000
 0.618333 0.339852 1.361841 0.466699 1.386557 2.114616 0.000000
 0.619444 0.339852 1.361841 0.466699 1.386556 2.114613 0.000000
 0.620556 0.339852 1.361841 0.466699 1.386556 2.114611 0.000000
 0.621667 0.339853 1.361840 0.466699 1.386555 2.114608 0.000000
 0.622778 0.339853 1.361840 0.466699 1.386554 2.114606 0.000000
 0.623889 0.339853 1.361840 0.466699 1.386554 2.114604 0.000000
 0.625000 0.339853 1.361840 0.466699 1.386553 2.114602 0.000000
 0.626111 0.339854 1.361840 0.466699 1.386553 2.114600 0.000000
 0.627222 0.339854 1.361840 0.466699 1.386553 2.114598 0.000000
 0.628333 0.339854 1.361840 0.466699 1.386552 2.114597 0.000000
 0.629444 0.339854 1.361840 0.466699 1.386552 2.114595 0.000000
 0.630556 0.339854 1.361840 0.466699 1.386552 2.114594 0.000000
 0.631667 0.339854 1.361840 0.466699 1.386551 2.114593 0.000000
 0.632778 0.339854 1.361840 0.466699 1.386551 2.114591 0.000000
 0.633889 0.339855 1.361840 0.466699 1.386551 2.114590 0.000000
 0.635000 0.339855 1.361840 0.466699 1.386550 2.114589 0.000000
 0.636111 0.339855 1.361840 0.466699 1.386550 2.114588 0.000000
 0.637222 0.339855 1.361840 0.466699 1.386550 2.114587 0.000000
 0.638333 0.339855 1.361840 0.466699 1.386550 2.114587 0.000000
 0.639444 0.339855 1.361840 0.466699 1.386550 2.114586 0.000000
 0.640556 0.339855 1.361840 0.466699 1.386549 2.114585 0.000000
 0.641667 0.339855 1.361839 0.466699 1.386549 2.114584 0.000000
 0.642778 0.339855 1.361839 0.466699 1.386549 2.114584 0.000000
 0.643889 0.339855 1.361839 0.466698 1.386549 2.114583 0.000000
 0.645000 0.339855 1.361839 0.466698 1.386549 2.114583 0.000000
 0.646111 0.339855 1.361839 0.466698 1.386549 2.114582 0.000000
 0.647222 0.339855 1.361839 0.466698 1.386549 2.114582 0.000000
 0.648333 0.339855 1.361839 0.466698 1.386548 2.114581 0.000000
 0.649444 0.339855 1.361839 0.466698 1.386548 2.114581 0.000000
 0.650556 0.339855 1.361839 0.466698 1.386548 2.114581 0.000000
 0.651667 0.339855 1.361839 0.466698 1.386548 2.114580 0.000000
 0.652778 0.339855 1.361838 0.466698 1.386548 2.114580 0.000000
 0.653889 0.339855 1.361837 0.466697 1.386548 2.114580 0.000000
 0.655000 0.339854 1.361834 0.466696 1.386547 2.114579 0.000000
 0.656111 0.339853 1.361827 0.466693 1.386546 2.114579 0.000000
 0.657222 0.339850 1.361814 0.466687 1.386543 2.114579 0.000000
 0.658333 0.339842 1.361784 0.466673 1.386537 2.114579 0.000000
 0.659444 0.339827 1.361721 0.466643 1.386524 2.114579 0.000000
 0.660556 0.339793 1.361582 0.466577 1.386496 2.114578 0.000000
 0.661667 0.339719 1.361281 0.466436 1.386436 2.114578 0.000000
 0.662778 0.339559 1.360628 0.466128 1.386305 2.114578 0.000000
 0.663889 0.339212 1.359211 0.465462 1.386022 2.114577 0.000000
 0.665000 0.338462 1.356140 0.464020 1.385407 2.114572 0.000000
 0.666111 0.336845 1.349493 0.460914 1.384073 2.114549 0.000000
 0.667222 0.333388 1.335163 0.454282 1.381185 2.114444 0.000000
 0.668333 0.326128 1.304511 0.440393 1.374959 2.113956 0.000000
 0.669444 0.311456 1.240085 0.412478 1.361651 2.111762 0.000000
 0.670556 0.284081 1.109872 0.361026 1.333866 2.102422 0.000000
 0.671667 0.240495 0.869793 0.281246 1.279541 2.067940 0.000000
 0.672778 0.188238 0.515723 0.190994 1.191845 1.978921 0.000000
 0.673889 0.147821 0.191614 0.128975 1.105219 1.874449 0.000000
 0.675000 0.130349 0.044879 0.106199 1.068000 1.840649 0.000000
 0.676111 0.125999 0.008434 0.101126 1.060015 1.838015 0.000000
 0.677222 0.125177 0.001493 0.100198 1.058600 1.837920 0.000000
 0.678333 0.125031 0.000261 0.100035 1.058353 1.837917 0.000000
 0.679444 0.125005 0.000046 0.100006 1.058310 1.837917 0.000000
 0.680556 0.125001 0.000008 0.100001 1.058302 1.837917 0.000000
 0.681667 0.125000 0.000001 0.100000 1.058301 1.837917 0.000000
 0.682778 0.125000 0.000000 0.100000 1.058301 1.837917 0.000000
 0.683889 0.125000 0.000000 0.100000 1.058301 1.837917 0.000000
 0.685000 0.125000 0.000000 0.100000 1.058301 1.837917 0.000000
 0.686111 0.125000 0.000000 0.100000 1.058301 1.837917 0.000000
 0.687222 0.125000 0.000000 0.100000 1.058301 1.837917 0.000000
 0.688333 0.125000 0.000000 0.100000 1.058301 1.837917 0.000000
 0.689444 0.125000 0.000000 0.100000 1.058301 1.837917 0.000000
 0.690556 0.125000 0.000000 0.100000 1.058301 1.837917 0.000000
 0.691667 0.125000 0.000000 0.100000 1.058301 1.837917 0.000000
 0.692778 0.125000 0.000000 0.100000 1.058301 1.837917 0.000000
 0.693889 0.125000 0.000000 0.100000 1.058301 1.837917 0.000000
 0.695000 0.125000 0.000000 0.100000 1.058301 1.837917 0.000000
 0.696111 0.125000 0.000000 0.100000 1.058301 1.837917 0.000000
 0.697222 0.125000 0.000000 0.100000 1.058301 1.837917 0.000000
 0.698333 0.125000 0.000000 0.100000 1.058301 1.837917 0.000000
 0.699444 0.125000 0.000000 0.100000 1.058301 1.837917 0.000000
 0.700556 0.125000 0.000000 0.100000 1.058301 1.837917 0.000000
 0.701667 0.125000 0.000000 0.100000 1.058301 1.837917 0.000000
 0.702778 0.125000 0.000000 0.100000 1.058301 1.837917 0.000000
 0.703889 0.125000 0.000000 0.100000 1.058301 1.837917 0.000000
 0.705000 0.125000 0.000000 0.100000 1.058301 1.837917 0.000000
 0.706111 0.125000 0.000000 0.100000 1.058301 1.837917 0.000000
 0.707222 0.125000 0.000000 0.100000 1.058301 1.837917 0.000000
 0.708333 0.125000 0.000000 0.100000 1.058301 1.837917 0.000000
 0.709444 0.125000 0.000000 0.100000 1.058301 1.837917 0.000000
 0.710556 0.125000 0.000000 0.100000 1.058301 1.837917 0.000000
 0.711667 0.125000 0.000000 0.100000 1.058301 1.837917 0.000000
 0.712778 0.125000 0.000000 0.100000 1.058301 1.837917 0.000000
 0.713889 0.125000 0.000000 0.100000 1.058301 1.837917 0.000000
 0.715000 0.125000 0.000000 0.100000 1.058301 1.837917 0.000000
 0.716111 0.125000 0.000000 0.100000 1.058301 1.837917 0.000000
 0.717222 0.125000 0.000000 0.100000 1.058301 1.837917 0.000000
 0.718333 0.125000 0.000000 0.100000 1.058301 1.837917 0.000000
 0.719444 0.125000 0.000000 0.100000 1.058301 1.837917 0.000000
 0.720556 0.125000 0.000000 0.100000 1.058301 1.837917 0.000000
 0.721667 0.125000 0.000000 0.100000 1.058301 1.837917 0.000000
 0.722778 0.125000 0.000000 0.100000 1.058301 1.837917 0.000000
 0.723889 0.125000 0.000000 0.100000 1.058301 1.837917 0.000000
 0.725000 0.125000 0.000000 0.100000 1.058301 1.837917 0.000000
 0.726111 0.125000 0.000000 0.100000 1.058301 1.837917 0.000000
 0.727222 0.125000 0.000000 0.100000 1.058301 1.837917 0.000000
 0.728333 0.125000 0.000000 0.100000 1.058301 1.837917 0.000000
 0.729444 0.125000 0.000000 0.100000 1.058301 1.837917 0.000000
 0.730556 0.125000 0.000000 0.100000 1.058301 1.837917 0.000000
 0.731667 0.125000 0.000000 0.100000 1.058301 1.837917 0.000000
 0.732778 0.125000 0.000000 0.100000 1.058301 1.837917 0.000000
 0.733889 0.125000 0.000000 0.100000 1.058301 1.837917 0.000000
 0.735000 0.125000 0.000000 0.100000 1.058301 1.837917 0.000000
 0.736111 0.125000 0.000000 0.100000 1.058301 1.837917 0.000000
 0.737222 0.125000 0.000000 0.100000 1.058301 1.837917 0.000000
 0.738333 0.125000 0.000000 0.100000 1.058301 1.837917 0.000000
 0.739444 0.125000 0.000000 0.100000 1.058301 1.837917 0.000000
 0.740556 0.125000 0.000000 0.100000 1.058301 1.837917 0.000000
 0.741667 0.125000 0.000000 0.100000 1.058301 1.837917 0.000000
 0.742778 0.125000 0.000000 0.100000 1.058301 1.837917 0.000000
 0.743889 0.125000 0.000000 0.100000 1.058301 1.837917 0.000000
 0.745000 0.125000 0.000000 0.100000 1.058301 1.837917 0.000000
 0.746111 0.125000 0.000000 0.100000 1.058301 1.837917 0.000000
 0.747222 0.125000 0.000000 0.100000 1.058301 1.837917 0.000000
 0.748333 0.125000 0.000000 0.100000 1.058301 1.837917 0.000000
 0.749444 0.125000 0.000000 0.100000 1.058301 1.837917 0.000000
 0.750556 0.125000 0.000000 0.100000 1.058301 1.837917 0.000000
 0.751667 0.125000 0.000000 0.100000 1.058301 1.837917 0.000000
 0.752778 0.125000 0.000000 0.100000 1.058301 1.837917 0.000000
 0.753889 0.125000 0.000000 0.100000 1.058301 1.837917 0.000000
 0.755000 0.125000 0.000000 0.100000 1.058301 1.837917 0.000000
 0.756111 0.125000 0.000000 0.100000 1.058301 1.837917 0.000000
 0.757222 0.125000 0.000000 0.100000 1.058301 1.837917 0.000000
 0.758333 0.125000 0.000000 0.100000 1.058301 1.837917 0.000000
 0.759444 0.125000 0.000000 0.100000 1.058301 1.837917 0.000000
 0.760556 0.125000 0.000000 0.100000 1.058301 1.837917 0.000000
 0.761667 0.125000 0.000000 0.100000 1.058301 1.837917 0.000000
 0.762778 0.125000 0.000000 0.100000 1.058301 1.837917 0.000000
 0.763889 0.125000 0.000000 0.100000 1.058301 1.837917 0.000000
 0.765000 0.125000 0.000000 0.100000 1.058301 1.837917 0.000000
 0.766111 0.125000 0.000000 0.100000 1.058301 1.837917 0.000000
 0.767222 0.125000 0.000000 0.100000 1.058301 1.837917 0.000000
 0.768333 0.125000 0.000000 0.100000 1.058301 1.837917 0.000000
 0.769444 0.125000 0.000000 0.100000 1.058301 1.837917 0.000000
 0.770556 0.125000 0.000000 0.100000 1.058301 1.837917 0.000000
 0.771667 0.125000 0.000000 0.100000 1.058301 1.837917 0.000000
 0.772778 0.125000 0.000000 0.100000 1.058301 1.837917 0.000000
 0.773889 0.125000 0.000000 0.100000 1.058301 1.837917 0.000000
 0.775000 0.125000 0.000000 0.100000 1.058301 1.837917 0.000000
 0.776111 0.125000 0.000000 0.100000 1.058301 1.837917 0.000000
 0.777222 0.125000 0.000000 0.100000 1.058301 1.837917 0.000000
 0.778333 0.125000 0.000000 0.100000 1.058301 1.837917 0.000000
 0.779444 0.125000 0.000000 0.100000 1.058301 1.837917 0.000000
 0.780556 0.125000 0.000000 0.100000 1.058301 1.837917 0.000000
 0.781667 0.125000 0.000000 0.100000 1.058301 1.837917 0.000000
 0.782778 0.125000 0.000000 0.100000 1.058301 1.837917 0.000000
 0.783889 0.125000 0.000000 0.100000 1.058301 1.837917 0.000000
 0.785000 0.125000 0.000000 0.100000 1.058301 1.837917 0.000000
 0.786111 0.125000 0.000000 0.100000 1.058301 1.837917 0.000000
 0.787222 0.125000 0.000000 0.100000 1.058301 1.837917 0.000000
 0.788333 0.125000 0.000000 0.100000 1.058301 1.837917 0.000000
 0.789444 0.125000 0.000000 0.100000 1.058301 1.837917 0.000000
 0.790556 0.125000 0.000000 0.100000 1.058301 1.837917 0.000000
 0.791667 0.125000 0.000000 0.100000 1.058301 1.837917 0.000000
 0.792778 0.125000 0.000000 0.100000 1.058301 1.837917 0.000000
 0.793889 0.125000 0.000000 0.100000 1.058301 1.837917 0.000000
 0.795000 0.125000 0.000000 0.100000 1.058301 1.837917 0.000000
 0.796111 0.125000 0.000000 0.100000 1.058301 1.837917 0.000000
 0.797222 0.125000 0.000000 0.100000 1.058301 1.837917 0.000000
 0.798333 0.125000 0.000000 0.100000 1.058301 1.837917 0.000000
 0.799444 0.125000 0.000000 0.100000 1.058301 1.837917 0.000000
 0.800556 0.125000 0.000000 0.100000 1.058301 1.837917 0.000000
 0.801667 0.125000 0.000000 0.100000 1.058301 1.837917 0.000000
 0.802778 0.125000 0.000000 0.100000 1.058301 1.837917 0.000000
 0.803889 0.125000 0.000000 0.100000 1.058301 1.837917 0.000000
 0.805000 0.125000 0.000000 0.100000 1.058301 1.837917 0.000000
 0.806111 0.125000 0.000000 0.100000 1.058301 1.837917 0.000000
 0.807222 0.125000 0.000000 0.100000 1.058301 1.837917 0.000000
 0.808333 0.125000 0.000000 0.100000 1.058301 1.837917 0.000000
 0.809444 0.125000 0.000000 0.100000 1.058301 1.837917 0.000000
 0.810556 0.125000 0.000000 0.100000 1.058301 1.837917 0.000000
 0.811667 0.125000 0.000000 0.100000 1.058301 1.837917 0.000000
 0.812778 0.125000 0.000000 0.100000 1.058301 1.837917 0.000000
 0.813889 0.125000 0.000000 0.100000 1.058301 1.837917 0.000000
 0.815000 0.125000 0.000000 0.100000 1.058301 1.837917 0.000000
 0.816111 0.125000 0.000000 0.100000 1.058301 1.837917 0.000000
 0.817222 0.125000 0.000000 0.100000 1.058301 1.837917 0.000000
 0.818333 0.125000 0.000000 0.100000 1.058301 1.837917 0.000000
 0.819444 0.125000 0.000000 0.100000 1.058301 1.837917 0.000000
 0.820556 0.125000 0.000000 0.100000 1.058301 1.837917 0.000000
 0.821667 0.125000 0.000000 0.100000 1.058301 1.837917 0.000000
 0.822778 0.125000 0.000000 0.100000 1.058301 1.837917 0.000000
 0.823889 0.125000 0.000000 0.100000 1.058301 1.837917 0.000000
 0.825000 0.125000 0.000000 0.100000 1.058301 1.837917 0.000000
 0.826111 0.125000 0.000000 0.100000 1.058301 1.837917 0.000000
 0.827222 0.125000 0.000000 0.100000 1.058301 1.837917 0.000000
 0.828333 0.125000 0.000000 0.100000 1.058301 1.837917 0.000000
 0.829444 0.125000 0.000000 0.100000 1.058301 1.837917 0.000000
 0.830556 0.125000 0.000000 0.100000 1.058301 1.837917 0.000000
 0.831667 0.125000 0.000000 0.100000 1.058301 1.837917 0.000000
 0.832778 0.125000 0.000000 0.100000 1.058301 1.837917 0.000000
 0.833889 0.125000 0.000000 0.100000 1.058301 1.837917 0.000000
 0.835000 0.125000 0.000000 0.100000 1.058301 1.837917 0.000000
 0.836111 0.125000 0.000000 0.100000 1.058301 1.837917 0.000000
 0.837222 0.125000 0.000000 0.100000 1.058301 1.837917 0.000000
 0.838333 0.125000 0.000000 0.100000 1.058301 1.837917 0.000000
 0.839444 0.125000 0.000000 0.100000 1.058301 1.837917 0.000000
 0.840556 0.125000 0.000000 0.100000 1.058301 1.837917 0.000000
 0.841667 0.125000 0.000000 0.100000 1.058301 1.837917 0.000000
 0.842778 0.125000 0.000000 0.100000 1.058301 1.837917 0.000000
 0.843889 0.125000 0.000000 0.100000 1.058301 1.837917 0.000000
 0.845000 0.125000 0.000000 0.100000 1.058301 1.837917 0.000000
 0.846111 0.125000 0.000000 0.100000 1.058301 1.837917 0.000000
 0.847222 0.125000 0.000000 0.100000 1.058301 1.837917 0.000000
 0.848333 0.125000 0.000000 0.100000 1.058301 1.837917 0.000000
 0.849444 0.125000 0.000000 0.100000 1.058301 1.837917 0.000000
 0.850556 0.125000 0.000000 0.100000 1.058301 1.837917 0.000000
 0.851667 0.125000 0.000000 0.100000 1.058301 1.837917 0.000000
 0.852778 0.125000 0.000000 0.100000 1.058301 1.837917 0.000000
 0.853889 0.125000 0.000000 0.100000 1.058301 1.837917 0.000000
 0.855000 0.125000 0.000000 0.100000 1.058301 1.837917 0.000000
 0.856111 0.125000 0.000000 0.100000 1.058301 1.837917 0.000000
 0.857222 0.125000 0.000000 0.100000 1.058301 1.837917 0.000000
 0.858333 0.125000 0.000000 0.100000 1.058301 1.837917 0.000000
 0.859444 0.125000 0.000000 0.100000 1.058301 1.837917 0.000000
 0.860556 0.125000 0.000000 0.100000 1.058301 1.837917 0.000000
 0.861667 0.125000 0.000000 0.100000 1.058301 1.837917 0.000000
 0.862778 0.125000 0.000000 0.100000 1.058301 1.837917 0.000000
 0.863889 0.125000 0.000000 0.100000 1.058301 1.837917 0.000000
 0.865000 0.125000 0.000000 0.100000 1.058301 1.837917 0.000000
 0.866111 0.125000 0.000000 0.100000 1.058301 1.837917 0.000000
 0.867222 0.125000 0.000000 0.100000 1.058301 1.837917 0.000000
 0.868333 0.125000 0.000000 0.100000 1.058301 1.837917 0.000000
 0.869444 0.125000 0.000000 0.100000 1.058301 1.837917 0.000000
 0.870556 0.125000 0.000000 0.100000 1.058301 1.837917 0.000000
 0.871667 0.125000 0.000000 0.100000 1.058301 1.837917 0.000000
 0.872778 0.125000 0.000000 0.100000 1.058301 1.837917 0.000000
 0.873889 0.125000 0.000000 0.100000 1.058301 1.837917 0.000000
 0.875000 0.125000 0.000000 0.100000 1.058301 1.837917 0.000000
 0.876111 0.125000 0.000000 0.100000 1.058301 1.837917 0.000000
 0.877222 0.125000 0.000000 0.100000 1.058301 1.837917 0.000000
 0.878333 0.125000 0.000000 0.100000 1.058301 1.837917 0.000000
 0.879444 0.125000 0.000000 0.100000 1.058301 1.837917 0.000000
 0.880556 0.125000 0.000000 0.100000 1.058301 1.837917 0.000000
 0.881667 0.125000 0.000000 0.100000 1.058301 1.837917 0.000000
 0.882778 0.125000 0.000000 0.100000 1.058301 1.837917 0.000000
 0.883889 0.125000 0.000000 0.100000 1.058301 1.837917 0.000000
 0.885000 0.125000 0.000000 0.100000 1.058301 1.837917 0.000000
 0.886111 0.125000 0.000000 0.100000 1.058301 1.837917 0.000000
 0.887222 0.125000 0.000000 0.100000 1.058301 1.837917 0.000000
 0.888333 0.125000 0.000000 0.100000 1.058301 1.837917 0.000000
 0.889444 0.125000 0.000000 0.100000 1.058301 1.837917 0.000000
 0.890556 0.125000 0.000000 0.100000 1.058301 1.837917 0.000000
 0.891667 0.125000 0.000000 0.100000 1.058301 1.837917 0.000000
 0.892778 0.125000 0.000000 0.100000 1.058301 1.837917 0.000000
 0.893889 0.125000 0.000000 0.100000 1.058301 1.837917 0.000000
 0.895000 0.125000 0.000000 0.100000 1.058301 1.837917 0.000000
 0.896111 0.125000 0.000000 0.100000 1.058301 1.837917 0.000000
 0.897222 0.125000 0.000000 0.100000 1.058301 1.837917 0.000000
 0.898333 0.125000 0.000000 0.100000 1.058301 1.837917 0.000000
 0.899444 0.125000 0.000000 0.100000 1.058301 1.837917 0.000000
 0.900556 0.125000 0.000000 0.100000 1.058301 1.837917 0.000000
 0.901667 0.125000 0.000000 0.100000 1.058301 1.837917 0.000000
 0.902778 0.125000 0.000000 0.100000 1.058301 1.837917 0.000000
 0.903889 0.125000 0.000000 0.100000 1.058301 1.837917 0.000000
 0.905000 0.125000 0.000000 0.100000 1.058301 1.837917 0.000000
 0.906111 0.125000 0.000000 0.100000 1.058301 1.837917 0.000000
 0.907222 0.125000 0.000000 0.100000 1.058301 1.837917 0.000000
 0.908333 0.125000 0.000000 0.100000 1.058301 1.837917 0.000000
 0.909444 0.125000 0.000000 0.100000 1.058301 1.837917 0.000000
 0.910556 0.125000 0.000000 0.100000 1.058301 1.837917 0.000000
 0.911667 0.125000 0.000000 0.100000 1.058301 1.837917 0.000000
 0.912778 0.125000 0.000000 0.100000 1.058301 1.837917 0.000000
 0.913889 0.125000 0.000000 0.100000 1.058301 1.837917 0.000000
 0.915000 0.125000 0.000000 0.100000 1.058301 1.837917 0.000000
 0.916111 0.125000 0.000000 0.100000 1.058301 1.837917 0.000000
 0.917222 0.125000 0.000000 0.100000 1.058301 1.837917 0.000000
 0.918333 0.125000 0.000000 0.100000 1.058301 1.837917 0.000000
 0.919444 0.125000 0.000000 0.100000 1.058301 1.837917 0.000000
 0.920556 0.125000 0.000000 0.100000 1.058301 1.837917 0.000000
 0.921667 0.125000 0.000000 0.100000 1.058301 1.837917 0.000000
 0.922778 0.125000 0.000000 0.100000 1.058301 1.837917 0.000000
 0.923889 0.125000 0.000000 0.100000 1.058301 1.837917 0.000000
 0.925000 0.125000 0.000000 0.100000 1.058301 1.837917 0.000000
 0.926111 0.125000 0.000000 0.100000 1.058301 1.837917 0.000000
 0.927222 0.125000 0.000000 0.100000 1.058301 1.837917 0.000000
 0.928333 0.125000 0.000000 0.100000 1.058301 1.837917 0.000000
 0.929444 0.125000 0.000000 0.100000 1.058301 1.837917 0.000000
 0.930556 0.125000 0.000000 0.100000 1.058301 1.837917 0.000000
 0.931667 0.125000 0.000000 0.100000 1.058301 1.837917 0.000000
 0.932778 0.125000 0.000000 0.100000 1.058301 1.837917 0.000000
 0.933889 0.125000 0.000000 0.100000 1.058301 1.837917 0.000000
 0.935000 0.125000 0.000000 0.100000 1.058301 1.837917 0.000000
 0.936111 0.125000 0.000000 0.100000 1.058301 1.837917 0.000000
 0.937222 0.125000 0.000000 0.100000 1.058301 1.837917 0.000000
 0.938333 0.125000 0.000000 0.100000 1.058301 1.837917 0.000000
 0.939444 0.125000 0.000000 0.100000 1.058301 1.837917 0.000000
 0.940556 0.125000 0.000000 0.100000 1.058301 1.837917 0.000000
 0.941667 0.125000 0.000000 0.100000 1.058301 1.837917 0.000000
 0.942778 0.125000 0.000000 0.100000 1.058301 1.837917 0.000000
 0.943889 0.125000 0.000000 0.100000 1.058301 1.837917 0.000000
 0.945000 0.125000 0.000000 0.100000 1.058301 1.837917 0.000000
 0.946111 0.125000 0.000000 0.100000 1.058301 1.837917 0.000000
 0.947222 0.125000 0.000000 0.100000 1.058301 1.837917 0.000000
 0.948333 0.125000 0.000000 0.100000 1.058301 1.837917 0.000000
 0.949444 0.125000 0.000000 0.100000 1.058301 1.837917 0.000000
 0.950556 0.125000 0.000000 0.100000 1.058301 1.837917 0.000000
 0.951667 0.125000 0.000000 0.100000 1.058301 1.837917 0.000000
 0.952778 0.125000 0.000000 0.100000 1.058301 1.837917 0.000000
 0.953889 0.125000 0.000000 0.100000 1.058301 1.837917 0.000000
 0.955000 0.125000 0.000000 0.100000 1.058301 1.837917 0.000000
 0.956111 0.125000 0.000000 0.100000 1.058301 1.837917 0.000000
 0.957222 0.125000 0.000000 0.100000 1.058301 1.837917 0.000000
 0.958333 0.125000 0.000000 0.100000 1.058301 1.837917 0.000000
 0.959444 0.125000 0.000000 0.100000 1.058301 1.837917 0.000000
 0.960556 0.125000 0.000000 0.100000 1.058301 1.837917 0.000000
 0.961667 0.125000 0.000000 0.100000 1.058301 1.837917 0.000000
 0.962778 0.125000 0.000000 0.100000 1.058301 1.837917 0.000000
 0.963889 0.125000 0.000000 0.100000 1.058301 1.837917 0.000000
 0.965000 0.125000 0.000000 0.100000 1.058301 1.837917 0.000000
 0.966111 0.125000 0.000000 0.100000 1.058301 1.837917 0.000000
 0.967222 0.125000 0.000000 0.100000 1.058301 1.837917 0.000000
 0.968333 0.125000 0.000000 0.100000 1.058301 1.837917 0.000000
 0.969444 0.125000 0.000000 0.100000 1.058301 1.837917 0.000000
 0.970556 0.125000 0.000000 0.100000 1.058301 1.837917 0.000000
 0.971667 0.125000 0.000000 0.100000 1.058301 1.837917 0.000000
 0.972778 0.125000 0.000000 0.100000 1.058301 1.837917 0.000000
 0.973889 0.125000 0.000000 0.100000 1.058301 1.837917 0.000000
 0.975000 0.125000 0.000000 0.100000 1.058301 1.837917 0.000000
 0.976111 0.125000 0.000000 0.100000 1.058301 1.837917 0.000000
 0.977222 0.125000 0.000000 0.100000 1.058301 1.837917 0.000000
 0.978333 0.125000 0.000000 0.100000 1.058301 1.837917 0.000000
 0.979444 0.125000 0.000000 0.100000 1.058301 1.837917 0.000000
 0.980556 0.125000 0.000000 0.100000 1.058301 1.837917 0.000000
 0.981667 0.125000 0.000000 0.100000 1.058301 1.837917 0.000000
 0.982778 0.125000 0.000000 0.100000 1.058301 1.837917 0.000000
 0.983889 0.125000 0.000000 0.100000 1.058301 1.837917 0.000000
 0.985000 0.125000 0.000000 0.100000 1.058301 1.837917 0.000000
 0.986111 0.125000 0.000000 0.100000 1.058301 1.837917 0.000000
 0.987222 0.125000 0.000000 0.100000 1.058301 1.837917 0.000000
 0.988333 0.125000 0.000000 0.100000 1.058301 1.837917 0.000000
 0.989444 0.125000 0.000000 0.100000 1.058301 1.837917 0.000000
 0.990556 0.125000 0.000000 0.100000 1.058301 1.837917 0.000000
 0.991667 0.125000 0.000000 0.100000 1.058301 1.837917 0.000000
 0.992778 0.125000 0.000000 0.100000 1.058301 1.837917 0.000000
 0.993889 0.125000 0.000000 0.100000 1.058301 1.837917 0.000000
 0.995000 0.125000 0.000000 0.100000 1.058301 1.837917 0.000000
 0.996111 0.125000 0.000000 0.100000 1.058301 1.837917 0.000000
 0.997222 0.125000 0.000000 0.100000 1.058301 1.837917 0.000000
 0.998333 0.125000 0.000000 0.100000 1.058301 1.837917 0.000000
 0.999444 0.125000 0.000000 0.100000 1.058301 1.837917 0.000000
