Timer: 0.175197
 0.000556 1.000000 -1.000000 1.000000 1.183216 -0.000000 -0.000000
 0.001667 1.000000 -1.000000 1.000000 1.183216 -0.000000 0.000000
 0.002778 1.000000 -1.000000 1.000000 1.183216 -0.000000 0.000000
 0.003889 1.000000 -1.000000 1.000000 1.183216 -0.000000 0.000000
 0.005000 1.000000 -1.000000 1.000000 1.183216 -0.000000 -0.000000
 0.006111 1.000000 -1.000000 1.000000 1.183216 -0.000000 0.000000
 0.007222 1.000000 -1.000000 1.000000 1.183216 -0.000000 0.000000
 0.008333 1.000000 -1.000000 1.000000 1.183216 -0.000000 -0.000000
 0.009444 1.000000 -1.000000 1.000000 1.183216 -0.000000 -0.000000
 0.010556 1.000000 -1.000000 1.000000 1.183216 -0.000000 0.000000
 0.011667 1.000000 -1.000000 1.000000 1.183216 -0.000000 0.000000
 0.012778 1.000000 -1.000000 1.000000 1.183216 -0.000000 0.000000
 0.013889 1.000000 -1.000000 1.000000 1.183216 -0.000000 -0.000000
 0.015000 1.000000 -1.000000 1.000000 1.183216 -0.000000 0.000000
 0.016111 1.000000 -1.000000 1.000000 1.183216 -0.000000 0.000000
 0.017222 1.000000 -1.000000 1.000000 1.183216 -0.000000 0.000000
 0.018333 1.000000 -1.000000 1.000000 1.183216 0.000000 0.000000
 0.019444 1.000000 -1.000000 1.000000 1.183216 -0.000000 -0.000000
 0.020556 1.000000 -1.000000 1.000000 1.183216 -0.000000 -0.000000
 0.021667 1.000000 -1.000000 1.000000 1.183216 -0.000000 0.000000
 0.022778 1.000000 -1.000000 1.000000 1.183216 -0.000000 -0.000000
 0.023889 1.000000 -1.000000 1.000000 1.183216 -0.000000 0.000000
 0.025000 1.000000 -1.000000 1.000000 1.183216 -0.000000 0.000000
 0.026111 1.000000 -1.000000 1.000000 1.183216 -0.000000 -0.000000
 0.027222 1.000000 -1.000000 1.000000 1.183216 -0.000000 0.000000
 0.028333 1.000000 -1.000000 1.000000 1.183216 -0.000000 0.000000
 0.029444 1.000000 -1.000000 1.000000 1.183216 -0.000000 0.000000
 0.030556 1.000000 -1.000000 1.000000 1.183216 -0.000000 -0.000000
 0.031667 1.000000 -1.000000 1.000000 1.183216 -0.000000 0.000000
 0.032778 1.000000 -1.000000 1.000000 1.183216 -0.000000 -0.000000
 0.033889 1.000000 -1.000000 1.000000 1.183216 -0.000000 -0.000000
 0.035000 1.000000 -1.000000 1.000000 1.183216 -0.000000 -0.000000
 0.036111 1.000000 -1.000000 1.000000 1.183216 -0.000000 -0.000000
 0.037222 1.000000 -1.000000 1.000000 1.183216 -0.000000 0.000000
 0.038333 1.000000 -1.000000 1.000000 1.183216 -0.000000 0.000000
 0.039444 1.000000 -1.000000 1.000000 1.183216 -0.000000 -0.000000
 0.040556 1.000000 -1.000000 1.000000 1.183216 -0.000000 -0.000000
 0.041667 1.000000 -1.000000 1.000000 1.183216 -0.000000 0.000000
 0.042778 1.000000 -1.000000 1.000000 1.183216 0.000000 0.000000
 0.043889 1.000000 -1.000000 1.000000 1.183216 -0.000000 0.000000
 0.045000 1.000000 -1.000000 1.000000 1.183216 0.000000 0.000000
 0.046111 1.000000 -1.000000 1.000000 1.183216 0.000000 0.000000
 0.047222 1.000000 -1.000000 1.000000 1.183216 0.000000 0.000000
 0.048333 1.000000 -1.000000 1.000000 1.183216 0.000000 0.000000
 0.049444 1.000000 -1.000000 0.999999 1.183216 0.000000 0.000000
 0.050556 0.999999 -0.999999 0.999999 1.183216 0.000000 0.000000
 0.051667 0.999999 -0.999999 0.999999 1.183216 0.000000 0.000000
 0.052778 0.999999 -0.999999 0.999998 1.183216 0.000000 0.000000
 0.053889 0.999998 -0.999998 0.999998 1.183216 0.000000 0.000000
 0.055000 0.999998 -0.999997 0.999997 1.183215 0.000000 0.000000
 0.056111 0.999997 -0.999996 0.999996 1.183215 0.000000 0.000000
 0.057222 0.999996 -0.999995 0.999994 1.183215 0.000000 0.000000
 0.058333 0.999994 -0.999993 0.999992 1.183215 0.000000 0.000000
 0.059444 0.999993 -0.999991 0.999990 1.183214 0.000000 0.000000
 0.060556 0.999990 -0.999988 0.999986 1.183214 0.000000 0.000000
 0.061667 0.999987 -0.999984 0.999981 1.183213 0.000000 0.000000
 0.062778 0.999982 -0.999979 0.999975 1.183212 0.000000 0.000000
 0.063889 0.999977 -0.999972 0.999967 1.183210 0.000000 0.000000
 0.065000 0.999969 -0.999964 0.999957 1.183209 0.000000 0.000000
 0.066111 0.999960 -0.999953 0.999944 1.183207 0.000000 0.000000
 0.067222 0.999948 -0.999939 0.999928 1.183204 0.000000 0.000000
 0.068333 0.999933 -0.999921 0.999907 1.183200 0.000000 0.000000
 0.069444 0.999915 -0.999899 0.999880 1.183196 0.000000 0.000000
 0.070556 0.999891 -0.999871 0.999847 1.183190 0.000000 0.000000
 0.071667 0.999862 -0.999836 0.999806 1.183183 0.000000 0.000000
 0.072778 0.999825 -0.999793 0.999756 1.183175 0.000000 0.000000
 0.073889 0.999781 -0.999741 0.999693 1.183164 0.000000 0.000000
 0.075000 0.999726 -0.999676 0.999617 1.183151 0.000000 0.000000
 0.076111 0.999660 -0.999598 0.999524 1.183136 0.000000 0.000000
 0.077222 0.999580 -0.999503 0.999412 1.183117 0.000000 0.000000
 0.078333 0.999484 -0.999390 0.999278 1.183094 0.000000 0.000000
 0.079444 0.999370 -0.999254 0.999118 1.183067 0.000000 0.000000
 0.080556 0.999234 -0.999093 0.998928 1.183035 0.000000 0.000000
 0.081667 0.999074 -0.998904 0.998704 1.182997 0.000000 0.000000
 0.082778 0.998886 -0.998681 0.998441 1.182952 0.000000 0.000000
 0.083889 0.998667 -0.998422 0.998134 1.182900 0.000000 0.000000
 0.085000 0.998413 -0.998121 0.997778 1.182840 0.000000 0.000000
 0.086111 0.998120 -0.997774 0.997369 1.182771 0.000000 0.000000
 0.087222 0.997784 -0.997376 0.996899 1.182691 0.000000 0.000000
 0.088333 0.997401 -0.996922 0.996363 1.182600 0.000000 0.000000
 0.089444 0.996967 -0.996407 0.995756 1.182498 0.000000 0.000000
 0.090556 0.996477 -0.995826 0.995072 1.182381 0.000001 0.000000
 0.091667 0.995928 -0.995175 0.994304 1.182251 0.000001 0.000000
 0.092778 0.995315 -0.994447 0.993448 1.182106 0.000001 0.000000
 0.093889 0.994634 -0.993639 0.992497 1.181944 0.000001 0.000000
 0.095000 0.993882 -0.992745 0.991447 1.181766 0.000002 0.000000
 0.096111 0.993055 -0.991762 0.990293 1.181569 0.000002 0.000000
 0.097222 0.992151 -0.990686 0.989030 1.181354 0.000002 0.000000
 0.098333 0.991165 -0.989512 0.987656 1.181120 0.000003 0.000000
 0.099444 0.990096 -0.988238 0.986165 1.180865 0.000004 0.000000
 0.100556 0.988942 -0.986862 0.984557 1.180590 0.000004 0.000000
 0.101667 0.987700 -0.985380 0.982828 1.180294 0.000005 0.000000
 0.102778 0.986371 -0.983792 0.980977 1.179977 0.000006 0.000001
 0.103889 0.984952 -0.982095 0.979004 1.179638 0.000008 0.000001
 0.105000 0.983444 -0.980289 0.976907 1.179277 0.000009 0.000001
 0.106111 0.981847 -0.978374 0.974688 1.178895 0.000010 0.000001
 0.107222 0.980160 -0.976349 0.972347 1.178490 0.000012 0.000001
 0.108333 0.978385 -0.974216 0.969884 1.178064 0.000014 0.000001
 0.109444 0.976524 -0.971974 0.967304 1.177617 0.000016 0.000001
 0.110556 0.974576 -0.969626 0.964606 1.177148 0.000018 0.000001
 0.111667 0.972545 -0.967173 0.961795 1.176659 0.000021 0.000001
 0.112778 0.970431 -0.964616 0.958872 1.176148 0.000024 0.000001
 0.113889 0.968238 -0.961959 0.955842 1.175618 0.000027 0.000001
 0.115000 0.965967 -0.959202 0.952709 1.175068 0.000030 0.000001
 0.116111 0.963621 -0.956350 0.949475 1.174499 0.000033 0.000002
 0.117222 0.961203 -0.953403 0.946144 1.173911 0.000037 0.000002
 0.118333 0.958716 -0.950366 0.942722 1.173305 0.000041 0.000002
 0.119444 0.956162 -0.947241 0.939211 1.172681 0.000045 0.000002
 0.120556 0.953543 -0.944031 0.935617 1.172041 0.000049 0.000002
 0.121667 0.950864 -0.940739 0.931943 1.171384 0.000054 0.000002
 0.122778 0.948127 -0.937368 0.928193 1.170712 0.000058 0.000002
 0.123889 0.945334 -0.933921 0.924372 1.170024 0.000063 0.000002
 0.125000 0.942489 -0.930400 0.920485 1.169322 0.000069 0.000002
 0.126111 0.939594 -0.926810 0.916534 1.168606 0.000074 0.000002
 0.127222 0.936652 -0.923152 0.912524 1.167877 0.000080 0.000003
 0.128333 0.933666 -0.919430 0.908459 1.167135 0.000086 0.000003
 0.129444 0.930637 -0.915646 0.904342 1.166380 0.000092 0.000003
 0.130556 0.927570 -0.911803 0.900177 1.165614 0.000098 0.000003
 0.131667 0.924466 -0.907904 0.895968 1.164836 0.000105 0.000003
 0.132778 0.921327 -0.903950 0.891718 1.164048 0.000112 0.000003
 0.133889 0.918156 -0.899945 0.887431 1.163250 0.000119 0.000003
 0.135000 0.914954 -0.895891 0.883108 1.162442 0.000126 0.000003
 0.136111 0.911725 -0.891790 0.878754 1.161624 0.000133 0.000003
 0.137222 0.908469 -0.887644 0.874371 1.160798 0.000141 0.000003
 0.138333 0.905190 -0.883455 0.869962 1.159963 0.000149 0.000003
 0.139444 0.901888 -0.879226 0.865529 1.159120 0.000157 0.000003
 0.140556 0.898565 -0.874957 0.861075 1.158270 0.000165 0.000003
 0.141667 0.895223 -0.870651 0.856602 1.157412 0.000173 0.000004
 0.142778 0.891863 -0.866310 0.852112 1.156547 0.000182 0.000004
 0.143889 0.888488 -0.861935 0.847608 1.155675 0.000191 0.000004
 0.145000 0.885098 -0.857528 0.843091 1.154797 0.000200 0.000004
 0.146111 0.881695 -0.853090 0.838564 1.153913 0.000209 0.000004
 0.147222 0.878279 -0.848623 0.834027 1.153023 0.000218 0.000004
 0.148333 0.874853 -0.844128 0.829484 1.152127 0.000227 0.000004
 0.149444 0.871417 -0.839605 0.824935 1.151226 0.000237 0.000004
 0.150556 0.867973 -0.835058 0.820381 1.150320 0.000247 0.000004
 0.151667 0.864521 -0.830485 0.815825 1.149410 0.000256 0.000004
 0.152778 0.861063 -0.825890 0.811268 1.148494 0.000266 0.000004
 0.153889 0.857598 -0.821272 0.806711 1.147574 0.000277 0.000004
 0.155000 0.854129 -0.816633 0.802154 1.146650 0.000287 0.000004
 0.156111 0.850656 -0.811974 0.797600 1.145722 0.000297 0.000004
 0.157222 0.847180 -0.807295 0.793049 1.144791 0.000308 0.000004
 0.158333 0.843702 -0.802597 0.788502 1.143855 0.000319 0.000004
 0.159444 0.840221 -0.797881 0.783961 1.142916 0.000330 0.000004
 0.160556 0.836740 -0.793149 0.779425 1.141974 0.000341 0.000004
 0.161667 0.833258 -0.788400 0.774897 1.141028 0.000352 0.000004
 0.162778 0.829776 -0.783635 0.770376 1.140079 0.000363 0.000004
 0.163889 0.826294 -0.778855 0.765864 1.139128 0.000375 0.000004
 0.165000 0.822814 -0.774061 0.761361 1.138173 0.000386 0.000004
 0.166111 0.819336 -0.769253 0.756867 1.137216 0.000398 0.000004
 0.167222 0.815860 -0.764432 0.752384 1.136256 0.000410 0.000004
 0.168333 0.812386 -0.759598 0.747913 1.135293 0.000422 0.000004
 0.169444 0.808916 -0.754751 0.743452 1.134329 0.000434 0.000004
 0.170556 0.805449 -0.749893 0.739004 1.133362 0.000446 0.000005
 0.171667 0.801985 -0.745024 0.734568 1.132392 0.000458 0.000005
 0.172778 0.798526 -0.740144 0.730146 1.131421 0.000471 0.000005
 0.173889 0.795072 -0.735253 0.725736 1.130447 0.000484 0.000005
 0.175000 0.791622 -0.730352 0.721341 1.129472 0.000496 0.000005
 0.176111 0.788178 -0.725442 0.716960 1.128494 0.000509 0.000005
 0.177222 0.784739 -0.720522 0.712593 1.127515 0.000522 0.000005
 0.178333 0.781305 -0.715593 0.708242 1.126534 0.000535 0.000005
 0.179444 0.777878 -0.710655 0.703905 1.125552 0.000549 0.000005
 0.180556 0.774457 -0.705709 0.699584 1.124567 0.000562 0.000005
 0.181667 0.771042 -0.700756 0.695279 1.123582 0.000575 0.000005
 0.182778 0.767634 -0.695794 0.690990 1.122594 0.000589 0.000005
 0.183889 0.764233 -0.690825 0.686717 1.121605 0.000603 0.000005
 0.185000 0.760839 -0.685848 0.682461 1.120615 0.000617 0.000005
 0.186111 0.757453 -0.680865 0.678221 1.119624 0.000631 0.000005
 0.187222 0.754073 -0.675875 0.673999 1.118631 0.000645 0.000005
 0.188333 0.750702 -0.670878 0.669793 1.117637 0.000659 0.000005
 0.189444 0.747338 -0.665875 0.665605 1.116641 0.000673 0.000005
 0.190556 0.743982 -0.660866 0.661434 1.115645 0.000688 0.000005
 0.191667 0.740635 -0.655851 0.657280 1.114647 0.000703 0.000005
 0.192778 0.737295 -0.650830 0.653145 1.113648 0.000717 0.000005
 0.193889 0.733964 -0.645803 0.649027 1.112648 0.000732 0.000005
 0.195000 0.730641 -0.640772 0.644927 1.111648 0.000747 0.000005
 0.196111 0.727327 -0.635735 0.640845 1.110646 0.000762 0.000005
 0.197222 0.724022 -0.630693 0.636781 1.109643 0.000777 0.000005
 0.198333 0.720726 -0.625646 0.632736 1.108639 0.000793 0.000005
 0.199444 0.717438 -0.620595 0.628708 1.107634 0.000808 0.000005
 0.200556 0.714160 -0.615539 0.624700 1.106629 0.000824 0.000005
 0.201667 0.710890 -0.610478 0.620709 1.105622 0.000840 0.000005
 0.202778 0.707630 -0.605413 0.616737 1.104615 0.000855 0.000005
 0.203889 0.704379 -0.600344 0.612784 1.103607 0.000871 0.000005
 0.205000 0.701137 -0.595271 0.608849 1.102598 0.000887 0.000005
 0.206111 0.697905 -0.590194 0.604933 1.101589 0.000904 0.000005
 0.207222 0.694682 -0.585113 0.601036 1.100579 0.000920 0.000005
 0.208333 0.691469 -0.580029 0.597157 1.099568 0.000936 0.000005
 0.209444 0.688266 -0.574940 0.593297 1.098556 0.000953 0.000005
 0.210556 0.685072 -0.569849 0.589456 1.097544 0.000970 0.000005
 0.211667 0.681887 -0.564753 0.585634 1.096531 0.000987 0.000005
 0.212778 0.678713 -0.559655 0.581830 1.095517 0.001003 0.000005
 0.213889 0.675548 -0.554553 0.578046 1.094503 0.001021 0.000005
 0.215000 0.672394 -0.549448 0.574280 1.093488 0.001038 0.000005
 0.216111 0.669249 -0.544340 0.570533 1.092473 0.001055 0.000005
 0.217222 0.666114 -0.539229 0.566805 1.091457 0.001073 0.000005
 0.218333 0.662989 -0.534116 0.563095 1.090440 0.001090 0.000005
 0.219444 0.659874 -0.528999 0.559405 1.089424 0.001108 0.000005
 0.220556 0.656769 -0.523880 0.555733 1.088406 0.001126 0.000005
 0.221667 0.653674 -0.518758 0.552080 1.087388 0.001144 0.000005
 0.222778 0.650589 -0.513633 0.548446 1.086370 0.001162 0.000005
 0.223889 0.647514 -0.508506 0.544831 1.085351 0.001180 0.000005
 0.225000 0.644450 -0.503376 0.541234 1.084332 0.001198 0.000005
 0.226111 0.641395 -0.498244 0.537656 1.083312 0.001217 0.000005
 0.227222 0.638351 -0.493110 0.534097 1.082292 0.001236 0.000005
 0.228333 0.635317 -0.487973 0.530557 1.081271 0.001254 0.000005
 0.229444 0.632294 -0.482834 0.527035 1.080250 0.001273 0.000005
 0.230556 0.629280 -0.477694 0.523531 1.079229 0.001292 0.000005
 0.231667 0.626277 -0.472550 0.520047 1.078207 0.001312 0.000005
 0.232778 0.623284 -0.467405 0.516581 1.077185 0.001331 0.000005
 0.233889 0.620301 -0.462258 0.513133 1.076162 0.001350 0.000005
 0.235000 0.617329 -0.457109 0.509704 1.075139 0.001370 0.000005
 0.236111 0.614367 -0.451958 0.506293 1.074116 0.001390 0.000005
 0.237222 0.611415 -0.446806 0.502901 1.073093 0.001409 0.000005
 0.238333 0.608474 -0.441651 0.499527 1.072069 0.001429 0.000005
 0.239444 0.605543 -0.436495 0.496172 1.071045 0.001450 0.000005
 0.240556 0.602622 -0.431337 0.492835 1.070021 0.001470 0.000005
 0.241667 0.599711 -0.426178 0.489515 1.068996 0.001490 0.000005
 0.242778 0.596811 -0.421017 0.486215 1.067971 0.001511 0.000005
 0.243889 0.593922 -0.415854 0.482932 1.066946 0.001531 0.000005
 0.245000 0.591042 -0.410690 0.479667 1.065921 0.001552 0.000005
 0.246111 0.588173 -0.405525 0.476421 1.064895 0.001573 0.000005
 0.247222 0.585315 -0.400358 0.473192 1.063869 0.001594 0.000005
 0.248333 0.582467 -0.395189 0.469982 1.062843 0.001616 0.000005
 0.249444 0.579629 -0.390020 0.466789 1.061817 0.001637 0.000005
 0.250556 0.576801 -0.384849 0.463614 1.060790 0.001659 0.000005
 0.251667 0.573984 -0.379677 0.460458 1.059763 0.001680 0.000005
 0.252778 0.571177 -0.374504 0.457318 1.058736 0.001702 0.000005
 0.253889 0.568381 -0.369330 0.454197 1.057709 0.001724 0.000005
 0.255000 0.565595 -0.364154 0.451093 1.056682 0.001746 0.000005
 0.256111 0.562819 -0.358978 0.448007 1.055655 0.001768 0.000005
 0.257222 0.560054 -0.353800 0.444938 1.054627 0.001791 0.000005
 0.258333 0.557299 -0.348622 0.441887 1.053599 0.001813 0.000005
 0.259444 0.554554 -0.343443 0.438853 1.052571 0.001836 0.000005
 0.260556 0.551820 -0.338263 0.435837 1.051543 0.001859 0.000005
 0.261667 0.549096 -0.333082 0.432838 1.050515 0.001882 0.000005
 0.262778 0.546383 -0.327900 0.429856 1.049487 0.001905 0.000005
 0.263889 0.543680 -0.322718 0.426892 1.048459 0.001929 0.000004
 0.265000 0.540987 -0.317534 0.423945 1.047431 0.001952 0.000004
 0.266111 0.538304 -0.312351 0.421015 1.046402 0.001976 0.000004
 0.267222 0.535632 -0.307166 0.418101 1.045374 0.001999 0.000004
 0.268333 0.532970 -0.301982 0.415205 1.044345 0.002023 0.000004
 0.269444 0.530319 -0.296796 0.412326 1.043316 0.002047 0.000004
 0.270556 0.527678 -0.291611 0.409464 1.042288 0.002072 0.000004
 0.271667 0.525047 -0.286424 0.406619 1.041259 0.002096 0.000004
 0.272778 0.522426 -0.281238 0.403791 1.040230 0.002121 0.000004
 0.273889 0.519816 -0.276051 0.400979 1.039202 0.002145 0.000004
 0.275000 0.517216 -0.270864 0.398184 1.038173 0.002170 0.000004
 0.276111 0.514627 -0.265677 0.395406 1.037144 0.002195 0.000004
 0.277222 0.512048 -0.260490 0.392644 1.036116 0.002221 0.000004
 0.278333 0.509479 -0.255303 0.389899 1.035087 0.002246 0.000004
 0.279444 0.506920 -0.250116 0.387170 1.034059 0.002271 0.000004
 0.280556 0.504372 -0.244929 0.384458 1.033030 0.002297 0.000004
 0.281667 0.501834 -0.239742 0.381762 1.032002 0.002323 0.000004
 0.282778 0.499307 -0.234555 0.379083 1.030974 0.002349 0.000004
 0.283889 0.496789 -0.229369 0.376420 1.029945 0.002375 0.000004
 0.285000 0.494282 -0.224183 0.373773 1.028917 0.002401 0.000004
 0.286111 0.491786 -0.218997 0.371143 1.027890 0.002428 0.000004
 0.287222 0.489300 -0.213813 0.368528 1.026862 0.002455 0.000004
 0.288333 0.486824 -0.208628 0.365930 1.025834 0.002481 0.000004
 0.289444 0.484358 -0.203445 0.363348 1.024807 0.002508 0.000004
 0.290556 0.481903 -0.198262 0.360782 1.023780 0.002536 0.000004
 0.291667 0.479458 -0.193080 0.358232 1.022753 0.002563 0.000004
 0.292778 0.477024 -0.187899 0.355698 1.021726 0.002590 0.000004
 0.293889 0.474600 -0.182719 0.353180 1.020700 0.002618 0.000004
 0.295000 0.472186 -0.177541 0.350678 1.019674 0.002646 0.000004
 0.296111 0.469783 -0.172364 0.348191 1.018648 0.002674 0.000004
 0.297222 0.467391 -0.167188 0.345721 1.017623 0.002702 0.000004
 0.298333 0.465009 -0.162014 0.343266 1.016598 0.002731 0.000004
 0.299444 0.462637 -0.156842 0.340828 1.015573 0.002759 0.000004
 0.300556 0.460276 -0.151671 0.338405 1.014549 0.002788 0.000004
 0.301667 0.457925 -0.146503 0.335997 1.013525 0.002817 0.000004
 0.302778 0.455585 -0.141336 0.333606 1.012502 0.002846 0.000004
 0.303889 0.453256 -0.136172 0.331230 1.011479 0.002875 0.000004
 0.305000 0.450937 -0.131011 0.328870 1.010457 0.002904 0.000004
 0.306111 0.448629 -0.125852 0.326525 1.009436 0.002934 0.000004
 0.307222 0.446332 -0.120697 0.324197 1.008415 0.002964 0.000003
 0.308333 0.444046 -0.115544 0.321884 1.007395 0.002994 0.000003
 0.309444 0.441770 -0.110395 0.319586 1.006375 0.003024 0.000003
 0.310556 0.439505 -0.105249 0.317304 1.005356 0.003054 0.000003
 0.311667 0.437252 -0.100107 0.315039 1.004338 0.003084 0.000003
 0.312778 0.435009 -0.094970 0.312788 1.003321 0.003115 0.000003
 0.313889 0.432778 -0.089837 0.310554 1.002305 0.003146 0.000003
 0.315000 0.430557 -0.084708 0.308335 1.001290 0.003177 0.000003
 0.316111 0.428348 -0.079585 0.306132 1.000276 0.003208 0.000003
 0.317222 0.426151 -0.074467 0.303945 0.999263 0.003239 0.000003
 0.318333 0.423964 -0.069354 0.301774 0.998252 0.003270 0.000003
 0.319444 0.421790 -0.064248 0.299618 0.997241 0.003302 0.000003
 0.320556 0.419627 -0.059149 0.297479 0.996232 0.003334 0.000003
 0.321667 0.417476 -0.054056 0.295356 0.995225 0.003366 0.000003
 0.322778 0.415337 -0.048971 0.293249 0.994219 0.003398 0.000003
 0.323889 0.413210 -0.043895 0.291158 0.993214 0.003430 0.000003
 0.325000 0.411095 -0.038827 0.289084 0.992212 0.003463 0.000003
 0.326111 0.408993 -0.033768 0.287026 0.991211 0.003495 0.000003
 0.327222 0.406904 -0.028719 0.284984 0.990213 0.003528 0.000003
 0.328333 0.404827 -0.023680 0.282959 0.989216 0.003561 0.000003
 0.329444 0.402764 -0.018653 0.280952 0.988222 0.003594 0.000003
 0.330556 0.400714 -0.013638 0.278961 0.987231 0.003628 0.000003
 0.331667 0.398677 -0.008636 0.276987 0.986242 0.003661 0.000002
 0.332778 0.396655 -0.003649 0.275032 0.985255 0.003695 0.000002
 0.333889 0.394647 0.001324 0.273093 0.984272 0.003728 0.000002
 0.335000 0.392653 0.006281 0.271173 0.983293 0.003763 0.000002
 0.336111 0.390674 0.011220 0.269271 0.982316 0.003797 0.000002
 0.337222 0.388711 0.016141 0.267388 0.981344 0.003831 0.000002
 0.338333 0.386763 0.021042 0.265523 0.980376 0.003866 0.000002
 0.339444 0.384832 0.025922 0.263678 0.979411 0.003900 0.000002
 0.340556 0.382917 0.030778 0.261852 0.978452 0.003935 0.000002
 0.341667 0.381020 0.035609 0.260047 0.977498 0.003970 0.000002
 0.342778 0.379141 0.040414 0.258262 0.976549 0.004005 0.000002
 0.343889 0.377281 0.045189 0.256498 0.975605 0.004040 0.000002
 0.345000 0.375439 0.049934 0.254757 0.974668 0.004075 0.000002
 0.346111 0.373618 0.054645 0.253037 0.973738 0.004110 0.000002
 0.347222 0.371818 0.059320 0.251341 0.972815 0.004146 0.000002
 0.348333 0.370039 0.063956 0.249668 0.971900 0.004181 0.000002
 0.349444 0.368284 0.068550 0.248020 0.970993 0.004217 0.000001
 0.350556 0.366552 0.073099 0.246398 0.970096 0.004252 0.000001
 0.351667 0.364845 0.077599 0.244801 0.969208 0.004288 0.000001
 0.352778 0.363164 0.082046 0.243233 0.968330 0.004324 0.000001
 0.353889 0.361511 0.086437 0.241693 0.967464 0.004359 0.000001
 0.355000 0.359887 0.090766 0.240182 0.966611 0.004395 0.000001
 0.356111 0.358292 0.095029 0.238703 0.965770 0.004431 0.000001
 0.357222 0.356730 0.099222 0.237255 0.964944 0.004467 0.000001
 0.358333 0.355202 0.103338 0.235842 0.964133 0.004502 0.000001
 0.359444 0.353709 0.107372 0.234463 0.963338 0.004538 0.000001
 0.360556 0.352253 0.111319 0.233121 0.962560 0.004574 0.000001
 0.361667 0.350836 0.115172 0.231818 0.961802 0.004609 0.000000
 0.362778 0.349460 0.118924 0.230555 0.961064 0.004645 0.000000
 0.363889 0.348127 0.122570 0.229333 0.960347 0.004680 0.000000
 0.365000 0.346840 0.126101 0.228154 0.959652 0.004716 0.000000
 0.366111 0.345600 0.129513 0.227021 0.958982 0.004751 -0.000000
 0.367222 0.344409 0.132797 0.225935 0.958337 0.004787 -0.000000
 0.368333 0.343270 0.135948 0.224897 0.957719 0.004822 -0.000000
 0.369444 0.342183 0.138958 0.223909 0.957129 0.004857 -0.000000
 0.370556 0.341152 0.141823 0.222972 0.956568 0.004892 -0.000000
 0.371667 0.340177 0.144536 0.222089 0.956037 0.004927 -0.000001
 0.372778 0.339259 0.147094 0.221258 0.955538 0.004962 -0.000001
 0.373889 0.338400 0.149492 0.220482 0.955070 0.004998 -0.000001
 0.375000 0.337600 0.151728 0.219760 0.954635 0.005033 -0.000001
 0.376111 0.336859 0.153801 0.219093 0.954233 0.005068 -0.000001
 0.377222 0.336177 0.155711 0.218480 0.953863 0.005104 -0.000001
 0.378333 0.335553 0.157458 0.217920 0.953525 0.005139 -0.000001
 0.379444 0.334986 0.159047 0.217413 0.953220 0.005175 -0.000001
 0.380556 0.334474 0.160482 0.216955 0.952945 0.005211 -0.000001
 0.381667 0.334014 0.161768 0.216546 0.952701 0.005248 -0.000001
 0.382778 0.333604 0.162913 0.216182 0.952484 0.005285 -0.000001
 0.383889 0.333242 0.163924 0.215861 0.952295 0.005322 -0.000001
 0.385000 0.332923 0.164812 0.215580 0.952130 0.005359 -0.000001
 0.386111 0.332643 0.165586 0.215335 0.951989 0.005397 -0.000001
 0.387222 0.332400 0.166256 0.215123 0.951868 0.005435 -0.000001
 0.388333 0.332190 0.166834 0.214940 0.951765 0.005474 -0.000001
 0.389444 0.332008 0.167330 0.214784 0.951680 0.005514 -0.000001
 0.390556 0.331851 0.167753 0.214651 0.951609 0.005554 -0.000001
 0.391667 0.331716 0.168113 0.214537 0.951551 0.005594 -0.000001
 0.392778 0.331600 0.168420 0.214441 0.951504 0.005635 -0.000002
 0.393889 0.331499 0.168681 0.214359 0.951466 0.005677 -0.000002
 0.395000 0.331412 0.168904 0.214289 0.951436 0.005719 -0.000002
 0.396111 0.331336 0.169094 0.214229 0.951413 0.005762 -0.000002
 0.397222 0.331269 0.169258 0.214178 0.951395 0.005806 -0.000002
 0.398333 0.331209 0.169400 0.214133 0.951382 0.005850 -0.000002
 0.399444 0.331156 0.169523 0.214095 0.951373 0.005895 -0.000002
 0.400556 0.331108 0.169632 0.214061 0.951367 0.005941 -0.000002
 0.401667 0.331063 0.169729 0.214031 0.951363 0.005987 -0.000002
 0.402778 0.331022 0.169815 0.214004 0.951362 0.006035 -0.000002
 0.403889 0.330984 0.169893 0.213979 0.951363 0.006083 -0.000002
 0.405000 0.330949 0.169964 0.213957 0.951366 0.006131 -0.000002
 0.406111 0.330915 0.170029 0.213937 0.951370 0.006181 -0.000002
 0.407222 0.330882 0.170088 0.213919 0.951375 0.006231 -0.000002
 0.408333 0.330851 0.170144 0.213902 0.951382 0.006283 -0.000002
 0.409444 0.330821 0.170195 0.213886 0.951389 0.006335 -0.000002
 0.410556 0.330793 0.170243 0.213871 0.951398 0.006388 -0.000002
 0.411667 0.330765 0.170288 0.213857 0.951408 0.006442 -0.000002
 0.412778 0.330737 0.170331 0.213844 0.951418 0.006497 -0.000002
 0.413889 0.330711 0.170371 0.213832 0.951429 0.006553 -0.000002
 0.415000 0.330684 0.170408 0.213821 0.951441 0.006609 -0.000002
 0.416111 0.330659 0.170444 0.213810 0.951454 0.006667 -0.000002
 0.417222 0.330634 0.170477 0.213800 0.951468 0.006726 -0.000002
 0.418333 0.330609 0.170509 0.213790 0.951482 0.006786 -0.000002
 0.419444 0.330584 0.170539 0.213781 0.951497 0.006848 -0.000002
 0.420556 0.330560 0.170568 0.213772 0.951513 0.006910 -0.000002
 0.421667 0.330536 0.170595 0.213764 0.951529 0.006973 -0.000002
 0.422778 0.330512 0.170621 0.213756 0.951546 0.007038 -0.000002
 0.423889 0.330488 0.170646 0.213749 0.951564 0.007104 -0.000002
 0.425000 0.330465 0.170670 0.213742 0.951582 0.007171 -0.000003
 0.426111 0.330441 0.170692 0.213735 0.951601 0.007240 -0.000003
 0.427222 0.330417 0.170714 0.213729 0.951621 0.007310 -0.000003
 0.428333 0.330394 0.170735 0.213722 0.951641 0.007381 -0.000003
 0.429444 0.330370 0.170755 0.213717 0.951662 0.007454 -0.000003
 0.430556 0.330346 0.170774 0.213711 0.951684 0.007529 -0.000003
 0.431667 0.330322 0.170792 0.213706 0.951706 0.007605 -0.000003
 0.432778 0.330298 0.170810 0.213700 0.951729 0.007682 -0.000003
 0.433889 0.330274 0.170827 0.213696 0.951753 0.007761 -0.000003
 0.435000 0.330250 0.170843 0.213691 0.951778 0.007842 -0.000003
 0.436111 0.330225 0.170859 0.213686 0.951803 0.007925 -0.000003
 0.437222 0.330201 0.170874 0.213682 0.951829 0.008010 -0.000003
 0.438333 0.330176 0.170889 0.213678 0.951856 0.008096 -0.000003
 0.439444 0.330150 0.170903 0.213674 0.951883 0.008185 -0.000003
 0.440556 0.330125 0.170916 0.213670 0.951911 0.008275 -0.000003
 0.441667 0.330099 0.170930 0.213666 0.951941 0.008368 -0.000003
 0.442778 0.330073 0.170942 0.213663 0.951971 0.008462 -0.000004
 0.443889 0.330046 0.170955 0.213659 0.952001 0.008559 -0.000004
 0.445000 0.330019 0.170967 0.213656 0.952033 0.008659 -0.000004
 0.446111 0.329991 0.170978 0.213653 0.952066 0.008760 -0.000004
 0.447222 0.329963 0.170990 0.213649 0.952099 0.008865 -0.000004
 0.448333 0.329935 0.171001 0.213646 0.952133 0.008972 -0.000004
 0.449444 0.329906 0.171011 0.213644 0.952169 0.009081 -0.000004
 0.450556 0.329876 0.171022 0.213641 0.952205 0.009194 -0.000004
 0.451667 0.329846 0.171032 0.213638 0.952243 0.009309 -0.000004
 0.452778 0.329815 0.171042 0.213635 0.952282 0.009428 -0.000004
 0.453889 0.329784 0.171051 0.213633 0.952321 0.009550 -0.000005
 0.455000 0.329752 0.171060 0.213631 0.952362 0.009675 -0.000005
 0.456111 0.329719 0.171069 0.213628 0.952405 0.009803 -0.000005
 0.457222 0.329685 0.171078 0.213626 0.952448 0.009936 -0.000005
 0.458333 0.329650 0.171087 0.213624 0.952493 0.010072 -0.000005
 0.459444 0.329615 0.171095 0.213621 0.952539 0.010212 -0.000005
 0.460556 0.329579 0.171104 0.213619 0.952587 0.010356 -0.000005
 0.461667 0.329542 0.171112 0.213617 0.952636 0.010504 -0.000006
 0.462778 0.329504 0.171120 0.213615 0.952687 0.010657 -0.000006
 0.463889 0.329464 0.171127 0.213613 0.952739 0.010815 -0.000006
 0.465000 0.329424 0.171135 0.213612 0.952794 0.010978 -0.000006
 0.466111 0.329382 0.171142 0.213610 0.952850 0.011146 -0.000006
 0.467222 0.329340 0.171150 0.213608 0.952908 0.011319 -0.000006
 0.468333 0.329296 0.171157 0.213606 0.952968 0.011499 -0.000007
 0.469444 0.329250 0.171164 0.213605 0.953030 0.011684 -0.000007
 0.470556 0.329203 0.171171 0.213603 0.953094 0.011876 -0.000007
 0.471667 0.329155 0.171177 0.213602 0.953161 0.012075 -0.000007
 0.472778 0.329105 0.171184 0.213600 0.953230 0.012281 -0.000008
 0.473889 0.329053 0.171190 0.213599 0.953301 0.012494 -0.000008
 0.475000 0.328999 0.171197 0.213597 0.953376 0.012716 -0.000008
 0.476111 0.328944 0.171203 0.213596 0.953453 0.012946 -0.000009
 0.477222 0.328886 0.171209 0.213594 0.953534 0.013185 -0.000009
 0.478333 0.328826 0.171215 0.213593 0.953618 0.013433 -0.000009
 0.479444 0.328764 0.171221 0.213592 0.953705 0.013692 -0.000010
 0.480556 0.328699 0.171227 0.213590 0.953796 0.013962 -0.000010
 0.481667 0.328632 0.171233 0.213589 0.953891 0.014244 -0.000011
 0.482778 0.328562 0.171238 0.213588 0.953991 0.014538 -0.000011
 0.483889 0.328488 0.171244 0.213587 0.954095 0.014845 -0.000011
 0.485000 0.328411 0.171249 0.213586 0.954204 0.015167 -0.000012
 0.486111 0.328331 0.171255 0.213585 0.954318 0.015504 -0.000013
 0.487222 0.328247 0.171260 0.213584 0.954438 0.015858 -0.000013
 0.488333 0.328159 0.171266 0.213583 0.954564 0.016230 -0.000014
 0.489444 0.328066 0.171271 0.213582 0.954697 0.016621 -0.000015
 0.490556 0.327968 0.171276 0.213581 0.954837 0.017034 -0.000015
 0.491667 0.327865 0.171281 0.213580 0.954985 0.017470 -0.000016
 0.492778 0.327756 0.171286 0.213579 0.955142 0.017931 -0.000017
 0.493889 0.327641 0.171291 0.213578 0.955308 0.018420 -0.000018
 0.495000 0.327518 0.171296 0.213577 0.955485 0.018939 -0.000019
 0.496111 0.327388 0.171301 0.213576 0.955673 0.019493 -0.000021
 0.497222 0.327249 0.171306 0.213575 0.955874 0.020084 -0.000022
 0.498333 0.327100 0.171310 0.213575 0.956090 0.020717 -0.000024
 0.499444 0.326940 0.171315 0.213574 0.956322 0.021397 -0.000025
 0.500556 0.326768 0.171320 0.213573 0.956572 0.022130 -0.000027
 0.501667 0.326582 0.171324 0.213572 0.956842 0.022924 -0.000030
 0.502778 0.326380 0.171329 0.213572 0.957137 0.023788 -0.000032
 0.503889 0.326159 0.171333 0.213571 0.957459 0.024731 -0.000035
 0.505000 0.325917 0.171338 0.213570 0.957813 0.025768 -0.000039
 0.506111 0.325650 0.171342 0.213570 0.958205 0.026915 -0.000043
 0.507222 0.325352 0.171347 0.213569 0.958642 0.028193 -0.000048
 0.508333 0.325018 0.171351 0.213569 0.959134 0.029629 -0.000054
 0.509444 0.324640 0.171355 0.213568 0.959690 0.031253 -0.000061
 0.510556 0.324211 0.171360 0.213567 0.960323 0.033101 -0.000069
 0.511667 0.323726 0.171364 0.213567 0.961042 0.035196 -0.000079
 0.512778 0.323185 0.171368 0.213566 0.961844 0.037534 -0.000088
 0.513889 0.322608 0.171373 0.213566 0.962703 0.040035 -0.000094
 0.515000 0.322044 0.171377 0.213565 0.963545 0.042482 -0.000091
 0.516111 0.321596 0.171381 0.213565 0.964214 0.044426 -0.000072
 0.517222 0.321442 0.171385 0.213564 0.964444 0.045096 -0.000023
 0.518333 0.321851 0.171389 0.213564 0.963831 0.043315 0.000070
 0.519444 0.323193 0.171393 0.213564 0.961826 0.037487 0.000223
 0.520556 0.325928 0.171397 0.213563 0.957782 0.025689 0.000447
 0.521667 0.330567 0.171401 0.213563 0.951037 0.005902 0.000745
 0.522778 0.337613 0.171405 0.213562 0.941059 -0.023629 0.001104
 0.523889 0.347486 0.171409 0.213562 0.927594 -0.063983 0.001500
 0.525000 0.360439 0.171413 0.213562 0.910772 -0.115225 0.001894
 0.526111 0.376502 0.171417 0.213561 0.891132 -0.176265 0.002244
 0.527222 0.395439 0.171421 0.213561 0.869532 -0.244969 0.002515
 0.528333 0.416761 0.171425 0.213561 0.846996 -0.318495 0.002683
 0.529444 0.439771 0.171429 0.213560 0.824539 -0.393734 0.002740
 0.530556 0.463640 0.171433 0.213560 0.803033 -0.467732 0.002692
 0.531667 0.487503 0.171437 0.213560 0.783132 -0.537995 0.002556
 0.532778 0.510549 0.171441 0.213559 0.765252 -0.602665 0.002354
 0.533889 0.532102 0.171445 0.213559 0.749593 -0.660555 0.002110
 0.535000 0.551665 0.171449 0.213559 0.736182 -0.711102 0.001845
 0.536111 0.568938 0.171453 0.213559 0.724920 -0.754266 0.001578
 0.537222 0.583813 0.171457 0.213558 0.715625 -0.790400 0.001323
 0.538333 0.596340 0.171460 0.213558 0.708068 -0.820125 0.001090
 0.539444 0.606690 0.171464 0.213558 0.702002 -0.844214 0.000885
 0.540556 0.615105 0.171468 0.213558 0.697183 -0.863502 0.000709
 0.541667 0.621867 0.171472 0.213557 0.693382 -0.878809 0.000563
 0.542778 0.627257 0.171476 0.213557 0.690396 -0.890892 0.000445
 0.543889 0.631540 0.171480 0.213557 0.688051 -0.900419 0.000351
 0.545000 0.634948 0.171484 0.213557 0.686202 -0.907953 0.000278
 0.546111 0.637675 0.171487 0.213557 0.684733 -0.913954 0.000222
 0.547222 0.639878 0.171491 0.213557 0.683553 -0.918784 0.000178
 0.548333 0.641682 0.171495 0.213557 0.682592 -0.922725 0.000146
 0.549444 0.643181 0.171499 0.213557 0.681796 -0.925990 0.000121
 0.550556 0.644445 0.171503 0.213557 0.681127 -0.928739 0.000102
 0.551667 0.645528 0.171507 0.213557 0.680555 -0.931090 0.000087
 0.552778 0.646469 0.171511 0.213557 0.680060 -0.933128 0.000076
 0.553889 0.647297 0.171515 0.213557 0.679626 -0.934919 0.000066
 0.555000 0.648033 0.171519 0.213558 0.679240 -0.936509 0.000059
 0.556111 0.648693 0.171523 0.213558 0.678894 -0.937934 0.000053
 0.557222 0.649291 0.171527 0.213558 0.678582 -0.939222 0.000048
 0.558333 0.649836 0.171531 0.213558 0.678298 -0.940394 0.000044
 0.559444 0.650334 0.171535 0.213559 0.678039 -0.941467 0.000040
 0.560556 0.650793 0.171539 0.213559 0.677800 -0.942453 0.000037
 0.561667 0.651218 0.171543 0.213560 0.677580 -0.943364 0.000034
 0.562778 0.651612 0.171548 0.213560 0.677376 -0.944208 0.000031
 0.563889 0.651979 0.171552 0.213561 0.677186 -0.944994 0.000029
 0.565000 0.652322 0.171556 0.213561 0.677009 -0.945728 0.000027
 0.566111 0.652643 0.171561 0.213562 0.676843 -0.946415 0.000026
 0.567222 0.652945 0.171565 0.213562 0.676687 -0.947059 0.000024
 0.568333 0.653229 0.171570 0.213563 0.676541 -0.947666 0.000023
 0.569444 0.653498 0.171574 0.213564 0.676403 -0.948238 0.000021
 0.570556 0.653752 0.171579 0.213564 0.676273 -0.948778 0.000020
 0.571667 0.653993 0.171583 0.213565 0.676150 -0.949290 0.000019
 0.572778 0.654221 0.171588 0.213566 0.676033 -0.949775 0.000018
 0.573889 0.654439 0.171593 0.213567 0.675922 -0.950237 0.000017
 0.575000 0.654646 0.171598 0.213568 0.675817 -0.950675 0.000016
 0.576111 0.654844 0.171603 0.213569 0.675716 -0.951094 0.000016
 0.577222 0.655033 0.171608 0.213570 0.675620 -0.951493 0.000015
 0.578333 0.655214 0.171614 0.213571 0.675529 -0.951874 0.000014
 0.579444 0.655388 0.171619 0.213573 0.675441 -0.952239 0.000014
 0.580556 0.655554 0.171624 0.213574 0.675358 -0.952588 0.000013
 0.581667 0.655714 0.171630 0.213575 0.675277 -0.952924 0.000013
 0.582778 0.655868 0.171636 0.213577 0.675200 -0.953245 0.000012
 0.583889 0.656016 0.171642 0.213578 0.675127 -0.953554 0.000012
 0.585000 0.656159 0.171648 0.213580 0.675056 -0.953851 0.000011
 0.586111 0.656297 0.171654 0.213582 0.674988 -0.954137 0.000011
 0.587222 0.656430 0.171661 0.213583 0.674922 -0.954413 0.000010
 0.588333 0.656559 0.171667 0.213585 0.674859 -0.954679 0.000010
 0.589444 0.656683 0.171674 0.213587 0.674798 -0.954935 0.000010
 0.590556 0.656804 0.171681 0.213589 0.674739 -0.955183 0.000009
 0.591667 0.656921 0.171689 0.213592 0.674683 -0.955422 0.000009
 0.592778 0.657035 0.171696 0.213594 0.674628 -0.955653 0.000009
 0.593889 0.657146 0.171704 0.213597 0.674575 -0.955877 0.000008
 0.595000 0.657253 0.171713 0.213599 0.674524 -0.956093 0.000008
 0.596111 0.657358 0.171722 0.213602 0.674475 -0.956303 0.000008
 0.597222 0.657461 0.171731 0.213605 0.674427 -0.956507 0.000008
 0.598333 0.657561 0.171741 0.213609 0.674381 -0.956704 0.000007
 0.599444 0.657659 0.171751 0.213613 0.674337 -0.956895 0.000007
 0.600556 0.657755 0.171763 0.213617 0.674294 -0.957081 0.000007
 0.601667 0.657850 0.171775 0.213621 0.674253 -0.957261 0.000007
 0.602778 0.657944 0.171789 0.213626 0.674213 -0.957437 0.000007
 0.603889 0.658037 0.171804 0.213632 0.674174 -0.957607 0.000006
 0.605000 0.658130 0.171821 0.213639 0.674138 -0.957773 0.000006
 0.606111 0.658224 0.171842 0.213647 0.674103 -0.957934 0.000006
 0.607222 0.658319 0.171866 0.213657 0.674069 -0.958091 0.000006
 0.608333 0.658418 0.171895 0.213669 0.674038 -0.958244 0.000006
 0.609444 0.658521 0.171931 0.213684 0.674009 -0.958393 0.000006
 0.610556 0.658630 0.171975 0.213703 0.673982 -0.958538 0.000005
 0.611667 0.658749 0.172030 0.213726 0.673959 -0.958680 0.000005
 0.612778 0.658879 0.172098 0.213756 0.673939 -0.958818 0.000005
 0.613889 0.659025 0.172185 0.213794 0.673923 -0.958952 0.000005
 0.615000 0.659192 0.172294 0.213842 0.673913 -0.959084 0.000005
 0.616111 0.659385 0.172431 0.213902 0.673909 -0.959212 0.000005
 0.617222 0.659609 0.172602 0.213977 0.673913 -0.959337 0.000005
 0.618333 0.659873 0.172814 0.214070 0.673926 -0.959460 0.000005
 0.619444 0.660185 0.173077 0.214186 0.673949 -0.959580 0.000005
 0.620556 0.660553 0.173398 0.214328 0.673985 -0.959697 0.000004
 0.621667 0.660988 0.173788 0.214501 0.674035 -0.959811 0.000004
 0.622778 0.661499 0.174257 0.214710 0.674101 -0.959923 0.000004
 0.623889 0.662099 0.174816 0.214959 0.674186 -0.960033 0.000004
 0.625000 0.662798 0.175477 0.215253 0.674292 -0.960141 0.000004
 0.626111 0.663607 0.176251 0.215599 0.674421 -0.960247 0.000004
 0.627222 0.664538 0.177147 0.216000 0.674575 -0.960351 0.000004
 0.628333 0.665601 0.178177 0.216461 0.674757 -0.960453 0.000004
 0.629444 0.666805 0.179350 0.216988 0.674967 -0.960553 0.000004
 0.630556 0.668159 0.180673 0.217583 0.675207 -0.960653 0.000004
 0.631667 0.669671 0.182153 0.218252 0.675479 -0.960750 0.000004
 0.632778 0.671347 0.183795 0.218995 0.675784 -0.960847 0.000004
 0.633889 0.673190 0.185603 0.219817 0.676123 -0.960943 0.000004
 0.635000 0.675205 0.187579 0.220717 0.676495 -0.961038 0.000005
 0.636111 0.677393 0.189724 0.221699 0.676901 -0.961132 0.000005
 0.637222 0.679755 0.192036 0.222761 0.677340 -0.961226 0.000005
 0.638333 0.682290 0.194512 0.223904 0.677813 -0.961319 0.000005
 0.639444 0.684996 0.197151 0.225127 0.678318 -0.961412 0.000005
 0.640556 0.687869 0.199946 0.226429 0.678855 -0.961505 0.000005
 0.641667 0.690906 0.202893 0.227809 0.679422 -0.961597 0.000006
 0.642778 0.694103 0.205985 0.229265 0.680018 -0.961689 0.000006
 0.643889 0.697455 0.209217 0.230795 0.680643 -0.961781 0.000006
 0.645000 0.700956 0.212581 0.232397 0.681293 -0.961873 0.000006
 0.646111 0.704601 0.216070 0.234069 0.681969 -0.961965 0.000007
 0.647222 0.708383 0.219677 0.235809 0.682668 -0.962057 0.000007
 0.648333 0.712298 0.223395 0.237613 0.683390 -0.962149 0.000007
 0.649444 0.716340 0.227217 0.239481 0.684132 -0.962240 0.000007
 0.650556 0.720503 0.231137 0.241410 0.684894 -0.962332 0.000007
 0.651667 0.724781 0.235147 0.243397 0.685674 -0.962423 0.000008
 0.652778 0.729170 0.239242 0.245440 0.686471 -0.962515 0.000008
 0.653889 0.733664 0.243416 0.247538 0.687284 -0.962606 0.000008
 0.655000 0.738259 0.247662 0.249688 0.688111 -0.962697 0.000008
 0.656111 0.742950 0.251976 0.251889 0.688952 -0.962788 0.000008
 0.657222 0.747733 0.256353 0.254140 0.689806 -0.962878 0.000009
 0.658333 0.752604 0.260788 0.256437 0.690671 -0.962968 0.000009
 0.659444 0.757560 0.265276 0.258781 0.691547 -0.963058 0.000009
 0.660556 0.762596 0.269814 0.261170 0.692434 -0.963147 0.000009
 0.661667 0.767710 0.274398 0.263601 0.693329 -0.963237 0.000009
 0.662778 0.772899 0.279024 0.266075 0.694233 -0.963325 0.000009
 0.663889 0.778159 0.283689 0.268591 0.695145 -0.963414 0.000010
 0.665000 0.783490 0.288390 0.271146 0.696064 -0.963501 0.000010
 0.666111 0.788887 0.293125 0.273741 0.696990 -0.963589 0.000010
 0.667222 0.794349 0.297891 0.276374 0.697922 -0.963676 0.000010
 0.668333 0.799874 0.302685 0.279045 0.698860 -0.963762 0.000010
 0.669444 0.805460 0.307505 0.281753 0.699803 -0.963848 0.000010
 0.670556 0.811106 0.312350 0.284497 0.700752 -0.963933 0.000010
 0.671667 0.816809 0.317217 0.287277 0.701705 -0.964018 0.000010
 0.672778 0.822569 0.322105 0.290093 0.702662 -0.964102 0.000011
 0.673889 0.828384 0.327012 0.292943 0.703623 -0.964186 0.000011
 0.675000 0.834252 0.331936 0.295828 0.704588 -0.964269 0.000011
 0.676111 0.840174 0.336878 0.298747 0.705556 -0.964352 0.000011
 0.677222 0.846147 0.341834 0.301700 0.706527 -0.964434 0.000011
 0.678333 0.852170 0.346804 0.304687 0.707502 -0.964515 0.000011
 0.679444 0.858244 0.351787 0.307706 0.708479 -0.964596 0.000011
 0.680556 0.864366 0.356781 0.310759 0.709458 -0.964676 0.000011
 0.681667 0.870537 0.361787 0.313844 0.710440 -0.964755 0.000011
 0.682778 0.876755 0.366803 0.316962 0.711424 -0.964834 0.000011
 0.683889 0.883021 0.371828 0.320113 0.712410 -0.964912 0.000011
 0.685000 0.889333 0.376862 0.323296 0.713398 -0.964990 0.000011
 0.686111 0.895690 0.381903 0.326511 0.714388 -0.965067 0.000011
 0.687222 0.902093 0.386952 0.329758 0.715379 -0.965143 0.000011
 0.688333 0.908541 0.392007 0.333038 0.716372 -0.965219 0.000011
 0.689444 0.915034 0.397069 0.336349 0.717366 -0.965294 0.000012
 0.690556 0.921570 0.402136 0.339692 0.718361 -0.965368 0.000012
 0.691667 0.928151 0.407208 0.343068 0.719357 -0.965442 0.000012
 0.692778 0.934775 0.412285 0.346475 0.720355 -0.965516 0.000012
 0.693889 0.941442 0.417365 0.349914 0.721353 -0.965588 0.000012
 0.695000 0.948151 0.422450 0.353385 0.722352 -0.965660 0.000012
 0.696111 0.954904 0.427538 0.356888 0.723353 -0.965731 0.000012
 0.697222 0.961698 0.432629 0.360423 0.724353 -0.965802 0.000012
 0.698333 0.968535 0.437723 0.363989 0.725355 -0.965872 0.000012
 0.699444 0.975414 0.442819 0.367588 0.726357 -0.965942 0.000012
 0.700556 0.982335 0.447917 0.371219 0.727360 -0.966010 0.000012
 0.701667 0.989297 0.453017 0.374882 0.728363 -0.966079 0.000012
 0.702778 0.996300 0.458119 0.378577 0.729367 -0.966146 0.000012
 0.703889 1.003345 0.463221 0.382304 0.730371 -0.966213 0.000012
 0.705000 1.010430 0.468325 0.386064 0.731375 -0.966280 0.000012
 0.706111 1.017557 0.473430 0.389856 0.732380 -0.966345 0.000012
 0.707222 1.024724 0.478535 0.393680 0.733385 -0.966410 0.000012
 0.708333 1.031933 0.483640 0.397537 0.734390 -0.966475 0.000012
 0.709444 1.039181 0.488746 0.401426 0.735396 -0.966539 0.000012
 0.710556 1.046470 0.493851 0.405347 0.736401 -0.966602 0.000012
 0.711667 1.053800 0.498956 0.409302 0.737406 -0.966665 0.000012
 0.712778 1.061169 0.504061 0.413289 0.738412 -0.966727 0.000012
 0.713889 1.068579 0.509165 0.417309 0.739418 -0.966789 0.000012
 0.715000 1.076028 0.514268 0.421362 0.740423 -0.966850 0.000012
 0.716111 1.083518 0.519370 0.425448 0.741428 -0.966911 0.000012
 0.717222 1.091047 0.524471 0.429567 0.742434 -0.966970 0.000012
 0.718333 1.098616 0.529571 0.433719 0.743439 -0.967030 0.000012
 0.719444 1.106225 0.534669 0.437905 0.744444 -0.967089 0.000012
 0.720556 1.113873 0.539766 0.442123 0.745449 -0.967147 0.000012
 0.721667 1.121560 0.544861 0.446375 0.746454 -0.967204 0.000012
 0.722778 1.129287 0.549954 0.450661 0.747458 -0.967261 0.000012
 0.723889 1.137052 0.555044 0.454979 0.748462 -0.967318 0.000012
 0.725000 1.144857 0.560133 0.459332 0.749466 -0.967374 0.000012
 0.726111 1.152701 0.565219 0.463718 0.750469 -0.967429 0.000012
 0.727222 1.160583 0.570302 0.468138 0.751472 -0.967484 0.000012
 0.728333 1.168504 0.575383 0.472591 0.752474 -0.967539 0.000012
 0.729444 1.176464 0.580461 0.477079 0.753477 -0.967592 0.000012
 0.730556 1.184462 0.585535 0.481600 0.754478 -0.967646 0.000012
 0.731667 1.192498 0.590607 0.486155 0.755479 -0.967698 0.000012
 0.732778 1.200572 0.595675 0.490744 0.756480 -0.967751 0.000012
 0.733889 1.208685 0.600740 0.495367 0.757480 -0.967802 0.000012
 0.735000 1.216834 0.605801 0.500024 0.758479 -0.967853 0.000012
 0.736111 1.225022 0.610858 0.504715 0.759478 -0.967904 0.000012
 0.737222 1.233247 0.615912 0.509440 0.760476 -0.967954 0.000012
 0.738333 1.241509 0.620961 0.514199 0.761473 -0.968004 0.000012
 0.739444 1.249807 0.626006 0.518992 0.762470 -0.968053 0.000012
 0.740556 1.258143 0.631046 0.523819 0.763466 -0.968102 0.000012
 0.741667 1.266515 0.636082 0.528679 0.764461 -0.968150 0.000012
 0.742778 1.274923 0.641112 0.533574 0.765455 -0.968197 0.000012
 0.743889 1.283367 0.646138 0.538503 0.766448 -0.968244 0.000012
 0.745000 1.291847 0.651158 0.543466 0.767440 -0.968291 0.000012
 0.746111 1.300362 0.656173 0.548462 0.768431 -0.968337 0.000012
 0.747222 1.308912 0.661183 0.553492 0.769422 -0.968383 0.000012
 0.748333 1.317496 0.666186 0.558556 0.770411 -0.968428 0.000012
 0.749444 1.326115 0.671184 0.563653 0.771399 -0.968473 0.000012
 0.750556 1.334768 0.676175 0.568783 0.772386 -0.968517 0.000011
 0.751667 1.343454 0.681159 0.573947 0.773372 -0.968560 0.000011
 0.752778 1.352174 0.686137 0.579144 0.774356 -0.968604 0.000011
 0.753889 1.360925 0.691108 0.584373 0.775340 -0.968646 0.000011
 0.755000 1.369709 0.696071 0.589636 0.776322 -0.968689 0.000011
 0.756111 1.378525 0.701027 0.594930 0.777302 -0.968730 0.000011
 0.757222 1.387371 0.705974 0.600257 0.778281 -0.968772 0.000011
 0.758333 1.396248 0.710914 0.605616 0.779259 -0.968812 0.000011
 0.759444 1.405155 0.715845 0.611007 0.780234 -0.968853 0.000011
 0.760556 1.414090 0.720768 0.616429 0.781209 -0.968893 0.000011
 0.761667 1.423055 0.725681 0.621882 0.782181 -0.968932 0.000011
 0.762778 1.432046 0.730584 0.627366 0.783152 -0.968971 0.000011
 0.763889 1.441065 0.735478 0.632880 0.784121 -0.969010 0.000011
 0.765000 1.450110 0.740362 0.638424 0.785088 -0.969048 0.000011
 0.766111 1.459180 0.745234 0.643998 0.786053 -0.969085 0.000011
 0.767222 1.468275 0.750096 0.649600 0.787016 -0.969122 0.000011
 0.768333 1.477393 0.754946 0.655230 0.787976 -0.969159 0.000011
 0.769444 1.486533 0.759785 0.660889 0.788934 -0.969195 0.000011
 0.770556 1.495694 0.764610 0.666574 0.789890 -0.969231 0.000011
 0.771667 1.504875 0.769423 0.672286 0.790844 -0.969266 0.000010
 0.772778 1.514075 0.774222 0.678023 0.791795 -0.969301 0.000010
 0.773889 1.523293 0.779007 0.683786 0.792743 -0.969335 0.000010
 0.775000 1.532527 0.783777 0.689572 0.793688 -0.969369 0.000010
 0.776111 1.541775 0.788533 0.695382 0.794631 -0.969402 0.000010
 0.777222 1.551036 0.793272 0.701214 0.795570 -0.969435 0.000010
 0.778333 1.560309 0.797994 0.707067 0.796506 -0.969467 0.000010
 0.779444 1.569592 0.802699 0.712940 0.797439 -0.969499 0.000010
 0.780556 1.578882 0.807386 0.718833 0.798368 -0.969531 0.000010
 0.781667 1.588179 0.812054 0.724743 0.799293 -0.969562 0.000010
 0.782778 1.597479 0.816703 0.730669 0.800215 -0.969592 0.000010
 0.783889 1.606781 0.821330 0.736610 0.801133 -0.969622 0.000010
 0.785000 1.616082 0.825936 0.742565 0.802046 -0.969652 0.000009
 0.786111 1.625380 0.830520 0.748532 0.802956 -0.969681 0.000009
 0.787222 1.634673 0.835080 0.754508 0.803860 -0.969709 0.000009
 0.788333 1.643957 0.839616 0.760493 0.804760 -0.969737 0.000009
 0.789444 1.653230 0.844125 0.766484 0.805655 -0.969765 0.000009
 0.790556 1.662489 0.848608 0.772480 0.806544 -0.969792 0.000009
 0.791667 1.671730 0.853063 0.778478 0.807428 -0.969818 0.000009
 0.792778 1.680951 0.857488 0.784475 0.808307 -0.969844 0.000009
 0.793889 1.690147 0.861882 0.790470 0.809179 -0.969869 0.000009
 0.795000 1.699314 0.866244 0.796459 0.810045 -0.969894 0.000008
 0.796111 1.708450 0.870572 0.802441 0.810904 -0.969919 0.000008
 0.797222 1.717549 0.874865 0.808411 0.811756 -0.969942 0.000008
 0.798333 1.726607 0.879120 0.814367 0.812601 -0.969966 0.000008
 0.799444 1.735620 0.883337 0.820306 0.813438 -0.969988 0.000008
 0.800556 1.744582 0.887512 0.826224 0.814268 -0.970010 0.000008
 0.801667 1.753488 0.891646 0.832117 0.815089 -0.970032 0.000007
 0.802778 1.762334 0.895734 0.837982 0.815901 -0.970053 0.000007
 0.803889 1.771113 0.899776 0.843815 0.816704 -0.970073 0.000007
 0.805000 1.779820 0.903768 0.849611 0.817497 -0.970093 0.000007
 0.806111 1.788448 0.907710 0.855367 0.818280 -0.970112 0.000007
 0.807222 1.796991 0.911598 0.861077 0.819053 -0.970131 0.000007
 0.808333 1.805442 0.915429 0.866736 0.819815 -0.970149 0.000006
 0.809444 1.813795 0.919203 0.872340 0.820565 -0.970166 0.000006
 0.810556 1.822042 0.922915 0.877883 0.821303 -0.970183 0.000006
 0.811667 1.830175 0.926563 0.883360 0.822028 -0.970199 0.000006
 0.812778 1.838188 0.930144 0.888766 0.822740 -0.970214 0.000006
 0.813889 1.846072 0.933656 0.894094 0.823439 -0.970229 0.000005
 0.815000 1.853819 0.937096 0.899339 0.824123 -0.970243 0.000005
 0.816111 1.861422 0.940460 0.904494 0.824792 -0.970256 0.000005
 0.817222 1.868872 0.943747 0.909555 0.825446 -0.970269 0.000005
 0.818333 1.876160 0.946952 0.914513 0.826084 -0.970281 0.000004
 0.819444 1.883278 0.950073 0.919364 0.826705 -0.970292 0.000004
 0.820556 1.890219 0.953107 0.924101 0.827309 -0.970303 0.000004
 0.821667 1.896973 0.956052 0.928718 0.827895 -0.970313 0.000004
 0.822778 1.903532 0.958904 0.933208 0.828463 -0.970323 0.000003
 0.823889 1.909890 0.961660 0.937566 0.829012 -0.970332 0.000003
 0.825000 1.916038 0.964320 0.941787 0.829542 -0.970340 0.000003
 0.826111 1.921969 0.966879 0.945864 0.830052 -0.970347 0.000003
 0.827222 1.927677 0.969336 0.949792 0.830541 -0.970354 0.000003
 0.828333 1.933156 0.971689 0.953567 0.831010 -0.970361 0.000002
 0.829444 1.938399 0.973936 0.957185 0.831458 -0.970366 0.000002
 0.830556 1.943404 0.976077 0.960641 0.831885 -0.970372 0.000002
 0.831667 1.948165 0.978110 0.963933 0.832290 -0.970376 0.000002
 0.832778 1.952681 0.980034 0.967059 0.832674 -0.970381 0.000002
 0.833889 1.956950 0.981850 0.970016 0.833036 -0.970384 0.000001
 0.835000 1.960970 0.983557 0.972804 0.833376 -0.970388 0.000001
 0.836111 1.964742 0.985157 0.975422 0.833696 -0.970391 0.000001
 0.837222 1.968269 0.986650 0.977872 0.833994 -0.970393 0.000001
 0.838333 1.971553 0.988039 0.980154 0.834271 -0.970395 0.000001
 0.839444 1.974598 0.989325 0.982272 0.834527 -0.970397 0.000001
 0.840556 1.977409 0.990512 0.984229 0.834764 -0.970399 0.000001
 0.841667 1.979993 0.991601 0.986029 0.834982 -0.970400 0.000000
 0.842778 1.982357 0.992597 0.987676 0.835181 -0.970401 0.000000
 0.843889 1.984510 0.993503 0.989177 0.835362 -0.970402 0.000000
 0.845000 1.986461 0.994323 0.990538 0.835525 -0.970403 0.000000
 0.846111 1.988221 0.995062 0.991766 0.835673 -0.970404 0.000000
 0.847222 1.989799 0.995725 0.992868 0.835806 -0.970404 0.000000
 0.848333 1.991208 0.996317 0.993852 0.835924 -0.970405 0.000000
 0.849444 1.992459 0.996841 0.994726 0.836029 -0.970405 0.000000
 0.850556 1.993564 0.997305 0.995498 0.836121 -0.970405 0.000000
 0.851667 1.994534 0.997711 0.996176 0.836202 -0.970405 0.000000
 0.852778 1.995381 0.998066 0.996768 0.836273 -0.970406 0.000000
 0.853889 1.996116 0.998374 0.997283 0.836335 -0.970406 0.000000
 0.855000 1.996752 0.998640 0.997727 0.836388 -0.970406 0.000000
 0.856111 1.997297 0.998869 0.998109 0.836434 -0.970406 0.000000
 0.857222 1.997762 0.999064 0.998434 0.836473 -0.970406 0.000000
 0.858333 1.998158 0.999229 0.998711 0.836506 -0.970406 0.000000
 0.859444 1.998491 0.999369 0.998944 0.836534 -0.970406 0.000000
 0.860556 1.998771 0.999486 0.999140 0.836557 -0.970406 0.000000
 0.861667 1.999004 0.999583 0.999303 0.836577 -0.970406 0.000000
 0.862778 1.999197 0.999664 0.999438 0.836593 -0.970406 0.000000
 0.863889 1.999356 0.999731 0.999549 0.836606 -0.970406 0.000000
 0.865000 1.999487 0.999785 0.999641 0.836617 -0.970406 0.000000
 0.866111 1.999593 0.999830 0.999715 0.836626 -0.970406 0.000000
 0.867222 1.999679 0.999866 0.999775 0.836633 -0.970406 0.000000
 0.868333 1.999748 0.999895 0.999824 0.836639 -0.970406 0.000000
 0.869444 1.999803 0.999918 0.999862 0.836644 -0.970406 0.000000
 0.870556 1.999847 0.999936 0.999893 0.836647 -0.970406 0.000000
 0.871667 1.999882 0.999951 0.999918 0.836650 -0.970406 0.000000
 0.872778 1.999910 0.999962 0.999937 0.836652 -0.970406 0.000000
 0.873889 1.999931 0.999971 0.999952 0.836654 -0.970406 0.000000
 0.875000 1.999948 0.999978 0.999963 0.836656 -0.970406 0.000000
 0.876111 1.999960 0.999983 0.999972 0.836657 -0.970406 0.000000
 0.877222 1.999970 0.999988 0.999979 0.836658 -0.970406 0.000000
 0.878333 1.999978 0.999991 0.999984 0.836658 -0.970406 0.000000
 0.879444 1.999984 0.999993 0.999988 0.836659 -0.970406 0.000000
 0.880556 1.999988 0.999995 0.999991 0.836659 -0.970406 0.000000
 0.881667 1.999991 0.999996 0.999994 0.836659 -0.970406 0.000000
 0.882778 1.999993 0.999997 0.999995 0.836659 -0.970406 0.000000
 0.883889 1.999995 0.999998 0.999997 0.836660 -0.970406 0.000000
 0.885000 1.999997 0.999999 0.999998 0.836660 -0.970406 0.000000
 0.886111 1.999998 0.999999 0.999998 0.836660 -0.970406 0.000000
 0.887222 1.999998 0.999999 0.999999 0.836660 -0.970406 0.000000
 0.888333 1.999999 0.999999 0.999999 0.836660 -0.970406 0.000000
 0.889444 1.999999 1.000000 0.999999 0.836660 -0.970406 0.000000
 0.890556 1.999999 1.000000 1.000000 0.836660 -0.970406 0.000000
 0.891667 2.000000 1.000000 1.000000 0.836660 -0.970406 0.000000
 0.892778 2.000000 1.000000 1.000000 0.836660 -0.970406 0.000000
 0.893889 2.000000 1.000000 1.000000 0.836660 -0.970406 0.000000
 0.895000 2.000000 1.000000 1.000000 0.836660 -0.970406 0.000000
 0.896111 2.000000 1.000000 1.000000 0.836660 -0.970406 0.000000
 0.897222 2.000000 1.000000 1.000000 0.836660 -0.970406 0.000000
 0.898333 2.000000 1.000000 1.000000 0.836660 -0.970406 0.000000
 0.899444 2.000000 1.000000 1.000000 0.836660 -0.970406 0.000000
 0.900556 2.000000 1.000000 1.000000 0.836660 -0.970406 0.000000
 0.901667 2.000000 1.000000 1.000000 0.836660 -0.970406 0.000000
 0.902778 2.000000 1.000000 1.000000 0.836660 -0.970406 -0.000000
 0.903889 2.000000 1.000000 1.000000 0.836660 -0.970406 -0.000000
 0.905000 2.000000 1.000000 1.000000 0.836660 -0.970406 0.000000
 0.906111 2.000000 1.000000 1.000000 0.836660 -0.970406 0.000000
 0.907222 2.000000 1.000000 1.000000 0.836660 -0.970406 -0.000000
 0.908333 2.000000 1.000000 1.000000 0.836660 -0.970406 0.000000
 0.909444 2.000000 1.000000 1.000000 0.836660 -0.970406 0.000000
 0.910556 2.000000 1.000000 1.000000 0.836660 -0.970406 0.000000
 0.911667 2.000000 1.000000 1.000000 0.836660 -0.970406 -0.000000
 0.912778 2.000000 1.000000 1.000000 0.836660 -0.970406 0.000000
 0.913889 2.000000 1.000000 1.000000 0.836660 -0.970406 -0.000000
 0.915000 2.000000 1.000000 1.000000 0.836660 -0.970406 0.000000
 0.916111 2.000000 1.000000 1.000000 0.836660 -0.970406 0.000000
 0.917222 2.000000 1.000000 1.000000 0.836660 -0.970406 0.000000
 0.918333 2.000000 1.000000 1.000000 0.836660 -0.970406 -0.000000
 0.919444 2.000000 1.000000 1.000000 0.836660 -0.970406 0.000000
 0.920556 2.000000 1.000000 1.000000 0.836660 -0.970406 0.000000
 0.921667 2.000000 1.000000 1.000000 0.836660 -0.970406 -0.000000
 0.922778 2.000000 1.000000 1.000000 0.836660 -0.970406 0.000000
 0.923889 2.000000 1.000000 1.000000 0.836660 -0.970406 0.000000
 0.925000 2.000000 1.000000 1.000000 0.836660 -0.970406 -0.000000
 0.926111 2.000000 1.000000 1.000000 0.836660 -0.970406 0.000000
 0.927222 2.000000 1.000000 1.000000 0.836660 -0.970406 -0.000000
 0.928333 2.000000 1.000000 1.000000 0.836660 -0.970406 0.000000
 0.929444 2.000000 1.000000 1.000000 0.836660 -0.970406 -0.000000
 0.930556 2.000000 1.000000 1.000000 0.836660 -0.970406 0.000000
 0.931667 2.000000 1.000000 1.000000 0.836660 -0.970406 -0.000000
 0.932778 2.000000 1.000000 1.000000 0.836660 -0.970406 0.000000
 0.933889 2.000000 1.000000 1.000000 0.836660 -0.970406 0.000000
 0.935000 2.000000 1.000000 1.000000 0.836660 -0.970406 0.000000
 0.936111 2.000000 1.000000 1.000000 0.836660 -0.970406 0.000000
 0.937222 2.000000 1.000000 1.000000 0.836660 -0.970406 -0.000000
 0.938333 2.000000 1.000000 1.000000 0.836660 -0.970406 0.000000
 0.939444 2.000000 1.000000 1.000000 0.836660 -0.970406 -0.000000
 0.940556 2.000000 1.000000 1.000000 0.836660 -0.970406 0.000000
 0.941667 2.000000 1.000000 1.000000 0.836660 -0.970406 0.000000
 0.942778 2.000000 1.000000 1.000000 0.836660 -0.970406 0.000000
 0.943889 2.000000 1.000000 1.000000 0.836660 -0.970406 0.000000
 0.945000 2.000000 1.000000 1.000000 0.836660 -0.970406 0.000000
 0.946111 2.000000 1.000000 1.000000 0.836660 -0.970406 0.000000
 0.947222 2.000000 1.000000 1.000000 0.836660 -0.970406 0.000000
 0.948333 2.000000 1.000000 1.000000 0.836660 -0.970406 0.000000
 0.949444 2.000000 1.000000 1.000000 0.836660 -0.970406 0.000000
 0.950556 2.000000 1.000000 1.000000 0.836660 -0.970406 0.000000
 0.951667 2.000000 1.000000 1.000000 0.836660 -0.970406 0.000000
 0.952778 2.000000 1.000000 1.000000 0.836660 -0.970406 0.000000
 0.953889 2.000000 1.000000 1.000000 0.836660 -0.970406 0.000000
 0.955000 2.000000 1.000000 1.000000 0.836660 -0.970406 0.000000
 0.956111 2.000000 1.000000 1.000000 0.836660 -0.970406 0.000000
 0.957222 2.000000 1.000000 1.000000 0.836660 -0.970406 0.000000
 0.958333 2.000000 1.000000 1.000000 0.836660 -0.970406 0.000000
 0.959444 2.000000 1.000000 1.000000 0.836660 -0.970406 0.000000
 0.960556 2.000000 1.000000 1.000000 0.836660 -0.970406 0.000000
 0.961667 2.000000 1.000000 1.000000 0.836660 -0.970406 0.000000
 0.962778 2.000000 1.000000 1.000000 0.836660 -0.970406 0.000000
 0.963889 2.000000 1.000000 1.000000 0.836660 -0.970406 0.000000
 0.965000 2.000000 1.000000 1.000000 0.836660 -0.970406 0.000000
 0.966111 2.000000 1.000000 1.000000 0.836660 -0.970406 0.000000
 0.967222 2.000000 1.000000 1.000000 0.836660 -0.970406 0.000000
 0.968333 2.000000 1.000000 1.000000 0.836660 -0.970406 0.000000
 0.969444 2.000000 1.000000 1.000000 0.836660 -0.970406 0.000000
 0.970556 2.000000 1.000000 1.000000 0.836660 -0.970406 0.000000
 0.971667 2.000000 1.000000 1.000000 0.836660 -0.970406 0.000000
 0.972778 2.000000 1.000000 1.000000 0.836660 -0.970406 0.000000
 0.973889 2.000000 1.000000 1.000000 0.836660 -0.970406 0.000000
 0.975000 2.000000 1.000000 1.000000 0.836660 -0.970406 0.000000
 0.976111 2.000000 1.000000 1.000000 0.836660 -0.970406 0.000000
 0.977222 2.000000 1.000000 1.000000 0.836660 -0.970406 0.000000
 0.978333 2.000000 1.000000 1.000000 0.836660 -0.970406 0.000000
 0.979444 2.000000 1.000000 1.000000 0.836660 -0.970406 0.000000
 0.980556 2.000000 1.000000 1.000000 0.836660 -0.970406 0.000000
 0.981667 2.000000 1.000000 1.000000 0.836660 -0.970406 0.000000
 0.982778 2.000000 1.000000 1.000000 0.836660 -0.970406 0.000000
 0.983889 2.000000 1.000000 1.000000 0.836660 -0.970406 0.000000
 0.985000 2.000000 1.000000 1.000000 0.836660 -0.970406 0.000000
 0.986111 2.000000 1.000000 1.000000 0.836660 -0.970406 0.000000
 0.987222 2.000000 1.000000 1.000000 0.836660 -0.970406 0.000000
 0.988333 2.000000 1.000000 1.000000 0.836660 -0.970406 0.000000
 0.989444 2.000000 1.000000 1.000000 0.836660 -0.970406 0.000000
 0.990556 2.000000 1.000000 1.000000 0.836660 -0.970406 0.000000
 0.991667 2.000000 1.000000 1.000000 0.836660 -0.970406 0.000000
 0.992778 2.000000 1.000000 1.000000 0.836660 -0.970406 0.000000
 0.993889 2.000000 1.000000 1.000000 0.836660 -0.970406 0.000000
 0.995000 2.000000 1.000000 1.000000 0.836660 -0.970406 0.000000
 0.996111 2.000000 1.000000 1.000000 0.836660 -0.970406 0.000000
 0.997222 2.000000 1.000000 1.000000 0.836660 -0.970406 0.000000
 0.998333 2.000000 1.000000 1.000000 0.836660 -0.970406 0.000000
 0.999444 2.000000 1.000000 1.000000 0.836660 -0.970406 0.000000
