 0.000556 1.000000 0.000000 1.000000 
 0.001667 1.000000 0.000000 1.000000 
 0.002778 1.000000 0.000000 1.000000 
 0.003889 1.000000 0.000000 1.000000 
 0.005000 1.000000 0.000000 1.000000 
 0.006111 1.000000 0.000000 1.000000 
 0.007222 1.000000 0.000000 1.000000 
 0.008333 1.000000 0.000000 1.000000 
 0.009444 1.000000 0.000000 1.000000 
 0.010556 1.000000 0.000000 1.000000 
 0.011667 1.000000 0.000000 1.000000 
 0.012778 1.000000 0.000000 1.000000 
 0.013889 1.000000 0.000000 1.000000 
 0.015000 1.000000 0.000000 1.000000 
 0.016111 1.000000 0.000000 1.000000 
 0.017222 1.000000 0.000000 1.000000 
 0.018333 1.000000 0.000000 1.000000 
 0.019444 1.000000 0.000000 1.000000 
 0.020556 1.000000 0.000000 1.000000 
 0.021667 1.000000 0.000000 1.000000 
 0.022778 1.000000 0.000000 1.000000 
 0.023889 1.000000 0.000000 1.000000 
 0.025000 1.000000 0.000000 1.000000 
 0.026111 1.000000 0.000000 1.000000 
 0.027222 1.000000 0.000000 1.000000 
 0.028333 1.000000 0.000000 1.000000 
 0.029444 1.000000 0.000000 1.000000 
 0.030556 1.000000 0.000000 1.000000 
 0.031667 1.000000 0.000000 1.000000 
 0.032778 1.000000 0.000000 1.000000 
 0.033889 1.000000 0.000000 1.000000 
 0.035000 1.000000 0.000000 1.000000 
 0.036111 1.000000 0.000000 1.000000 
 0.037222 1.000000 0.000000 1.000000 
 0.038333 1.000000 0.000000 1.000000 
 0.039444 1.000000 0.000000 1.000000 
 0.040556 1.000000 0.000000 1.000000 
 0.041667 1.000000 0.000000 1.000000 
 0.042778 1.000000 0.000000 1.000000 
 0.043889 1.000000 0.000000 1.000000 
 0.045000 1.000000 0.000000 1.000000 
 0.046111 1.000000 0.000000 1.000000 
 0.047222 1.000000 0.000000 1.000000 
 0.048333 1.000000 0.000000 1.000000 
 0.049444 1.000000 0.000000 1.000000 
 0.050556 1.000000 0.000000 1.000000 
 0.051667 1.000000 0.000000 1.000000 
 0.052778 1.000000 0.000000 1.000000 
 0.053889 1.000000 0.000000 1.000000 
 0.055000 1.000000 0.000000 1.000000 
 0.056111 1.000000 0.000000 1.000000 
 0.057222 1.000000 0.000000 1.000000 
 0.058333 1.000000 0.000000 1.000000 
 0.059444 1.000000 0.000000 1.000000 
 0.060556 1.000000 0.000000 1.000000 
 0.061667 1.000000 0.000000 1.000000 
 0.062778 1.000000 0.000000 1.000000 
 0.063889 1.000000 0.000000 1.000000 
 0.065000 1.000000 0.000000 1.000000 
 0.066111 1.000000 0.000000 1.000000 
 0.067222 1.000000 0.000000 1.000000 
 0.068333 1.000000 0.000000 1.000000 
 0.069444 1.000000 0.000000 1.000000 
 0.070556 1.000000 0.000000 1.000000 
 0.071667 1.000000 0.000000 1.000000 
 0.072778 1.000000 0.000000 1.000000 
 0.073889 1.000000 0.000000 1.000000 
 0.075000 1.000000 0.000000 1.000000 
 0.076111 1.000000 0.000000 1.000000 
 0.077222 1.000000 0.000000 1.000000 
 0.078333 1.000000 0.000000 1.000000 
 0.079444 1.000000 0.000000 1.000000 
 0.080556 1.000000 0.000000 1.000000 
 0.081667 1.000000 0.000000 1.000000 
 0.082778 1.000000 0.000000 1.000000 
 0.083889 1.000000 0.000000 1.000000 
 0.085000 1.000000 0.000000 1.000000 
 0.086111 1.000000 0.000000 1.000000 
 0.087222 1.000000 0.000000 1.000000 
 0.088333 1.000000 0.000000 1.000000 
 0.089444 1.000000 0.000000 1.000000 
 0.090556 1.000000 0.000000 1.000000 
 0.091667 1.000000 0.000000 1.000000 
 0.092778 1.000000 0.000000 1.000000 
 0.093889 1.000000 0.000000 1.000000 
 0.095000 1.000000 0.000000 1.000000 
 0.096111 1.000000 0.000000 1.000000 
 0.097222 1.000000 0.000000 1.000000 
 0.098333 1.000000 0.000000 1.000000 
 0.099444 1.000000 0.000000 1.000000 
 0.100556 1.000000 0.000000 1.000000 
 0.101667 1.000000 0.000000 1.000000 
 0.102778 1.000000 0.000000 1.000000 
 0.103889 1.000000 0.000000 1.000000 
 0.105000 1.000000 0.000000 1.000000 
 0.106111 1.000000 0.000000 1.000000 
 0.107222 1.000000 0.000000 1.000000 
 0.108333 1.000000 0.000000 1.000000 
 0.109444 1.000000 0.000000 1.000000 
 0.110556 1.000000 0.000000 1.000000 
 0.111667 1.000000 0.000000 1.000000 
 0.112778 1.000000 0.000000 1.000000 
 0.113889 1.000000 0.000000 1.000000 
 0.115000 1.000000 0.000000 1.000000 
 0.116111 1.000000 0.000000 1.000000 
 0.117222 1.000000 0.000000 1.000000 
 0.118333 1.000000 0.000000 1.000000 
 0.119444 1.000000 0.000000 1.000000 
 0.120556 1.000000 0.000000 1.000000 
 0.121667 1.000000 0.000000 1.000000 
 0.122778 1.000000 0.000000 1.000000 
 0.123889 1.000000 0.000000 1.000000 
 0.125000 1.000000 0.000000 1.000000 
 0.126111 1.000000 0.000000 1.000000 
 0.127222 1.000000 0.000000 1.000000 
 0.128333 1.000000 0.000000 1.000000 
 0.129444 1.000000 0.000000 1.000000 
 0.130556 1.000000 0.000000 1.000000 
 0.131667 1.000000 0.000000 1.000000 
 0.132778 1.000000 0.000000 1.000000 
 0.133889 1.000000 0.000000 1.000000 
 0.135000 1.000000 0.000000 1.000000 
 0.136111 1.000000 0.000000 1.000000 
 0.137222 1.000000 0.000000 1.000000 
 0.138333 1.000000 0.000000 1.000000 
 0.139444 1.000000 0.000000 1.000000 
 0.140556 1.000000 0.000000 1.000000 
 0.141667 1.000000 0.000000 1.000000 
 0.142778 1.000000 0.000000 1.000000 
 0.143889 1.000000 0.000000 1.000000 
 0.145000 1.000000 0.000000 1.000000 
 0.146111 1.000000 0.000000 1.000000 
 0.147222 1.000000 0.000000 1.000000 
 0.148333 1.000000 0.000000 1.000000 
 0.149444 1.000000 0.000000 1.000000 
 0.150556 1.000000 0.000000 1.000000 
 0.151667 1.000000 0.000000 1.000000 
 0.152778 1.000000 0.000000 1.000000 
 0.153889 1.000000 0.000000 1.000000 
 0.155000 1.000000 0.000000 1.000000 
 0.156111 1.000000 0.000000 1.000000 
 0.157222 1.000000 0.000000 1.000000 
 0.158333 1.000000 0.000000 1.000000 
 0.159444 1.000000 0.000000 1.000000 
 0.160556 1.000000 0.000000 1.000000 
 0.161667 1.000000 0.000000 1.000000 
 0.162778 1.000000 0.000000 1.000000 
 0.163889 1.000000 0.000000 1.000000 
 0.165000 1.000000 0.000000 1.000000 
 0.166111 1.000000 0.000000 1.000000 
 0.167222 1.000000 0.000000 1.000000 
 0.168333 1.000000 0.000000 1.000000 
 0.169444 1.000000 0.000000 1.000000 
 0.170556 1.000000 0.000000 1.000000 
 0.171667 1.000000 0.000000 1.000000 
 0.172778 1.000000 0.000000 1.000000 
 0.173889 1.000000 0.000000 1.000000 
 0.175000 1.000000 0.000000 1.000000 
 0.176111 1.000000 0.000000 1.000000 
 0.177222 1.000000 0.000000 1.000000 
 0.178333 1.000000 0.000000 1.000000 
 0.179444 1.000000 0.000000 1.000000 
 0.180556 1.000000 0.000000 1.000000 
 0.181667 1.000000 0.000000 1.000000 
 0.182778 1.000000 0.000000 1.000000 
 0.183889 1.000000 0.000000 1.000000 
 0.185000 1.000000 0.000000 1.000000 
 0.186111 1.000000 0.000000 1.000000 
 0.187222 1.000000 0.000000 1.000000 
 0.188333 1.000000 0.000000 1.000000 
 0.189444 1.000000 0.000000 1.000000 
 0.190556 1.000000 0.000000 1.000000 
 0.191667 1.000000 0.000000 1.000000 
 0.192778 1.000000 0.000000 1.000000 
 0.193889 1.000000 0.000000 1.000000 
 0.195000 1.000000 0.000000 1.000000 
 0.196111 1.000000 0.000000 1.000000 
 0.197222 1.000000 0.000000 1.000000 
 0.198333 1.000000 0.000000 1.000000 
 0.199444 1.000000 0.000000 1.000000 
 0.200556 1.000000 0.000000 1.000000 
 0.201667 1.000000 0.000000 1.000000 
 0.202778 1.000000 0.000000 1.000000 
 0.203889 1.000000 0.000000 1.000000 
 0.205000 1.000000 0.000000 1.000000 
 0.206111 1.000000 0.000000 1.000000 
 0.207222 1.000000 0.000000 1.000000 
 0.208333 1.000000 0.000000 1.000000 
 0.209444 1.000000 0.000000 1.000000 
 0.210556 1.000000 0.000000 1.000000 
 0.211667 1.000000 0.000000 1.000000 
 0.212778 1.000000 0.000000 1.000000 
 0.213889 1.000000 0.000000 1.000000 
 0.215000 1.000000 0.000000 1.000000 
 0.216111 1.000000 0.000000 1.000000 
 0.217222 1.000000 0.000000 1.000000 
 0.218333 1.000000 0.000000 1.000000 
 0.219444 1.000000 0.000000 1.000000 
 0.220556 1.000000 0.000000 1.000000 
 0.221667 1.000000 0.000000 1.000000 
 0.222778 1.000000 0.000000 1.000000 
 0.223889 1.000000 0.000000 1.000000 
 0.225000 1.000000 0.000000 1.000000 
 0.226111 1.000000 0.000000 1.000000 
 0.227222 1.000000 0.000000 1.000000 
 0.228333 1.000000 0.000000 1.000000 
 0.229444 1.000000 0.000000 1.000000 
 0.230556 1.000000 0.000000 1.000000 
 0.231667 1.000000 0.000000 1.000000 
 0.232778 1.000000 0.000000 1.000000 
 0.233889 1.000000 0.000000 1.000000 
 0.235000 1.000000 0.000000 1.000000 
 0.236111 1.000000 0.000000 1.000000 
 0.237222 1.000000 0.000000 1.000000 
 0.238333 1.000000 0.000000 1.000000 
 0.239444 1.000000 0.000000 1.000000 
 0.240556 1.000000 0.000000 1.000000 
 0.241667 1.000000 0.000000 1.000000 
 0.242778 1.000000 0.000000 1.000000 
 0.243889 1.000000 0.000000 1.000000 
 0.245000 1.000000 0.000000 1.000000 
 0.246111 1.000000 0.000000 1.000000 
 0.247222 1.000000 0.000000 1.000000 
 0.248333 1.000000 0.000000 1.000000 
 0.249444 1.000000 0.000000 1.000000 
 0.250556 1.000000 0.000000 1.000000 
 0.251667 1.000000 0.000000 1.000000 
 0.252778 1.000000 0.000000 1.000000 
 0.253889 1.000000 0.000000 1.000000 
 0.255000 1.000000 0.000000 1.000000 
 0.256111 1.000000 0.000000 1.000000 
 0.257222 1.000000 0.000000 1.000000 
 0.258333 1.000000 0.000000 1.000000 
 0.259444 1.000000 0.000000 1.000000 
 0.260556 1.000000 0.000000 1.000000 
 0.261667 1.000000 0.000000 1.000000 
 0.262778 1.000000 0.000000 1.000000 
 0.263889 1.000000 0.000000 1.000000 
 0.265000 1.000000 0.000000 1.000000 
 0.266111 1.000000 0.000000 1.000000 
 0.267222 1.000000 0.000000 1.000000 
 0.268333 1.000000 0.000000 1.000000 
 0.269444 1.000000 0.000000 1.000000 
 0.270556 1.000000 0.000000 1.000000 
 0.271667 1.000000 0.000000 1.000000 
 0.272778 1.000000 0.000000 1.000000 
 0.273889 1.000000 0.000000 1.000000 
 0.275000 1.000000 0.000000 1.000000 
 0.276111 1.000000 0.000000 1.000000 
 0.277222 1.000000 0.000000 1.000000 
 0.278333 1.000000 0.000000 1.000000 
 0.279444 1.000000 0.000000 1.000000 
 0.280556 1.000000 0.000000 1.000000 
 0.281667 1.000000 0.000000 1.000000 
 0.282778 1.000000 0.000000 1.000000 
 0.283889 1.000000 0.000000 1.000000 
 0.285000 1.000000 0.000000 1.000000 
 0.286111 1.000000 0.000000 1.000000 
 0.287222 1.000000 0.000000 1.000000 
 0.288333 1.000000 0.000000 1.000000 
 0.289444 1.000000 0.000000 1.000000 
 0.290556 1.000000 0.000000 1.000000 
 0.291667 1.000000 0.000000 1.000000 
 0.292778 1.000000 0.000000 1.000000 
 0.293889 1.000000 0.000000 1.000000 
 0.295000 1.000000 0.000000 1.000000 
 0.296111 1.000000 0.000000 1.000000 
 0.297222 1.000000 0.000000 1.000000 
 0.298333 1.000000 0.000000 1.000000 
 0.299444 1.000000 0.000000 1.000000 
 0.300556 1.000000 0.000000 1.000000 
 0.301667 1.000000 0.000000 1.000000 
 0.302778 1.000000 0.000000 1.000000 
 0.303889 1.000000 0.000000 1.000000 
 0.305000 1.000000 0.000000 1.000000 
 0.306111 1.000000 0.000000 1.000000 
 0.307222 1.000000 0.000000 1.000000 
 0.308333 1.000000 0.000000 1.000000 
 0.309444 1.000000 0.000000 1.000000 
 0.310556 1.000000 0.000000 1.000000 
 0.311667 1.000000 0.000000 1.000000 
 0.312778 1.000000 0.000000 1.000000 
 0.313889 1.000000 0.000000 1.000000 
 0.315000 1.000000 0.000000 1.000000 
 0.316111 1.000000 0.000000 1.000000 
 0.317222 1.000000 0.000000 1.000000 
 0.318333 1.000000 0.000000 1.000000 
 0.319444 1.000000 0.000000 1.000000 
 0.320556 1.000000 0.000000 1.000000 
 0.321667 1.000000 0.000000 1.000000 
 0.322778 1.000000 0.000000 1.000000 
 0.323889 1.000000 0.000000 1.000000 
 0.325000 1.000000 0.000000 1.000000 
 0.326111 1.000000 0.000000 1.000000 
 0.327222 1.000000 0.000000 1.000000 
 0.328333 1.000000 0.000000 1.000000 
 0.329444 1.000000 0.000000 1.000000 
 0.330556 1.000000 0.000000 1.000000 
 0.331667 1.000000 0.000000 1.000000 
 0.332778 1.000000 0.000000 1.000000 
 0.333889 1.000000 0.000000 1.000000 
 0.335000 0.997193 0.003325 0.996072 
 0.336111 0.991625 0.009943 0.988295 
 0.337222 0.986082 0.016560 0.980570 
 0.338333 0.980564 0.023177 0.972896 
 0.339444 0.975071 0.029795 0.965275 
 0.340556 0.969603 0.036412 0.957704 
 0.341667 0.964158 0.043030 0.950184 
 0.342778 0.958739 0.049647 0.942715 
 0.343889 0.953344 0.056265 0.935297 
 0.345000 0.947973 0.062882 0.927928 
 0.346111 0.942626 0.069499 0.920609 
 0.347222 0.937304 0.076117 0.913340 
 0.348333 0.932005 0.082734 0.906120 
 0.349444 0.926731 0.089352 0.898949 
 0.350556 0.921480 0.095969 0.891827 
 0.351667 0.916254 0.102587 0.884753 
 0.352778 0.911051 0.109204 0.877727 
 0.353889 0.905872 0.115821 0.870750 
 0.355000 0.900716 0.122439 0.863819 
 0.356111 0.895584 0.129056 0.856936 
 0.357222 0.890475 0.135674 0.850101 
 0.358333 0.885389 0.142291 0.843312 
 0.359444 0.880327 0.148909 0.836569 
 0.360556 0.875288 0.155526 0.829873 
 0.361667 0.870272 0.162143 0.823223 
 0.362778 0.865279 0.168761 0.816618 
 0.363889 0.860310 0.175378 0.810059 
 0.365000 0.855362 0.181996 0.803545 
 0.366111 0.850438 0.188613 0.797076 
 0.367222 0.845537 0.195231 0.790652 
 0.368333 0.840658 0.201848 0.784272 
 0.369444 0.835801 0.208465 0.777937 
 0.370556 0.830967 0.215083 0.771645 
 0.371667 0.826156 0.221700 0.765397 
 0.372778 0.821367 0.228318 0.759192 
 0.373889 0.816600 0.234935 0.753031 
 0.375000 0.811855 0.241553 0.746912 
 0.376111 0.807132 0.248170 0.740836 
 0.377222 0.802431 0.254787 0.734803 
 0.378333 0.797752 0.261405 0.728812 
 0.379444 0.793095 0.268022 0.722862 
 0.380556 0.788460 0.274640 0.716955 
 0.381667 0.783847 0.281257 0.711088 
 0.382778 0.779255 0.287875 0.705263 
 0.383889 0.774685 0.294492 0.699479 
 0.385000 0.770136 0.301109 0.693736 
 0.386111 0.765608 0.307727 0.688033 
 0.387222 0.761102 0.314344 0.682370 
 0.388333 0.756617 0.320962 0.676747 
 0.389444 0.752153 0.327579 0.671165 
 0.390556 0.747711 0.334197 0.665621 
 0.391667 0.743289 0.340814 0.660117 
 0.392778 0.738888 0.347431 0.654652 
 0.393889 0.734509 0.354049 0.649226 
 0.395000 0.730150 0.360666 0.643838 
 0.396111 0.725811 0.367284 0.638489 
 0.397222 0.721494 0.373901 0.633178 
 0.398333 0.717197 0.380519 0.627904 
 0.399444 0.712920 0.387136 0.622669 
 0.400556 0.708664 0.393753 0.617471 
 0.401667 0.704428 0.400371 0.612310 
 0.402778 0.700212 0.406988 0.607186 
 0.403889 0.696017 0.413606 0.602099 
 0.405000 0.691842 0.420223 0.597049 
 0.406111 0.687687 0.426841 0.592034 
 0.407222 0.683552 0.433458 0.587056 
 0.408333 0.679436 0.440075 0.582114 
 0.409444 0.675341 0.446693 0.577208 
 0.410556 0.671265 0.453310 0.572337 
 0.411667 0.667210 0.459928 0.567502 
 0.412778 0.663173 0.466545 0.562701 
 0.413889 0.659157 0.473163 0.557935 
 0.415000 0.655159 0.479780 0.553204 
 0.416111 0.651181 0.486397 0.548508 
 0.417222 0.647223 0.493015 0.543845 
 0.418333 0.643284 0.499632 0.539217 
 0.419444 0.639364 0.506250 0.534622 
 0.420556 0.635463 0.512867 0.530062 
 0.421667 0.631581 0.519485 0.525534 
 0.422778 0.627718 0.526102 0.521040 
 0.423889 0.623874 0.532719 0.516578 
 0.425000 0.620049 0.539337 0.512150 
 0.426111 0.616243 0.545954 0.507753 
 0.427222 0.612456 0.552572 0.503390 
 0.428333 0.608687 0.559189 0.499058 
 0.429444 0.604936 0.565807 0.494759 
 0.430556 0.601205 0.572424 0.490491 
 0.431667 0.597491 0.579041 0.486255 
 0.432778 0.593796 0.585659 0.482050 
 0.433889 0.590120 0.592276 0.477877 
 0.435000 0.586461 0.598894 0.473734 
 0.436111 0.582821 0.605511 0.469623 
 0.437222 0.579199 0.612129 0.465542 
 0.438333 0.575594 0.618746 0.461491 
 0.439444 0.572008 0.625363 0.457471 
 0.440556 0.568440 0.631981 0.453480 
 0.441667 0.564889 0.638598 0.449520 
 0.442778 0.561357 0.645216 0.445589 
 0.443889 0.557842 0.651833 0.441688 
 0.445000 0.554344 0.658451 0.437816 
 0.446111 0.550865 0.665068 0.433973 
 0.447222 0.547402 0.671685 0.430159 
 0.448333 0.543957 0.678303 0.426374 
 0.449444 0.540530 0.684920 0.422618 
 0.450556 0.537120 0.691538 0.418889 
 0.451667 0.533727 0.698155 0.415190 
 0.452778 0.530351 0.704773 0.411518 
 0.453889 0.526992 0.711390 0.407874 
 0.455000 0.523650 0.718007 0.404258 
 0.456111 0.520326 0.724625 0.400669 
 0.457222 0.517018 0.731242 0.397107 
 0.458333 0.513727 0.737860 0.393573 
 0.459444 0.510453 0.744477 0.390066 
 0.460556 0.507195 0.751095 0.386585 
 0.461667 0.503955 0.757712 0.383132 
 0.462778 0.500730 0.764329 0.379704 
 0.463889 0.497523 0.770947 0.376303 
 0.465000 0.494331 0.777564 0.372928 
 0.466111 0.491157 0.784182 0.369580 
 0.467222 0.487998 0.790799 0.366257 
 0.468333 0.484856 0.797417 0.362959 
 0.469444 0.481730 0.804034 0.359687 
 0.470556 0.478620 0.810651 0.356441 
 0.471667 0.475526 0.817269 0.353219 
 0.472778 0.472448 0.823886 0.350023 
 0.473889 0.469387 0.830504 0.346851 
 0.475000 0.466341 0.837121 0.343704 
 0.476111 0.463311 0.843739 0.340582 
 0.477222 0.460296 0.850356 0.337483 
 0.478333 0.457298 0.856973 0.334409 
 0.479444 0.454315 0.863591 0.331360 
 0.480556 0.451347 0.870208 0.328333 
 0.481667 0.448395 0.876826 0.325331 
 0.482778 0.445459 0.883443 0.322352 
 0.483889 0.442538 0.890061 0.319397 
 0.485000 0.439632 0.896678 0.316465 
 0.486111 0.436742 0.903295 0.313556 
 0.487222 0.433867 0.909913 0.310670 
 0.488333 0.431007 0.916530 0.307807 
 0.489444 0.428162 0.923148 0.304966 
 0.490556 0.426319 0.927453 0.303130 
 0.491667 0.426319 0.927453 0.303130 
 0.492778 0.426319 0.927453 0.303130 
 0.493889 0.426319 0.927453 0.303130 
 0.495000 0.426319 0.927453 0.303130 
 0.496111 0.426319 0.927453 0.303130 
 0.497222 0.426319 0.927453 0.303130 
 0.498333 0.426319 0.927453 0.303130 
 0.499444 0.426319 0.927453 0.303130 
 0.500556 0.426319 0.927453 0.303130 
 0.501667 0.426319 0.927453 0.303130 
 0.502778 0.426319 0.927453 0.303130 
 0.503889 0.426319 0.927453 0.303130 
 0.505000 0.426319 0.927453 0.303130 
 0.506111 0.426319 0.927453 0.303130 
 0.507222 0.426319 0.927453 0.303130 
 0.508333 0.426319 0.927453 0.303130 
 0.509444 0.426319 0.927453 0.303130 
 0.510556 0.426319 0.927453 0.303130 
 0.511667 0.426319 0.927453 0.303130 
 0.512778 0.426319 0.927453 0.303130 
 0.513889 0.426319 0.927453 0.303130 
 0.515000 0.426319 0.927453 0.303130 
 0.516111 0.426319 0.927453 0.303130 
 0.517222 0.426319 0.927453 0.303130 
 0.518333 0.426319 0.927453 0.303130 
 0.519444 0.426319 0.927453 0.303130 
 0.520556 0.426319 0.927453 0.303130 
 0.521667 0.426319 0.927453 0.303130 
 0.522778 0.426319 0.927453 0.303130 
 0.523889 0.426319 0.927453 0.303130 
 0.525000 0.426319 0.927453 0.303130 
 0.526111 0.426319 0.927453 0.303130 
 0.527222 0.426319 0.927453 0.303130 
 0.528333 0.426319 0.927453 0.303130 
 0.529444 0.426319 0.927453 0.303130 
 0.530556 0.426319 0.927453 0.303130 
 0.531667 0.426319 0.927453 0.303130 
 0.532778 0.426319 0.927453 0.303130 
 0.533889 0.426319 0.927453 0.303130 
 0.535000 0.426319 0.927453 0.303130 
 0.536111 0.426319 0.927453 0.303130 
 0.537222 0.426319 0.927453 0.303130 
 0.538333 0.426319 0.927453 0.303130 
 0.539444 0.426319 0.927453 0.303130 
 0.540556 0.426319 0.927453 0.303130 
 0.541667 0.426319 0.927453 0.303130 
 0.542778 0.426319 0.927453 0.303130 
 0.543889 0.426319 0.927453 0.303130 
 0.545000 0.426319 0.927453 0.303130 
 0.546111 0.426319 0.927453 0.303130 
 0.547222 0.426319 0.927453 0.303130 
 0.548333 0.426319 0.927453 0.303130 
 0.549444 0.426319 0.927453 0.303130 
 0.550556 0.426319 0.927453 0.303130 
 0.551667 0.426319 0.927453 0.303130 
 0.552778 0.426319 0.927453 0.303130 
 0.553889 0.426319 0.927453 0.303130 
 0.555000 0.426319 0.927453 0.303130 
 0.556111 0.426319 0.927453 0.303130 
 0.557222 0.426319 0.927453 0.303130 
 0.558333 0.426319 0.927453 0.303130 
 0.559444 0.426319 0.927453 0.303130 
 0.560556 0.426319 0.927453 0.303130 
 0.561667 0.426319 0.927453 0.303130 
 0.562778 0.426319 0.927453 0.303130 
 0.563889 0.426319 0.927453 0.303130 
 0.565000 0.426319 0.927453 0.303130 
 0.566111 0.426319 0.927453 0.303130 
 0.567222 0.426319 0.927453 0.303130 
 0.568333 0.426319 0.927453 0.303130 
 0.569444 0.426319 0.927453 0.303130 
 0.570556 0.426319 0.927453 0.303130 
 0.571667 0.426319 0.927453 0.303130 
 0.572778 0.426319 0.927453 0.303130 
 0.573889 0.426319 0.927453 0.303130 
 0.575000 0.426319 0.927453 0.303130 
 0.576111 0.426319 0.927453 0.303130 
 0.577222 0.426319 0.927453 0.303130 
 0.578333 0.426319 0.927453 0.303130 
 0.579444 0.426319 0.927453 0.303130 
 0.580556 0.426319 0.927453 0.303130 
 0.581667 0.426319 0.927453 0.303130 
 0.582778 0.426319 0.927453 0.303130 
 0.583889 0.426319 0.927453 0.303130 
 0.585000 0.426319 0.927453 0.303130 
 0.586111 0.426319 0.927453 0.303130 
 0.587222 0.426319 0.927453 0.303130 
 0.588333 0.426319 0.927453 0.303130 
 0.589444 0.426319 0.927453 0.303130 
 0.590556 0.426319 0.927453 0.303130 
 0.591667 0.426319 0.927453 0.303130 
 0.592778 0.426319 0.927453 0.303130 
 0.593889 0.426319 0.927453 0.303130 
 0.595000 0.426319 0.927453 0.303130 
 0.596111 0.426319 0.927453 0.303130 
 0.597222 0.426319 0.927453 0.303130 
 0.598333 0.426319 0.927453 0.303130 
 0.599444 0.426319 0.927453 0.303130 
 0.600556 0.426319 0.927453 0.303130 
 0.601667 0.426319 0.927453 0.303130 
 0.602778 0.426319 0.927453 0.303130 
 0.603889 0.426319 0.927453 0.303130 
 0.605000 0.426319 0.927453 0.303130 
 0.606111 0.426319 0.927453 0.303130 
 0.607222 0.426319 0.927453 0.303130 
 0.608333 0.426319 0.927453 0.303130 
 0.609444 0.426319 0.927453 0.303130 
 0.610556 0.426319 0.927453 0.303130 
 0.611667 0.426319 0.927453 0.303130 
 0.612778 0.426319 0.927453 0.303130 
 0.613889 0.426319 0.927453 0.303130 
 0.615000 0.426319 0.927453 0.303130 
 0.616111 0.426319 0.927453 0.303130 
 0.617222 0.426319 0.927453 0.303130 
 0.618333 0.426319 0.927453 0.303130 
 0.619444 0.426319 0.927453 0.303130 
 0.620556 0.426319 0.927453 0.303130 
 0.621667 0.426319 0.927453 0.303130 
 0.622778 0.426319 0.927453 0.303130 
 0.623889 0.426319 0.927453 0.303130 
 0.625000 0.426319 0.927453 0.303130 
 0.626111 0.426319 0.927453 0.303130 
 0.627222 0.426319 0.927453 0.303130 
 0.628333 0.426319 0.927453 0.303130 
 0.629444 0.426319 0.927453 0.303130 
 0.630556 0.265574 0.927453 0.303130 
 0.631667 0.265574 0.927453 0.303130 
 0.632778 0.265574 0.927453 0.303130 
 0.633889 0.265574 0.927453 0.303130 
 0.635000 0.265574 0.927453 0.303130 
 0.636111 0.265574 0.927453 0.303130 
 0.637222 0.265574 0.927453 0.303130 
 0.638333 0.265574 0.927453 0.303130 
 0.639444 0.265574 0.927453 0.303130 
 0.640556 0.265574 0.927453 0.303130 
 0.641667 0.265574 0.927453 0.303130 
 0.642778 0.265574 0.927453 0.303130 
 0.643889 0.265574 0.927453 0.303130 
 0.645000 0.265574 0.927453 0.303130 
 0.646111 0.265574 0.927453 0.303130 
 0.647222 0.265574 0.927453 0.303130 
 0.648333 0.265574 0.927453 0.303130 
 0.649444 0.265574 0.927453 0.303130 
 0.650556 0.265574 0.927453 0.303130 
 0.651667 0.265574 0.927453 0.303130 
 0.652778 0.265574 0.927453 0.303130 
 0.653889 0.265574 0.927453 0.303130 
 0.655000 0.265574 0.927453 0.303130 
 0.656111 0.265574 0.927453 0.303130 
 0.657222 0.265574 0.927453 0.303130 
 0.658333 0.265574 0.927453 0.303130 
 0.659444 0.265574 0.927453 0.303130 
 0.660556 0.265574 0.927453 0.303130 
 0.661667 0.265574 0.927453 0.303130 
 0.662778 0.265574 0.927453 0.303130 
 0.663889 0.265574 0.927453 0.303130 
 0.665000 0.265574 0.927453 0.303130 
 0.666111 0.265574 0.927453 0.303130 
 0.667222 0.265574 0.927453 0.303130 
 0.668333 0.265574 0.927453 0.303130 
 0.669444 0.265574 0.927453 0.303130 
 0.670556 0.265574 0.927453 0.303130 
 0.671667 0.265574 0.927453 0.303130 
 0.672778 0.265574 0.927453 0.303130 
 0.673889 0.265574 0.927453 0.303130 
 0.675000 0.265574 0.927453 0.303130 
 0.676111 0.265574 0.927453 0.303130 
 0.677222 0.265574 0.927453 0.303130 
 0.678333 0.265574 0.927453 0.303130 
 0.679444 0.265574 0.927453 0.303130 
 0.680556 0.265574 0.927453 0.303130 
 0.681667 0.265574 0.927453 0.303130 
 0.682778 0.265574 0.927453 0.303130 
 0.683889 0.265574 0.927453 0.303130 
 0.685000 0.265574 0.927453 0.303130 
 0.686111 0.265574 0.927453 0.303130 
 0.687222 0.265574 0.927453 0.303130 
 0.688333 0.265574 0.927453 0.303130 
 0.689444 0.265574 0.927453 0.303130 
 0.690556 0.265574 0.927453 0.303130 
 0.691667 0.265574 0.927453 0.303130 
 0.692778 0.265574 0.927453 0.303130 
 0.693889 0.265574 0.927453 0.303130 
 0.695000 0.265574 0.927453 0.303130 
 0.696111 0.265574 0.927453 0.303130 
 0.697222 0.265574 0.927453 0.303130 
 0.698333 0.265574 0.927453 0.303130 
 0.699444 0.265574 0.927453 0.303130 
 0.700556 0.265574 0.927453 0.303130 
 0.701667 0.265574 0.927453 0.303130 
 0.702778 0.265574 0.927453 0.303130 
 0.703889 0.265574 0.927453 0.303130 
 0.705000 0.265574 0.927453 0.303130 
 0.706111 0.265574 0.927453 0.303130 
 0.707222 0.265574 0.927453 0.303130 
 0.708333 0.265574 0.927453 0.303130 
 0.709444 0.265574 0.927453 0.303130 
 0.710556 0.265574 0.927453 0.303130 
 0.711667 0.265574 0.927453 0.303130 
 0.712778 0.265574 0.927453 0.303130 
 0.713889 0.265574 0.927453 0.303130 
 0.715000 0.265574 0.927453 0.303130 
 0.716111 0.265574 0.927453 0.303130 
 0.717222 0.265574 0.927453 0.303130 
 0.718333 0.265574 0.927453 0.303130 
 0.719444 0.265574 0.927453 0.303130 
 0.720556 0.265574 0.927453 0.303130 
 0.721667 0.265574 0.927453 0.303130 
 0.722778 0.265574 0.927453 0.303130 
 0.723889 0.265574 0.927453 0.303130 
 0.725000 0.265574 0.927453 0.303130 
 0.726111 0.265574 0.927453 0.303130 
 0.727222 0.265574 0.927453 0.303130 
 0.728333 0.265574 0.927453 0.303130 
 0.729444 0.265574 0.927453 0.303130 
 0.730556 0.265574 0.927453 0.303130 
 0.731667 0.265574 0.927453 0.303130 
 0.732778 0.265574 0.927453 0.303130 
 0.733889 0.265574 0.927453 0.303130 
 0.735000 0.265574 0.927453 0.303130 
 0.736111 0.265574 0.927453 0.303130 
 0.737222 0.265574 0.927453 0.303130 
 0.738333 0.265574 0.927453 0.303130 
 0.739444 0.265574 0.927453 0.303130 
 0.740556 0.265574 0.927453 0.303130 
 0.741667 0.265574 0.927453 0.303130 
 0.742778 0.265574 0.927453 0.303130 
 0.743889 0.265574 0.927453 0.303130 
 0.745000 0.265574 0.927453 0.303130 
 0.746111 0.125000 0.000000 0.100000 
 0.747222 0.125000 0.000000 0.100000 
 0.748333 0.125000 0.000000 0.100000 
 0.749444 0.125000 0.000000 0.100000 
 0.750556 0.125000 0.000000 0.100000 
 0.751667 0.125000 0.000000 0.100000 
 0.752778 0.125000 0.000000 0.100000 
 0.753889 0.125000 0.000000 0.100000 
 0.755000 0.125000 0.000000 0.100000 
 0.756111 0.125000 0.000000 0.100000 
 0.757222 0.125000 0.000000 0.100000 
 0.758333 0.125000 0.000000 0.100000 
 0.759444 0.125000 0.000000 0.100000 
 0.760556 0.125000 0.000000 0.100000 
 0.761667 0.125000 0.000000 0.100000 
 0.762778 0.125000 0.000000 0.100000 
 0.763889 0.125000 0.000000 0.100000 
 0.765000 0.125000 0.000000 0.100000 
 0.766111 0.125000 0.000000 0.100000 
 0.767222 0.125000 0.000000 0.100000 
 0.768333 0.125000 0.000000 0.100000 
 0.769444 0.125000 0.000000 0.100000 
 0.770556 0.125000 0.000000 0.100000 
 0.771667 0.125000 0.000000 0.100000 
 0.772778 0.125000 0.000000 0.100000 
 0.773889 0.125000 0.000000 0.100000 
 0.775000 0.125000 0.000000 0.100000 
 0.776111 0.125000 0.000000 0.100000 
 0.777222 0.125000 0.000000 0.100000 
 0.778333 0.125000 0.000000 0.100000 
 0.779444 0.125000 0.000000 0.100000 
 0.780556 0.125000 0.000000 0.100000 
 0.781667 0.125000 0.000000 0.100000 
 0.782778 0.125000 0.000000 0.100000 
 0.783889 0.125000 0.000000 0.100000 
 0.785000 0.125000 0.000000 0.100000 
 0.786111 0.125000 0.000000 0.100000 
 0.787222 0.125000 0.000000 0.100000 
 0.788333 0.125000 0.000000 0.100000 
 0.789444 0.125000 0.000000 0.100000 
 0.790556 0.125000 0.000000 0.100000 
 0.791667 0.125000 0.000000 0.100000 
 0.792778 0.125000 0.000000 0.100000 
 0.793889 0.125000 0.000000 0.100000 
 0.795000 0.125000 0.000000 0.100000 
 0.796111 0.125000 0.000000 0.100000 
 0.797222 0.125000 0.000000 0.100000 
 0.798333 0.125000 0.000000 0.100000 
 0.799444 0.125000 0.000000 0.100000 
 0.800556 0.125000 0.000000 0.100000 
 0.801667 0.125000 0.000000 0.100000 
 0.802778 0.125000 0.000000 0.100000 
 0.803889 0.125000 0.000000 0.100000 
 0.805000 0.125000 0.000000 0.100000 
 0.806111 0.125000 0.000000 0.100000 
 0.807222 0.125000 0.000000 0.100000 
 0.808333 0.125000 0.000000 0.100000 
 0.809444 0.125000 0.000000 0.100000 
 0.810556 0.125000 0.000000 0.100000 
 0.811667 0.125000 0.000000 0.100000 
 0.812778 0.125000 0.000000 0.100000 
 0.813889 0.125000 0.000000 0.100000 
 0.815000 0.125000 0.000000 0.100000 
 0.816111 0.125000 0.000000 0.100000 
 0.817222 0.125000 0.000000 0.100000 
 0.818333 0.125000 0.000000 0.100000 
 0.819444 0.125000 0.000000 0.100000 
 0.820556 0.125000 0.000000 0.100000 
 0.821667 0.125000 0.000000 0.100000 
 0.822778 0.125000 0.000000 0.100000 
 0.823889 0.125000 0.000000 0.100000 
 0.825000 0.125000 0.000000 0.100000 
 0.826111 0.125000 0.000000 0.100000 
 0.827222 0.125000 0.000000 0.100000 
 0.828333 0.125000 0.000000 0.100000 
 0.829444 0.125000 0.000000 0.100000 
 0.830556 0.125000 0.000000 0.100000 
 0.831667 0.125000 0.000000 0.100000 
 0.832778 0.125000 0.000000 0.100000 
 0.833889 0.125000 0.000000 0.100000 
 0.835000 0.125000 0.000000 0.100000 
 0.836111 0.125000 0.000000 0.100000 
 0.837222 0.125000 0.000000 0.100000 
 0.838333 0.125000 0.000000 0.100000 
 0.839444 0.125000 0.000000 0.100000 
 0.840556 0.125000 0.000000 0.100000 
 0.841667 0.125000 0.000000 0.100000 
 0.842778 0.125000 0.000000 0.100000 
 0.843889 0.125000 0.000000 0.100000 
 0.845000 0.125000 0.000000 0.100000 
 0.846111 0.125000 0.000000 0.100000 
 0.847222 0.125000 0.000000 0.100000 
 0.848333 0.125000 0.000000 0.100000 
 0.849444 0.125000 0.000000 0.100000 
 0.850556 0.125000 0.000000 0.100000 
 0.851667 0.125000 0.000000 0.100000 
 0.852778 0.125000 0.000000 0.100000 
 0.853889 0.125000 0.000000 0.100000 
 0.855000 0.125000 0.000000 0.100000 
 0.856111 0.125000 0.000000 0.100000 
 0.857222 0.125000 0.000000 0.100000 
 0.858333 0.125000 0.000000 0.100000 
 0.859444 0.125000 0.000000 0.100000 
 0.860556 0.125000 0.000000 0.100000 
 0.861667 0.125000 0.000000 0.100000 
 0.862778 0.125000 0.000000 0.100000 
 0.863889 0.125000 0.000000 0.100000 
 0.865000 0.125000 0.000000 0.100000 
 0.866111 0.125000 0.000000 0.100000 
 0.867222 0.125000 0.000000 0.100000 
 0.868333 0.125000 0.000000 0.100000 
 0.869444 0.125000 0.000000 0.100000 
 0.870556 0.125000 0.000000 0.100000 
 0.871667 0.125000 0.000000 0.100000 
 0.872778 0.125000 0.000000 0.100000 
 0.873889 0.125000 0.000000 0.100000 
 0.875000 0.125000 0.000000 0.100000 
 0.876111 0.125000 0.000000 0.100000 
 0.877222 0.125000 0.000000 0.100000 
 0.878333 0.125000 0.000000 0.100000 
 0.879444 0.125000 0.000000 0.100000 
 0.880556 0.125000 0.000000 0.100000 
 0.881667 0.125000 0.000000 0.100000 
 0.882778 0.125000 0.000000 0.100000 
 0.883889 0.125000 0.000000 0.100000 
 0.885000 0.125000 0.000000 0.100000 
 0.886111 0.125000 0.000000 0.100000 
 0.887222 0.125000 0.000000 0.100000 
 0.888333 0.125000 0.000000 0.100000 
 0.889444 0.125000 0.000000 0.100000 
 0.890556 0.125000 0.000000 0.100000 
 0.891667 0.125000 0.000000 0.100000 
 0.892778 0.125000 0.000000 0.100000 
 0.893889 0.125000 0.000000 0.100000 
 0.895000 0.125000 0.000000 0.100000 
 0.896111 0.125000 0.000000 0.100000 
 0.897222 0.125000 0.000000 0.100000 
 0.898333 0.125000 0.000000 0.100000 
 0.899444 0.125000 0.000000 0.100000 
 0.900556 0.125000 0.000000 0.100000 
 0.901667 0.125000 0.000000 0.100000 
 0.902778 0.125000 0.000000 0.100000 
 0.903889 0.125000 0.000000 0.100000 
 0.905000 0.125000 0.000000 0.100000 
 0.906111 0.125000 0.000000 0.100000 
 0.907222 0.125000 0.000000 0.100000 
 0.908333 0.125000 0.000000 0.100000 
 0.909444 0.125000 0.000000 0.100000 
 0.910556 0.125000 0.000000 0.100000 
 0.911667 0.125000 0.000000 0.100000 
 0.912778 0.125000 0.000000 0.100000 
 0.913889 0.125000 0.000000 0.100000 
 0.915000 0.125000 0.000000 0.100000 
 0.916111 0.125000 0.000000 0.100000 
 0.917222 0.125000 0.000000 0.100000 
 0.918333 0.125000 0.000000 0.100000 
 0.919444 0.125000 0.000000 0.100000 
 0.920556 0.125000 0.000000 0.100000 
 0.921667 0.125000 0.000000 0.100000 
 0.922778 0.125000 0.000000 0.100000 
 0.923889 0.125000 0.000000 0.100000 
 0.925000 0.125000 0.000000 0.100000 
 0.926111 0.125000 0.000000 0.100000 
 0.927222 0.125000 0.000000 0.100000 
 0.928333 0.125000 0.000000 0.100000 
 0.929444 0.125000 0.000000 0.100000 
 0.930556 0.125000 0.000000 0.100000 
 0.931667 0.125000 0.000000 0.100000 
 0.932778 0.125000 0.000000 0.100000 
 0.933889 0.125000 0.000000 0.100000 
 0.935000 0.125000 0.000000 0.100000 
 0.936111 0.125000 0.000000 0.100000 
 0.937222 0.125000 0.000000 0.100000 
 0.938333 0.125000 0.000000 0.100000 
 0.939444 0.125000 0.000000 0.100000 
 0.940556 0.125000 0.000000 0.100000 
 0.941667 0.125000 0.000000 0.100000 
 0.942778 0.125000 0.000000 0.100000 
 0.943889 0.125000 0.000000 0.100000 
 0.945000 0.125000 0.000000 0.100000 
 0.946111 0.125000 0.000000 0.100000 
 0.947222 0.125000 0.000000 0.100000 
 0.948333 0.125000 0.000000 0.100000 
 0.949444 0.125000 0.000000 0.100000 
 0.950556 0.125000 0.000000 0.100000 
 0.951667 0.125000 0.000000 0.100000 
 0.952778 0.125000 0.000000 0.100000 
 0.953889 0.125000 0.000000 0.100000 
 0.955000 0.125000 0.000000 0.100000 
 0.956111 0.125000 0.000000 0.100000 
 0.957222 0.125000 0.000000 0.100000 
 0.958333 0.125000 0.000000 0.100000 
 0.959444 0.125000 0.000000 0.100000 
 0.960556 0.125000 0.000000 0.100000 
 0.961667 0.125000 0.000000 0.100000 
 0.962778 0.125000 0.000000 0.100000 
 0.963889 0.125000 0.000000 0.100000 
 0.965000 0.125000 0.000000 0.100000 
 0.966111 0.125000 0.000000 0.100000 
 0.967222 0.125000 0.000000 0.100000 
 0.968333 0.125000 0.000000 0.100000 
 0.969444 0.125000 0.000000 0.100000 
 0.970556 0.125000 0.000000 0.100000 
 0.971667 0.125000 0.000000 0.100000 
 0.972778 0.125000 0.000000 0.100000 
 0.973889 0.125000 0.000000 0.100000 
 0.975000 0.125000 0.000000 0.100000 
 0.976111 0.125000 0.000000 0.100000 
 0.977222 0.125000 0.000000 0.100000 
 0.978333 0.125000 0.000000 0.100000 
 0.979444 0.125000 0.000000 0.100000 
 0.980556 0.125000 0.000000 0.100000 
 0.981667 0.125000 0.000000 0.100000 
 0.982778 0.125000 0.000000 0.100000 
 0.983889 0.125000 0.000000 0.100000 
 0.985000 0.125000 0.000000 0.100000 
 0.986111 0.125000 0.000000 0.100000 
 0.987222 0.125000 0.000000 0.100000 
 0.988333 0.125000 0.000000 0.100000 
 0.989444 0.125000 0.000000 0.100000 
 0.990556 0.125000 0.000000 0.100000 
 0.991667 0.125000 0.000000 0.100000 
 0.992778 0.125000 0.000000 0.100000 
 0.993889 0.125000 0.000000 0.100000 
 0.995000 0.125000 0.000000 0.100000 
 0.996111 0.125000 0.000000 0.100000 
 0.997222 0.125000 0.000000 0.100000 
 0.998333 0.125000 0.000000 0.100000 
 0.999444 0.125000 0.000000 0.100000 
