Timer: 0.150031
 0.000556 1.000000 -1.000000 1.000000 1.183216 -0.000000 0.000000
 0.001667 1.000000 -1.000000 1.000000 1.183216 -0.000000 0.000000
 0.002778 1.000000 -1.000000 1.000000 1.183216 -0.000000 0.000000
 0.003889 1.000000 -1.000000 1.000000 1.183216 -0.000000 0.000000
 0.005000 1.000000 -1.000000 1.000000 1.183216 -0.000000 0.000000
 0.006111 1.000000 -1.000000 1.000000 1.183216 -0.000000 0.000000
 0.007222 1.000000 -1.000000 1.000000 1.183216 -0.000000 0.000000
 0.008333 1.000000 -1.000000 1.000000 1.183216 -0.000000 0.000000
 0.009444 1.000000 -1.000000 1.000000 1.183216 -0.000000 0.000000
 0.010556 1.000000 -1.000000 1.000000 1.183216 -0.000000 0.000000
 0.011667 1.000000 -1.000000 1.000000 1.183216 -0.000000 0.000000
 0.012778 1.000000 -1.000000 1.000000 1.183216 -0.000000 0.000000
 0.013889 1.000000 -1.000000 1.000000 1.183216 -0.000000 0.000000
 0.015000 1.000000 -1.000000 1.000000 1.183216 -0.000000 0.000000
 0.016111 1.000000 -1.000000 1.000000 1.183216 -0.000000 0.000000
 0.017222 1.000000 -1.000000 1.000000 1.183216 -0.000000 0.000000
 0.018333 1.000000 -1.000000 1.000000 1.183216 -0.000000 0.000000
 0.019444 1.000000 -1.000000 1.000000 1.183216 -0.000000 0.000000
 0.020556 1.000000 -1.000000 1.000000 1.183216 -0.000000 0.000000
 0.021667 1.000000 -1.000000 1.000000 1.183216 -0.000000 0.000000
 0.022778 1.000000 -1.000000 1.000000 1.183216 -0.000000 0.000000
 0.023889 1.000000 -1.000000 1.000000 1.183216 -0.000000 0.000000
 0.025000 1.000000 -1.000000 1.000000 1.183216 -0.000000 0.000000
 0.026111 1.000000 -1.000000 1.000000 1.183216 -0.000000 0.000000
 0.027222 1.000000 -1.000000 1.000000 1.183216 -0.000000 0.000000
 0.028333 1.000000 -1.000000 1.000000 1.183216 -0.000000 0.000000
 0.029444 1.000000 -1.000000 1.000000 1.183216 -0.000000 0.000000
 0.030556 1.000000 -1.000000 1.000000 1.183216 -0.000000 0.000000
 0.031667 1.000000 -1.000000 1.000000 1.183216 -0.000000 0.000000
 0.032778 1.000000 -1.000000 1.000000 1.183216 -0.000000 0.000000
 0.033889 1.000000 -1.000000 1.000000 1.183216 -0.000000 0.000000
 0.035000 1.000000 -1.000000 1.000000 1.183216 -0.000000 0.000000
 0.036111 1.000000 -1.000000 1.000000 1.183216 -0.000000 0.000000
 0.037222 1.000000 -1.000000 1.000000 1.183216 -0.000000 0.000000
 0.038333 1.000000 -1.000000 1.000000 1.183216 -0.000000 0.000000
 0.039444 1.000000 -1.000000 1.000000 1.183216 -0.000000 0.000000
 0.040556 1.000000 -1.000000 1.000000 1.183216 -0.000000 0.000000
 0.041667 1.000000 -1.000000 1.000000 1.183216 -0.000000 0.000000
 0.042778 1.000000 -1.000000 1.000000 1.183216 -0.000000 0.000000
 0.043889 1.000000 -1.000000 1.000000 1.183216 -0.000000 0.000000
 0.045000 1.000000 -1.000000 1.000000 1.183216 -0.000000 0.000000
 0.046111 1.000000 -1.000000 1.000000 1.183216 -0.000000 0.000000
 0.047222 1.000000 -1.000000 1.000000 1.183216 -0.000000 0.000000
 0.048333 1.000000 -1.000000 1.000000 1.183216 -0.000000 0.000000
 0.049444 1.000000 -1.000000 1.000000 1.183216 -0.000000 0.000000
 0.050556 1.000000 -1.000000 1.000000 1.183216 -0.000000 0.000000
 0.051667 1.000000 -1.000000 1.000000 1.183216 -0.000000 0.000000
 0.052778 1.000000 -1.000000 1.000000 1.183216 -0.000000 0.000000
 0.053889 1.000000 -1.000000 1.000000 1.183216 -0.000000 0.000000
 0.055000 1.000000 -1.000000 1.000000 1.183216 -0.000000 0.000000
 0.056111 1.000000 -1.000000 1.000000 1.183216 -0.000000 0.000000
 0.057222 1.000000 -1.000000 1.000000 1.183216 -0.000000 0.000000
 0.058333 1.000000 -1.000000 1.000000 1.183216 -0.000000 -0.000000
 0.059444 1.000000 -1.000000 1.000000 1.183216 -0.000000 0.000000
 0.060556 1.000000 -1.000000 1.000000 1.183216 -0.000000 0.000000
 0.061667 1.000000 -1.000000 1.000000 1.183216 -0.000000 0.000000
 0.062778 1.000000 -1.000000 1.000000 1.183216 -0.000000 0.000000
 0.063889 1.000000 -1.000000 1.000000 1.183216 -0.000000 0.000000
 0.065000 1.000000 -1.000000 1.000000 1.183216 -0.000000 -0.000000
 0.066111 1.000000 -1.000000 1.000000 1.183216 -0.000000 0.000000
 0.067222 1.000000 -1.000000 1.000000 1.183216 -0.000000 -0.000000
 0.068333 1.000000 -1.000000 1.000000 1.183216 -0.000000 0.000000
 0.069444 1.000000 -1.000000 1.000000 1.183216 -0.000000 0.000000
 0.070556 1.000000 -1.000000 1.000000 1.183216 -0.000000 0.000000
 0.071667 1.000000 -1.000000 1.000000 1.183216 -0.000000 0.000000
 0.072778 1.000000 -1.000000 1.000000 1.183216 -0.000000 -0.000000
 0.073889 1.000000 -1.000000 1.000000 1.183216 -0.000000 -0.000000
 0.075000 1.000000 -1.000000 1.000000 1.183216 -0.000000 0.000000
 0.076111 1.000000 -1.000000 1.000000 1.183216 -0.000000 0.000000
 0.077222 1.000000 -1.000000 1.000000 1.183216 -0.000000 -0.000000
 0.078333 1.000000 -1.000000 1.000000 1.183216 -0.000000 0.000000
 0.079444 1.000000 -1.000000 1.000000 1.183216 -0.000000 -0.000000
 0.080556 1.000000 -1.000000 1.000000 1.183216 -0.000000 0.000000
 0.081667 1.000000 -1.000000 1.000000 1.183216 -0.000000 0.000000
 0.082778 1.000000 -1.000000 1.000000 1.183216 -0.000000 -0.000000
 0.083889 1.000000 -1.000000 1.000000 1.183216 -0.000000 0.000000
 0.085000 1.000000 -1.000000 1.000000 1.183216 -0.000000 0.000000
 0.086111 1.000000 -1.000000 1.000000 1.183216 -0.000000 0.000000
 0.087222 1.000000 -1.000000 1.000000 1.183216 -0.000000 -0.000000
 0.088333 1.000000 -1.000000 1.000000 1.183216 -0.000000 0.000000
 0.089444 1.000000 -1.000000 1.000000 1.183216 -0.000000 -0.000000
 0.090556 1.000000 -1.000000 1.000000 1.183216 -0.000000 0.000000
 0.091667 1.000000 -1.000000 1.000000 1.183216 -0.000000 0.000000
 0.092778 1.000000 -1.000000 1.000000 1.183216 -0.000000 0.000000
 0.093889 1.000000 -1.000000 1.000000 1.183216 -0.000000 -0.000000
 0.095000 1.000000 -1.000000 1.000000 1.183216 -0.000000 0.000000
 0.096111 1.000000 -1.000000 1.000000 1.183216 -0.000000 -0.000000
 0.097222 1.000000 -1.000000 1.000000 1.183216 -0.000000 0.000000
 0.098333 1.000000 -1.000000 1.000000 1.183216 -0.000000 0.000000
 0.099444 1.000000 -1.000000 1.000000 1.183216 -0.000000 -0.000000
 0.100556 1.000000 -1.000000 1.000000 1.183216 -0.000000 0.000000
 0.101667 1.000000 -1.000000 1.000000 1.183216 -0.000000 0.000000
 0.102778 1.000000 -1.000000 1.000000 1.183216 -0.000000 0.000000
 0.103889 1.000000 -1.000000 1.000000 1.183216 0.000000 0.000000
 0.105000 1.000000 -1.000000 1.000000 1.183216 0.000000 0.000000
 0.106111 1.000000 -1.000000 1.000000 1.183216 0.000000 0.000000
 0.107222 1.000000 -1.000000 1.000000 1.183216 0.000000 0.000000
 0.108333 1.000000 -1.000000 1.000000 1.183216 0.000000 0.000000
 0.109444 1.000000 -0.999999 0.999999 1.183216 0.000000 0.000000
 0.110556 0.999999 -0.999999 0.999999 1.183216 0.000000 0.000000
 0.111667 0.999999 -0.999999 0.999999 1.183216 0.000000 0.000000
 0.112778 0.999999 -0.999998 0.999998 1.183216 0.000000 0.000000
 0.113889 0.999998 -0.999998 0.999997 1.183216 0.000000 0.000000
 0.115000 0.999997 -0.999997 0.999996 1.183215 0.000000 0.000000
 0.116111 0.999996 -0.999996 0.999995 1.183215 0.000000 0.000000
 0.117222 0.999995 -0.999994 0.999993 1.183215 0.000000 0.000000
 0.118333 0.999993 -0.999992 0.999990 1.183214 0.000000 0.000000
 0.119444 0.999990 -0.999989 0.999987 1.183214 0.000000 0.000000
 0.120556 0.999987 -0.999984 0.999982 1.183213 0.000000 0.000000
 0.121667 0.999982 -0.999979 0.999975 1.183212 0.000000 0.000000
 0.122778 0.999976 -0.999971 0.999966 1.183210 0.000000 0.000000
 0.123889 0.999968 -0.999962 0.999955 1.183208 0.000000 0.000000
 0.125000 0.999957 -0.999949 0.999940 1.183206 0.000000 0.000000
 0.126111 0.999943 -0.999933 0.999920 1.183202 0.000000 0.000000
 0.127222 0.999925 -0.999911 0.999895 1.183198 0.000000 0.000000
 0.128333 0.999902 -0.999884 0.999863 1.183193 0.000000 0.000000
 0.129444 0.999873 -0.999849 0.999822 1.183186 0.000000 0.000000
 0.130556 0.999836 -0.999806 0.999770 1.183177 0.000000 0.000000
 0.131667 0.999789 -0.999751 0.999705 1.183166 0.000000 0.000000
 0.132778 0.999731 -0.999682 0.999624 1.183152 0.000000 0.000000
 0.133889 0.999660 -0.999598 0.999524 1.183135 0.000000 0.000000
 0.135000 0.999572 -0.999494 0.999401 1.183115 0.000000 0.000000
 0.136111 0.999465 -0.999367 0.999251 1.183089 0.000000 0.000000
 0.137222 0.999335 -0.999213 0.999069 1.183059 0.000000 0.000000
 0.138333 0.999179 -0.999028 0.998850 1.183022 0.000000 0.000000
 0.139444 0.998992 -0.998807 0.998589 1.182977 0.000000 0.000000
 0.140556 0.998770 -0.998544 0.998279 1.182925 0.000000 0.000000
 0.141667 0.998508 -0.998234 0.997912 1.182863 0.000000 0.000000
 0.142778 0.998202 -0.997871 0.997484 1.182790 0.000000 0.000000
 0.143889 0.997845 -0.997448 0.996985 1.182706 0.000000 0.000000
 0.145000 0.997432 -0.996959 0.996408 1.182608 0.000000 0.000000
 0.146111 0.996958 -0.996397 0.995745 1.182496 0.000001 0.000000
 0.147222 0.996417 -0.995756 0.994989 1.182367 0.000001 0.000000
 0.148333 0.995803 -0.995027 0.994131 1.182222 0.000001 0.000000
 0.149444 0.995111 -0.994205 0.993163 1.182057 0.000001 0.000000
 0.150556 0.994335 -0.993284 0.992080 1.181873 0.000002 0.000000
 0.151667 0.993470 -0.992256 0.990872 1.181668 0.000002 0.000000
 0.152778 0.992512 -0.991116 0.989535 1.181440 0.000003 0.000000
 0.153889 0.991456 -0.989859 0.988062 1.181189 0.000003 0.000000
 0.155000 0.990298 -0.988480 0.986447 1.180913 0.000004 0.000000
 0.156111 0.989035 -0.986974 0.984688 1.180613 0.000005 0.000000
 0.157222 0.987665 -0.985339 0.982779 1.180286 0.000006 0.000001
 0.158333 0.986185 -0.983570 0.980720 1.179933 0.000007 0.000001
 0.159444 0.984594 -0.981667 0.978507 1.179553 0.000009 0.000001
 0.160556 0.982891 -0.979628 0.976140 1.179146 0.000011 0.000001
 0.161667 0.981077 -0.977451 0.973620 1.178711 0.000012 0.000001
 0.162778 0.979150 -0.975137 0.970946 1.178249 0.000015 0.000001
 0.163889 0.977113 -0.972686 0.968122 1.177760 0.000017 0.000001
 0.165000 0.974966 -0.970099 0.965148 1.177243 0.000020 0.000001
 0.166111 0.972712 -0.967378 0.962028 1.176700 0.000023 0.000001
 0.167222 0.970353 -0.964524 0.958767 1.176131 0.000026 0.000002
 0.168333 0.967891 -0.961541 0.955367 1.175536 0.000030 0.000002
 0.169444 0.965330 -0.958432 0.951833 1.174915 0.000034 0.000002
 0.170556 0.962672 -0.955198 0.948171 1.174270 0.000039 0.000002
 0.171667 0.959922 -0.951845 0.944386 1.173601 0.000043 0.000002
 0.172778 0.957083 -0.948375 0.940482 1.172909 0.000048 0.000002
 0.173889 0.954159 -0.944792 0.936467 1.172195 0.000054 0.000002
 0.175000 0.951153 -0.941101 0.932345 1.171459 0.000059 0.000003
 0.176111 0.948070 -0.937305 0.928122 1.170702 0.000066 0.000003
 0.177222 0.944913 -0.933408 0.923804 1.169925 0.000072 0.000003
 0.178333 0.941686 -0.929415 0.919397 1.169129 0.000079 0.000003
 0.179444 0.938394 -0.925329 0.914906 1.168314 0.000086 0.000003
 0.180556 0.935039 -0.921154 0.910338 1.167482 0.000093 0.000003
 0.181667 0.931626 -0.916894 0.905696 1.166633 0.000101 0.000003
 0.182778 0.928159 -0.912554 0.900987 1.165768 0.000109 0.000004
 0.183889 0.924640 -0.908136 0.896216 1.164888 0.000118 0.000004
 0.185000 0.921073 -0.903644 0.891388 1.163993 0.000127 0.000004
 0.186111 0.917461 -0.899083 0.886506 1.163084 0.000136 0.000004
 0.187222 0.913808 -0.894454 0.881577 1.162162 0.000145 0.000004
 0.188333 0.910117 -0.889762 0.876604 1.161227 0.000155 0.000004
 0.189444 0.906390 -0.885009 0.871591 1.160280 0.000165 0.000004
 0.190556 0.902630 -0.880198 0.866543 1.159322 0.000176 0.000004
 0.191667 0.898840 -0.875333 0.861462 1.158353 0.000186 0.000005
 0.192778 0.895022 -0.870416 0.856353 1.157374 0.000197 0.000005
 0.193889 0.891179 -0.865449 0.851219 1.156384 0.000208 0.000005
 0.195000 0.887313 -0.860435 0.846063 1.155386 0.000220 0.000005
 0.196111 0.883425 -0.855376 0.840889 1.154379 0.000232 0.000005
 0.197222 0.879519 -0.850275 0.835698 1.153363 0.000244 0.000005
 0.198333 0.875596 -0.845133 0.830493 1.152339 0.000256 0.000005
 0.199444 0.871657 -0.839953 0.825278 1.151308 0.000268 0.000005
 0.200556 0.867705 -0.834736 0.820055 1.150269 0.000281 0.000005
 0.201667 0.863741 -0.829485 0.814825 1.149224 0.000294 0.000005
 0.202778 0.859766 -0.824200 0.809592 1.148172 0.000307 0.000005
 0.203889 0.855782 -0.818884 0.804356 1.147114 0.000321 0.000005
 0.205000 0.851791 -0.813537 0.799119 1.146049 0.000335 0.000005
 0.206111 0.847793 -0.808163 0.793885 1.144980 0.000349 0.000006
 0.207222 0.843790 -0.802760 0.788653 1.143904 0.000363 0.000006
 0.208333 0.839783 -0.797332 0.783426 1.142824 0.000377 0.000006
 0.209444 0.835773 -0.791879 0.778205 1.141739 0.000392 0.000006
 0.210556 0.831761 -0.786403 0.772992 1.140649 0.000407 0.000006
 0.211667 0.827748 -0.780904 0.767787 1.139555 0.000422 0.000006
 0.212778 0.823735 -0.775383 0.762592 1.138457 0.000437 0.000006
 0.213889 0.819722 -0.769842 0.757408 1.137354 0.000453 0.000006
 0.215000 0.815711 -0.764281 0.752237 1.136248 0.000469 0.000006
 0.216111 0.811702 -0.758702 0.747078 1.135138 0.000485 0.000006
 0.217222 0.807696 -0.753104 0.741933 1.134024 0.000501 0.000006
 0.218333 0.803693 -0.747490 0.736803 1.132907 0.000517 0.000006
 0.219444 0.799695 -0.741859 0.731688 1.131787 0.000534 0.000006
 0.220556 0.795701 -0.736212 0.726590 1.130664 0.000551 0.000006
 0.221667 0.791713 -0.730550 0.721509 1.129538 0.000568 0.000006
 0.222778 0.787731 -0.724873 0.716445 1.128409 0.000585 0.000006
 0.223889 0.783755 -0.719183 0.711400 1.127277 0.000602 0.000006
 0.225000 0.779785 -0.713480 0.706373 1.126143 0.000620 0.000006
 0.226111 0.775823 -0.707764 0.701366 1.125006 0.000638 0.000006
 0.227222 0.771869 -0.702035 0.696379 1.123867 0.000656 0.000006
 0.228333 0.767922 -0.696295 0.691412 1.122726 0.000674 0.000006
 0.229444 0.763984 -0.690543 0.686466 1.121582 0.000692 0.000006
 0.230556 0.760055 -0.684781 0.681541 1.120437 0.000711 0.000006
 0.231667 0.756135 -0.679008 0.676637 1.119289 0.000730 0.000006
 0.232778 0.752224 -0.673225 0.671755 1.118139 0.000749 0.000006
 0.233889 0.748323 -0.667433 0.666895 1.116988 0.000768 0.000006
 0.235000 0.744431 -0.661631 0.662058 1.115835 0.000787 0.000006
 0.236111 0.740550 -0.655820 0.657244 1.114680 0.000807 0.000006
 0.237222 0.736679 -0.650000 0.652452 1.113523 0.000826 0.000006
 0.238333 0.732819 -0.644172 0.647684 1.112365 0.000846 0.000006
 0.239444 0.728970 -0.638336 0.642939 1.111205 0.000866 0.000006
 0.240556 0.725132 -0.632493 0.638218 1.110043 0.000887 0.000006
 0.241667 0.721305 -0.626642 0.633520 1.108881 0.000907 0.000006
 0.242778 0.717489 -0.620783 0.628847 1.107717 0.000928 0.000006
 0.243889 0.713685 -0.614918 0.624197 1.106551 0.000949 0.000007
 0.245000 0.709893 -0.609046 0.619572 1.105384 0.000970 0.000007
 0.246111 0.706113 -0.603167 0.614971 1.104216 0.000992 0.000007
 0.247222 0.702345 -0.597282 0.610394 1.103047 0.001013 0.000007
 0.248333 0.698589 -0.591391 0.605843 1.101877 0.001035 0.000007
 0.249444 0.694845 -0.585494 0.601315 1.100705 0.001057 0.000007
 0.250556 0.691114 -0.579592 0.596813 1.099533 0.001079 0.000007
 0.251667 0.687395 -0.573684 0.592335 1.098359 0.001101 0.000007
 0.252778 0.683689 -0.567770 0.587882 1.097185 0.001124 0.000007
 0.253889 0.679996 -0.561852 0.583454 1.096009 0.001146 0.000007
 0.255000 0.676315 -0.555928 0.579051 1.094833 0.001169 0.000007
 0.256111 0.672648 -0.549999 0.574673 1.093655 0.001192 0.000007
 0.257222 0.668993 -0.544066 0.570320 1.092477 0.001216 0.000007
 0.258333 0.665352 -0.538128 0.565992 1.091298 0.001239 0.000007
 0.259444 0.661724 -0.532186 0.561689 1.090118 0.001263 0.000007
 0.260556 0.658108 -0.526240 0.557411 1.088938 0.001287 0.000007
 0.261667 0.654507 -0.520289 0.553158 1.087756 0.001311 0.000007
 0.262778 0.650918 -0.514335 0.548930 1.086574 0.001335 0.000007
 0.263889 0.647343 -0.508376 0.544727 1.085391 0.001360 0.000007
 0.265000 0.643781 -0.502414 0.540549 1.084207 0.001385 0.000007
 0.266111 0.640233 -0.496448 0.536396 1.083023 0.001410 0.000007
 0.267222 0.636698 -0.490478 0.532268 1.081838 0.001435 0.000007
 0.268333 0.633177 -0.484505 0.528165 1.080653 0.001460 0.000007
 0.269444 0.629670 -0.478529 0.524087 1.079467 0.001486 0.000007
 0.270556 0.626176 -0.472549 0.520034 1.078280 0.001512 0.000007
 0.271667 0.622696 -0.466567 0.516005 1.077093 0.001538 0.000006
 0.272778 0.619229 -0.460581 0.512002 1.075905 0.001564 0.000006
 0.273889 0.615777 -0.454592 0.508023 1.074717 0.001591 0.000006
 0.275000 0.612338 -0.448601 0.504069 1.073528 0.001617 0.000006
 0.276111 0.608912 -0.442607 0.500139 1.072339 0.001644 0.000006
 0.277222 0.605501 -0.436610 0.496234 1.071149 0.001671 0.000006
 0.278333 0.602103 -0.430610 0.492354 1.069959 0.001699 0.000006
 0.279444 0.598720 -0.424608 0.488498 1.068768 0.001726 0.000006
 0.280556 0.595350 -0.418604 0.484666 1.067577 0.001754 0.000006
 0.281667 0.591994 -0.412597 0.480859 1.066386 0.001782 0.000006
 0.282778 0.588651 -0.406588 0.477076 1.065194 0.001810 0.000006
 0.283889 0.585323 -0.400577 0.473317 1.064002 0.001838 0.000006
 0.285000 0.582009 -0.394564 0.469583 1.062809 0.001867 0.000006
 0.286111 0.578708 -0.388548 0.465872 1.061617 0.001896 0.000006
 0.287222 0.575422 -0.382531 0.462186 1.060423 0.001925 0.000006
 0.288333 0.572149 -0.376512 0.458524 1.059230 0.001955 0.000006
 0.289444 0.568890 -0.370491 0.454885 1.058036 0.001984 0.000006
 0.290556 0.565645 -0.364469 0.451270 1.056842 0.002014 0.000006
 0.291667 0.562415 -0.358445 0.447679 1.055648 0.002044 0.000006
 0.292778 0.559198 -0.352419 0.444112 1.054454 0.002074 0.000006
 0.293889 0.555995 -0.346392 0.440568 1.053259 0.002105 0.000006
 0.295000 0.552806 -0.340364 0.437048 1.052064 0.002136 0.000006
 0.296111 0.549631 -0.334334 0.433551 1.050869 0.002166 0.000006
 0.297222 0.546470 -0.328303 0.430078 1.049674 0.002198 0.000006
 0.298333 0.543322 -0.322271 0.426627 1.048479 0.002229 0.000006
 0.299444 0.540189 -0.316238 0.423200 1.047283 0.002261 0.000006
 0.300556 0.537070 -0.310204 0.419797 1.046088 0.002293 0.000006
 0.301667 0.533965 -0.304170 0.416416 1.044892 0.002325 0.000006
 0.302778 0.530873 -0.298134 0.413058 1.043696 0.002357 0.000006
 0.303889 0.527796 -0.292098 0.409723 1.042500 0.002390 0.000006
 0.305000 0.524733 -0.286061 0.406411 1.041305 0.002423 0.000006
 0.306111 0.521683 -0.280024 0.403122 1.040109 0.002456 0.000006
 0.307222 0.518648 -0.273986 0.399855 1.038913 0.002490 0.000006
 0.308333 0.515626 -0.267948 0.396611 1.037717 0.002523 0.000006
 0.309444 0.512619 -0.261910 0.393390 1.036521 0.002557 0.000006
 0.310556 0.509625 -0.255871 0.390191 1.035326 0.002591 0.000006
 0.311667 0.506646 -0.249833 0.387014 1.034130 0.002626 0.000006
 0.312778 0.503681 -0.243795 0.383860 1.032934 0.002661 0.000006
 0.313889 0.500729 -0.237758 0.380728 1.031739 0.002695 0.000006
 0.315000 0.497792 -0.231720 0.377618 1.030544 0.002731 0.000006
 0.316111 0.494868 -0.225683 0.374530 1.029349 0.002766 0.000006
 0.317222 0.491959 -0.219647 0.371465 1.028154 0.002802 0.000005
 0.318333 0.489064 -0.213612 0.368421 1.026960 0.002838 0.000005
 0.319444 0.486183 -0.207578 0.365399 1.025765 0.002874 0.000005
 0.320556 0.483316 -0.201545 0.362399 1.024571 0.002910 0.000005
 0.321667 0.480463 -0.195513 0.359421 1.023378 0.002947 0.000005
 0.322778 0.477624 -0.189482 0.356465 1.022184 0.002984 0.000005
 0.323889 0.474800 -0.183454 0.353530 1.020992 0.003022 0.000005
 0.325000 0.471989 -0.177427 0.350618 1.019799 0.003059 0.000005
 0.326111 0.469193 -0.171402 0.347726 1.018607 0.003097 0.000005
 0.327222 0.466412 -0.165380 0.344857 1.017416 0.003135 0.000005
 0.328333 0.463644 -0.159360 0.342009 1.016225 0.003173 0.000005
 0.329444 0.460891 -0.153343 0.339182 1.015035 0.003212 0.000005
 0.330556 0.458153 -0.147329 0.336377 1.013846 0.003251 0.000005
 0.331667 0.455429 -0.141318 0.333594 1.012657 0.003290 0.000005
 0.332778 0.452720 -0.135311 0.330832 1.011470 0.003329 0.000005
 0.333889 0.450025 -0.129308 0.328091 1.010283 0.003369 0.000005
 0.335000 0.447345 -0.123309 0.325372 1.009097 0.003409 0.000005
 0.336111 0.444680 -0.117315 0.322674 1.007912 0.003449 0.000005
 0.337222 0.442029 -0.111326 0.319998 1.006728 0.003490 0.000005
 0.338333 0.439394 -0.105342 0.317343 1.005545 0.003530 0.000005
 0.339444 0.436774 -0.099364 0.314710 1.004364 0.003571 0.000004
 0.340556 0.434169 -0.093393 0.312099 1.003183 0.003613 0.000004
 0.341667 0.431580 -0.087428 0.309509 1.002005 0.003654 0.000004
 0.342778 0.429006 -0.081471 0.306940 1.000828 0.003696 0.000004
 0.343889 0.426448 -0.075521 0.304394 0.999652 0.003738 0.000004
 0.345000 0.423906 -0.069581 0.301869 0.998479 0.003781 0.000004
 0.346111 0.421379 -0.063650 0.299366 0.997307 0.003823 0.000004
 0.347222 0.418870 -0.057729 0.296886 0.996137 0.003866 0.000004
 0.348333 0.416376 -0.051818 0.294427 0.994970 0.003909 0.000004
 0.349444 0.413900 -0.045920 0.291991 0.993805 0.003953 0.000004
 0.350556 0.411440 -0.040034 0.289577 0.992643 0.003996 0.000004
 0.351667 0.408998 -0.034162 0.287187 0.991484 0.004040 0.000004
 0.352778 0.406574 -0.028304 0.284819 0.990327 0.004084 0.000004
 0.353889 0.404167 -0.022463 0.282474 0.989174 0.004129 0.000004
 0.355000 0.401779 -0.016639 0.280153 0.988024 0.004173 0.000003
 0.356111 0.399410 -0.010833 0.277855 0.986879 0.004218 0.000003
 0.357222 0.397060 -0.005048 0.275582 0.985737 0.004263 0.000003
 0.358333 0.394730 0.000716 0.273333 0.984600 0.004309 0.000003
 0.359444 0.392421 0.006455 0.271109 0.983467 0.004355 0.000003
 0.360556 0.390132 0.012169 0.268911 0.982340 0.004401 0.000003
 0.361667 0.387866 0.017856 0.266738 0.981219 0.004447 0.000003
 0.362778 0.385621 0.023512 0.264592 0.980103 0.004493 0.000003
 0.363889 0.383400 0.029135 0.262473 0.978995 0.004540 0.000003
 0.365000 0.381203 0.034723 0.260382 0.977893 0.004587 0.000003
 0.366111 0.379031 0.040273 0.258319 0.976799 0.004634 0.000002
 0.367222 0.376885 0.045781 0.256286 0.975714 0.004681 0.000002
 0.368333 0.374767 0.051243 0.254284 0.974637 0.004728 0.000002
 0.369444 0.372676 0.056656 0.252313 0.973571 0.004776 0.000002
 0.370556 0.370616 0.062015 0.250374 0.972515 0.004824 0.000002
 0.371667 0.368587 0.067316 0.248469 0.971471 0.004871 0.000002
 0.372778 0.366591 0.072554 0.246599 0.970440 0.004919 0.000002
 0.373889 0.364629 0.077723 0.244765 0.969422 0.004967 0.000002
 0.375000 0.362704 0.082818 0.242969 0.968419 0.005015 0.000001
 0.376111 0.360817 0.087831 0.241213 0.967433 0.005063 0.000001
 0.377222 0.358971 0.092757 0.239498 0.966464 0.005111 0.000001
 0.378333 0.357168 0.097588 0.237827 0.965514 0.005159 0.000001
 0.379444 0.355409 0.102316 0.236201 0.964585 0.005206 0.000001
 0.380556 0.353699 0.106934 0.234622 0.963677 0.005254 0.000001
 0.381667 0.352039 0.111431 0.233093 0.962794 0.005302 0.000001
 0.382778 0.350431 0.115801 0.231616 0.961936 0.005350 0.000000
 0.383889 0.348880 0.120033 0.230193 0.961106 0.005398 0.000000
 0.385000 0.347388 0.124118 0.228826 0.960306 0.005445 0.000000
 0.386111 0.345957 0.128046 0.227519 0.959536 0.005493 -0.000000
 0.387222 0.344591 0.131809 0.226272 0.958800 0.005541 -0.000000
 0.388333 0.343291 0.135397 0.225089 0.958098 0.005588 -0.000000
 0.389444 0.342061 0.138801 0.223972 0.957433 0.005636 -0.000001
 0.390556 0.340903 0.142015 0.222921 0.956807 0.005683 -0.000001
 0.391667 0.339818 0.145032 0.221939 0.956220 0.005731 -0.000001
 0.392778 0.338808 0.147845 0.221027 0.955673 0.005778 -0.000001
 0.393889 0.337873 0.150452 0.220184 0.955168 0.005826 -0.000001
 0.395000 0.337014 0.152852 0.219411 0.954705 0.005874 -0.000001
 0.396111 0.336230 0.155043 0.218707 0.954283 0.005922 -0.000001
 0.397222 0.335520 0.157028 0.218071 0.953903 0.005970 -0.000001
 0.398333 0.334881 0.158813 0.217501 0.953562 0.006019 -0.000001
 0.399444 0.334311 0.160404 0.216993 0.953261 0.006068 -0.000002
 0.400556 0.333807 0.161810 0.216546 0.952997 0.006118 -0.000002
 0.401667 0.333363 0.163043 0.216154 0.952768 0.006168 -0.000002
 0.402778 0.332977 0.164114 0.215815 0.952571 0.006219 -0.000002
 0.403889 0.332642 0.165038 0.215522 0.952404 0.006271 -0.000002
 0.405000 0.332354 0.165828 0.215272 0.952264 0.006323 -0.000002
 0.406111 0.332108 0.166500 0.215060 0.952148 0.006377 -0.000002
 0.407222 0.331897 0.167068 0.214881 0.952053 0.006431 -0.000002
 0.408333 0.331718 0.167545 0.214730 0.951977 0.006486 -0.000002
 0.409444 0.331566 0.167946 0.214604 0.951916 0.006542 -0.000002
 0.410556 0.331436 0.168283 0.214499 0.951868 0.006598 -0.000002
 0.411667 0.331324 0.168565 0.214410 0.951831 0.006656 -0.000002
 0.412778 0.331228 0.168803 0.214335 0.951804 0.006715 -0.000002
 0.413889 0.331144 0.169004 0.214272 0.951784 0.006775 -0.000002
 0.415000 0.331070 0.169176 0.214218 0.951771 0.006836 -0.000002
 0.416111 0.331004 0.169325 0.214172 0.951763 0.006898 -0.000002
 0.417222 0.330945 0.169453 0.214132 0.951759 0.006962 -0.000002
 0.418333 0.330891 0.169567 0.214097 0.951758 0.007026 -0.000002
 0.419444 0.330841 0.169667 0.214066 0.951761 0.007092 -0.000002
 0.420556 0.330794 0.169758 0.214038 0.951766 0.007159 -0.000002
 0.421667 0.330750 0.169840 0.214012 0.951773 0.007228 -0.000003
 0.422778 0.330708 0.169915 0.213989 0.951782 0.007298 -0.000003
 0.423889 0.330668 0.169983 0.213968 0.951793 0.007369 -0.000003
 0.425000 0.330629 0.170047 0.213948 0.951805 0.007441 -0.000003
 0.426111 0.330592 0.170106 0.213930 0.951819 0.007516 -0.000003
 0.427222 0.330555 0.170161 0.213914 0.951834 0.007591 -0.000003
 0.428333 0.330520 0.170212 0.213898 0.951850 0.007669 -0.000003
 0.429444 0.330485 0.170260 0.213883 0.951868 0.007747 -0.000003
 0.430556 0.330450 0.170306 0.213869 0.951886 0.007828 -0.000003
 0.431667 0.330417 0.170348 0.213856 0.951906 0.007911 -0.000003
 0.432778 0.330383 0.170388 0.213844 0.951927 0.007995 -0.000003
 0.433889 0.330351 0.170426 0.213833 0.951949 0.008081 -0.000003
 0.435000 0.330318 0.170462 0.213822 0.951972 0.008169 -0.000003
 0.436111 0.330285 0.170497 0.213812 0.951996 0.008259 -0.000003
 0.437222 0.330253 0.170529 0.213802 0.952022 0.008351 -0.000003
 0.438333 0.330221 0.170560 0.213793 0.952048 0.008446 -0.000004
 0.439444 0.330188 0.170589 0.213784 0.952075 0.008542 -0.000004
 0.440556 0.330156 0.170617 0.213776 0.952104 0.008641 -0.000004
 0.441667 0.330123 0.170643 0.213768 0.952133 0.008742 -0.000004
 0.442778 0.330091 0.170668 0.213761 0.952164 0.008846 -0.000004
 0.443889 0.330058 0.170693 0.213754 0.952195 0.008953 -0.000004
 0.445000 0.330025 0.170716 0.213747 0.952228 0.009062 -0.000004
 0.446111 0.329991 0.170738 0.213741 0.952262 0.009174 -0.000004
 0.447222 0.329957 0.170759 0.213735 0.952297 0.009289 -0.000004
 0.448333 0.329923 0.170779 0.213729 0.952334 0.009407 -0.000004
 0.449444 0.329888 0.170799 0.213723 0.952371 0.009528 -0.000005
 0.450556 0.329853 0.170818 0.213718 0.952410 0.009652 -0.000005
 0.451667 0.329818 0.170836 0.213713 0.952451 0.009780 -0.000005
 0.452778 0.329781 0.170853 0.213708 0.952492 0.009912 -0.000005
 0.453889 0.329744 0.170870 0.213703 0.952535 0.010047 -0.000005
 0.455000 0.329706 0.170886 0.213699 0.952580 0.010186 -0.000005
 0.456111 0.329668 0.170902 0.213695 0.952626 0.010329 -0.000005
 0.457222 0.329629 0.170917 0.213690 0.952673 0.010477 -0.000005
 0.458333 0.329589 0.170932 0.213686 0.952723 0.010629 -0.000006
 0.459444 0.329547 0.170946 0.213683 0.952774 0.010786 -0.000006
 0.460556 0.329505 0.170959 0.213679 0.952826 0.010947 -0.000006
 0.461667 0.329462 0.170973 0.213675 0.952881 0.011114 -0.000006
 0.462778 0.329418 0.170985 0.213672 0.952937 0.011287 -0.000006
 0.463889 0.329372 0.170998 0.213669 0.952996 0.011465 -0.000007
 0.465000 0.329326 0.171010 0.213666 0.953057 0.011649 -0.000007
 0.466111 0.329277 0.171022 0.213663 0.953119 0.011839 -0.000007
 0.467222 0.329228 0.171033 0.213660 0.953185 0.012037 -0.000007
 0.468333 0.329177 0.171044 0.213657 0.953252 0.012241 -0.000008
 0.469444 0.329124 0.171055 0.213654 0.953323 0.012453 -0.000008
 0.470556 0.329069 0.171066 0.213652 0.953396 0.012672 -0.000008
 0.471667 0.329013 0.171076 0.213649 0.953472 0.012900 -0.000009
 0.472778 0.328955 0.171086 0.213647 0.953551 0.013137 -0.000009
 0.473889 0.328894 0.171096 0.213644 0.953634 0.013384 -0.000009
 0.475000 0.328831 0.171105 0.213642 0.953719 0.013640 -0.000010
 0.476111 0.328766 0.171115 0.213640 0.953809 0.013908 -0.000010
 0.477222 0.328699 0.171124 0.213638 0.953903 0.014186 -0.000010
 0.478333 0.328628 0.171133 0.213636 0.954000 0.014477 -0.000011
 0.479444 0.328554 0.171142 0.213634 0.954103 0.014781 -0.000011
 0.480556 0.328478 0.171150 0.213632 0.954210 0.015099 -0.000012
 0.481667 0.328398 0.171159 0.213630 0.954322 0.015432 -0.000012
 0.482778 0.328314 0.171167 0.213628 0.954440 0.015782 -0.000013
 0.483889 0.328226 0.171175 0.213626 0.954564 0.016149 -0.000014
 0.485000 0.328133 0.171183 0.213625 0.954695 0.016535 -0.000014
 0.486111 0.328036 0.171191 0.213623 0.954832 0.016942 -0.000015
 0.487222 0.327934 0.171198 0.213621 0.954978 0.017371 -0.000016
 0.488333 0.327826 0.171206 0.213620 0.955132 0.017825 -0.000017
 0.489444 0.327712 0.171213 0.213618 0.955295 0.018305 -0.000018
 0.490556 0.327591 0.171220 0.213617 0.955468 0.018815 -0.000019
 0.491667 0.327462 0.171227 0.213616 0.955652 0.019358 -0.000020
 0.492778 0.327326 0.171235 0.213614 0.955849 0.019937 -0.000022
 0.493889 0.327179 0.171241 0.213613 0.956060 0.020556 -0.000023
 0.495000 0.327023 0.171248 0.213612 0.956286 0.021220 -0.000025
 0.496111 0.326855 0.171255 0.213611 0.956529 0.021935 -0.000027
 0.497222 0.326673 0.171262 0.213609 0.956792 0.022707 -0.000029
 0.498333 0.326477 0.171268 0.213608 0.957077 0.023544 -0.000031
 0.499444 0.326263 0.171275 0.213607 0.957388 0.024456 -0.000034
 0.500556 0.326029 0.171281 0.213606 0.957729 0.025454 -0.000037
 0.501667 0.325772 0.171287 0.213605 0.958105 0.026554 -0.000041
 0.502778 0.325488 0.171294 0.213604 0.958521 0.027773 -0.000046
 0.503889 0.325170 0.171300 0.213603 0.958987 0.029135 -0.000051
 0.505000 0.324813 0.171306 0.213602 0.959512 0.030670 -0.000058
 0.506111 0.324407 0.171312 0.213602 0.960110 0.032416 -0.000065
 0.507222 0.323942 0.171318 0.213601 0.960797 0.034420 -0.000075
 0.508333 0.323408 0.171324 0.213600 0.961589 0.036728 -0.000087
 0.509444 0.322799 0.171330 0.213599 0.962494 0.039364 -0.000099
 0.510556 0.322126 0.171335 0.213598 0.963496 0.042280 -0.000109
 0.511667 0.321439 0.171341 0.213598 0.964524 0.045264 -0.000112
 0.512778 0.320853 0.171347 0.213597 0.965403 0.047817 -0.000095
 0.513889 0.320583 0.171353 0.213596 0.965808 0.048993 -0.000042
 0.515000 0.320974 0.171358 0.213596 0.965218 0.047282 0.000068
 0.516111 0.322513 0.171364 0.213595 0.962911 0.040585 0.000256
 0.517222 0.325803 0.171369 0.213595 0.958035 0.026372 0.000538
 0.518333 0.331505 0.171375 0.213594 0.949759 0.002079 0.000913
 0.519444 0.340235 0.171380 0.213594 0.937495 -0.034313 0.001358
 0.520556 0.352446 0.171386 0.213593 0.921110 -0.083681 0.001829
 0.521667 0.368320 0.171391 0.213593 0.901041 -0.145359 0.002270
 0.522778 0.387693 0.171397 0.213592 0.878240 -0.217127 0.002627
 0.523889 0.410044 0.171402 0.213592 0.853967 -0.295601 0.002860
 0.525000 0.434548 0.171407 0.213591 0.829539 -0.376862 0.002954
 0.526111 0.460182 0.171413 0.213591 0.806103 -0.457108 0.002913
 0.527222 0.485862 0.171418 0.213590 0.784510 -0.533133 0.002760
 0.528333 0.510577 0.171423 0.213590 0.765286 -0.602598 0.002524
 0.529444 0.533499 0.171429 0.213590 0.748665 -0.664080 0.002237
 0.530556 0.554047 0.171434 0.213589 0.734650 -0.716992 0.001929
 0.531667 0.571908 0.171439 0.213589 0.723086 -0.761414 0.001622
 0.532778 0.587012 0.171444 0.213588 0.713722 -0.797911 0.001335
 0.533889 0.599484 0.171450 0.213588 0.706259 -0.827345 0.001079
 0.535000 0.609581 0.171455 0.213588 0.700385 -0.850729 0.000858
 0.536111 0.617630 0.171460 0.213588 0.695805 -0.869097 0.000675
 0.537222 0.623983 0.171465 0.213588 0.692254 -0.883424 0.000527
 0.538333 0.628972 0.171470 0.213587 0.689503 -0.894574 0.000410
 0.539444 0.632894 0.171476 0.213587 0.687363 -0.903276 0.000321
 0.540556 0.635995 0.171481 0.213587 0.685685 -0.910120 0.000252
 0.541667 0.638475 0.171486 0.213587 0.684352 -0.915568 0.000201
 0.542778 0.640486 0.171491 0.213587 0.683277 -0.919971 0.000163
 0.543889 0.642145 0.171497 0.213587 0.682394 -0.923591 0.000134
 0.545000 0.643536 0.171502 0.213588 0.681656 -0.926620 0.000112
 0.546111 0.644723 0.171507 0.213588 0.681029 -0.929198 0.000096
 0.547222 0.645750 0.171513 0.213588 0.680488 -0.931425 0.000083
 0.548333 0.646651 0.171518 0.213588 0.680014 -0.933376 0.000072
 0.549444 0.647450 0.171524 0.213589 0.679595 -0.935103 0.000064
 0.550556 0.648165 0.171529 0.213589 0.679221 -0.936647 0.000057
 0.551667 0.648811 0.171535 0.213590 0.678883 -0.938039 0.000052
 0.552778 0.649398 0.171540 0.213590 0.678577 -0.939302 0.000047
 0.553889 0.649934 0.171546 0.213591 0.678298 -0.940455 0.000043
 0.555000 0.650427 0.171552 0.213592 0.678042 -0.941513 0.000039
 0.556111 0.650882 0.171558 0.213592 0.677807 -0.942488 0.000036
 0.557222 0.651303 0.171564 0.213593 0.677589 -0.943389 0.000034
 0.558333 0.651695 0.171570 0.213594 0.677387 -0.944227 0.000031
 0.559444 0.652060 0.171576 0.213595 0.677198 -0.945007 0.000029
 0.560556 0.652402 0.171582 0.213596 0.677022 -0.945736 0.000027
 0.561667 0.652723 0.171589 0.213597 0.676858 -0.946419 0.000025
 0.562778 0.653024 0.171595 0.213598 0.676703 -0.947061 0.000024
 0.563889 0.653309 0.171602 0.213600 0.676558 -0.947665 0.000023
 0.565000 0.653578 0.171609 0.213601 0.676421 -0.948234 0.000021
 0.566111 0.653833 0.171616 0.213603 0.676291 -0.948773 0.000020
 0.567222 0.654075 0.171623 0.213604 0.676169 -0.949284 0.000019
 0.568333 0.654305 0.171630 0.213606 0.676053 -0.949768 0.000018
 0.569444 0.654524 0.171638 0.213608 0.675942 -0.950228 0.000017
 0.570556 0.654733 0.171646 0.213610 0.675838 -0.950666 0.000016
 0.571667 0.654933 0.171654 0.213612 0.675738 -0.951084 0.000016
 0.572778 0.655125 0.171662 0.213614 0.675643 -0.951482 0.000015
 0.573889 0.655308 0.171671 0.213616 0.675552 -0.951863 0.000014
 0.575000 0.655484 0.171680 0.213619 0.675465 -0.952228 0.000014
 0.576111 0.655654 0.171689 0.213622 0.675382 -0.952577 0.000013
 0.577222 0.655817 0.171699 0.213625 0.675302 -0.952912 0.000013
 0.578333 0.655975 0.171709 0.213628 0.675226 -0.953234 0.000012
 0.579444 0.656127 0.171720 0.213631 0.675153 -0.953543 0.000012
 0.580556 0.656275 0.171732 0.213635 0.675083 -0.953840 0.000011
 0.581667 0.656418 0.171744 0.213639 0.675016 -0.954126 0.000011
 0.582778 0.656558 0.171757 0.213644 0.674952 -0.954402 0.000010
 0.583889 0.656694 0.171772 0.213649 0.674890 -0.954667 0.000010
 0.585000 0.656827 0.171788 0.213655 0.674831 -0.954924 0.000010
 0.586111 0.656958 0.171806 0.213662 0.674775 -0.955172 0.000009
 0.587222 0.657088 0.171827 0.213670 0.674721 -0.955411 0.000009
 0.588333 0.657219 0.171852 0.213680 0.674669 -0.955642 0.000009
 0.589444 0.657350 0.171882 0.213692 0.674621 -0.955866 0.000008
 0.590556 0.657485 0.171919 0.213707 0.674575 -0.956083 0.000008
 0.591667 0.657626 0.171965 0.213726 0.674533 -0.956293 0.000008
 0.592778 0.657776 0.172023 0.213751 0.674496 -0.956497 0.000008
 0.593889 0.657939 0.172097 0.213783 0.674462 -0.956694 0.000007
 0.595000 0.658119 0.172192 0.213824 0.674435 -0.956886 0.000007
 0.596111 0.658323 0.172314 0.213877 0.674414 -0.957072 0.000007
 0.597222 0.658558 0.172470 0.213945 0.674401 -0.957252 0.000007
 0.598333 0.658832 0.172669 0.214032 0.674398 -0.957428 0.000007
 0.599444 0.659156 0.172920 0.214143 0.674406 -0.957599 0.000006
 0.600556 0.659541 0.173236 0.214282 0.674429 -0.957765 0.000006
 0.601667 0.660000 0.173629 0.214456 0.674468 -0.957927 0.000006
 0.602778 0.660546 0.174114 0.214671 0.674527 -0.958085 0.000006
 0.603889 0.661195 0.174704 0.214933 0.674607 -0.958239 0.000006
 0.605000 0.661961 0.175415 0.215250 0.674713 -0.958389 0.000006
 0.606111 0.662862 0.176264 0.215628 0.674847 -0.958535 0.000006
 0.607222 0.663911 0.177264 0.216075 0.675012 -0.958679 0.000006
 0.608333 0.665124 0.178430 0.216598 0.675211 -0.958820 0.000006
 0.609444 0.666515 0.179776 0.217202 0.675447 -0.958958 0.000006
 0.610556 0.668096 0.181312 0.217894 0.675721 -0.959093 0.000006
 0.611667 0.669877 0.183049 0.218678 0.676036 -0.959227 0.000006
 0.612778 0.671866 0.184992 0.219559 0.676392 -0.959358 0.000006
 0.613889 0.674071 0.187146 0.220540 0.676792 -0.959488 0.000006
 0.615000 0.676496 0.189515 0.221623 0.677234 -0.959617 0.000006
 0.616111 0.679141 0.192098 0.222809 0.677720 -0.959744 0.000007
 0.617222 0.682008 0.194893 0.224099 0.678248 -0.959870 0.000007
 0.618333 0.685095 0.197896 0.225491 0.678819 -0.959996 0.000007
 0.619444 0.688398 0.201101 0.226987 0.679429 -0.960121 0.000007
 0.620556 0.691912 0.204502 0.228582 0.680079 -0.960246 0.000008
 0.621667 0.695632 0.208089 0.230276 0.680767 -0.960370 0.000008
 0.622778 0.699552 0.211854 0.232065 0.681490 -0.960494 0.000008
 0.623889 0.703663 0.215788 0.233948 0.682247 -0.960618 0.000009
 0.625000 0.707958 0.219880 0.235921 0.683035 -0.960741 0.000009
 0.626111 0.712430 0.224121 0.237980 0.683854 -0.960864 0.000009
 0.627222 0.717070 0.228501 0.240124 0.684700 -0.960987 0.000010
 0.628333 0.721871 0.233010 0.242348 0.685573 -0.961110 0.000010
 0.629444 0.726826 0.237640 0.244650 0.686469 -0.961233 0.000010
 0.630556 0.731926 0.242380 0.247026 0.687388 -0.961355 0.000011
 0.631667 0.737165 0.247224 0.249475 0.688327 -0.961477 0.000011
 0.632778 0.742537 0.252161 0.251993 0.689286 -0.961599 0.000011
 0.633889 0.748035 0.257186 0.254578 0.690261 -0.961720 0.000012
 0.635000 0.753653 0.262291 0.257228 0.691253 -0.961840 0.000012
 0.636111 0.759385 0.267470 0.259940 0.692260 -0.961961 0.000012
 0.637222 0.765227 0.272716 0.262712 0.693281 -0.962080 0.000012
 0.638333 0.771175 0.278024 0.265544 0.694314 -0.962199 0.000013
 0.639444 0.777222 0.283388 0.268432 0.695358 -0.962318 0.000013
 0.640556 0.783367 0.288805 0.271376 0.696413 -0.962436 0.000013
 0.641667 0.789604 0.294269 0.274373 0.697478 -0.962553 0.000013
 0.642778 0.795931 0.299777 0.277424 0.698551 -0.962669 0.000013
 0.643889 0.802344 0.305324 0.280526 0.699633 -0.962785 0.000014
 0.645000 0.808841 0.310909 0.283679 0.700722 -0.962899 0.000014
 0.646111 0.815419 0.316526 0.286881 0.701818 -0.963013 0.000014
 0.647222 0.822075 0.322175 0.290132 0.702920 -0.963126 0.000014
 0.648333 0.828808 0.327851 0.293431 0.704028 -0.963239 0.000014
 0.649444 0.835615 0.333553 0.296778 0.705142 -0.963350 0.000014
 0.650556 0.842495 0.339278 0.300171 0.706260 -0.963461 0.000014
 0.651667 0.849446 0.345024 0.303611 0.707383 -0.963570 0.000015
 0.652778 0.856466 0.350790 0.307096 0.708510 -0.963679 0.000015
 0.653889 0.863555 0.356574 0.310627 0.709641 -0.963786 0.000015
 0.655000 0.870710 0.362375 0.314202 0.710775 -0.963893 0.000015
 0.656111 0.877931 0.368190 0.317823 0.711912 -0.963999 0.000015
 0.657222 0.885216 0.374019 0.321487 0.713052 -0.964104 0.000015
 0.658333 0.892565 0.379859 0.325196 0.714195 -0.964208 0.000015
 0.659444 0.899977 0.385712 0.328949 0.715341 -0.964311 0.000015
 0.660556 0.907450 0.391574 0.332746 0.716488 -0.964412 0.000015
 0.661667 0.914985 0.397445 0.336587 0.717638 -0.964513 0.000015
 0.662778 0.922580 0.403325 0.340471 0.718789 -0.964613 0.000016
 0.663889 0.930235 0.409212 0.344398 0.719943 -0.964712 0.000016
 0.665000 0.937950 0.415106 0.348369 0.721098 -0.964810 0.000016
 0.666111 0.945723 0.421005 0.352383 0.722254 -0.964907 0.000016
 0.667222 0.953554 0.426910 0.356441 0.723411 -0.965003 0.000016
 0.668333 0.961443 0.432820 0.360542 0.724570 -0.965099 0.000016
 0.669444 0.969390 0.438734 0.364687 0.725730 -0.965193 0.000016
 0.670556 0.977394 0.444651 0.368875 0.726890 -0.965286 0.000016
 0.671667 0.985454 0.450571 0.373106 0.728051 -0.965378 0.000016
 0.672778 0.993570 0.456493 0.377381 0.729214 -0.965469 0.000016
 0.673889 1.001743 0.462418 0.381699 0.730376 -0.965560 0.000016
 0.675000 1.009971 0.468344 0.386061 0.731540 -0.965649 0.000016
 0.676111 1.018254 0.474271 0.390467 0.732703 -0.965737 0.000016
 0.677222 1.026593 0.480199 0.394916 0.733867 -0.965825 0.000016
 0.678333 1.034986 0.486128 0.399410 0.735032 -0.965911 0.000016
 0.679444 1.043434 0.492056 0.403947 0.736196 -0.965997 0.000016
 0.680556 1.051937 0.497984 0.408528 0.737361 -0.966081 0.000016
 0.681667 1.060493 0.503912 0.413153 0.738526 -0.966165 0.000016
 0.682778 1.069104 0.509838 0.417823 0.739690 -0.966248 0.000016
 0.683889 1.077768 0.515763 0.422536 0.740855 -0.966330 0.000016
 0.685000 1.086486 0.521687 0.427294 0.742020 -0.966411 0.000016
 0.686111 1.095257 0.527608 0.432097 0.743184 -0.966491 0.000016
 0.687222 1.104081 0.533528 0.436944 0.744348 -0.966570 0.000016
 0.688333 1.112958 0.539445 0.441835 0.745512 -0.966648 0.000016
 0.689444 1.121888 0.545359 0.446772 0.746676 -0.966726 0.000016
 0.690556 1.130870 0.551270 0.451753 0.747839 -0.966802 0.000016
 0.691667 1.139904 0.557178 0.456779 0.749002 -0.966878 0.000016
 0.692778 1.148990 0.563082 0.461849 0.750164 -0.966953 0.000016
 0.693889 1.158128 0.568983 0.466965 0.751325 -0.967027 0.000016
 0.695000 1.167317 0.574879 0.472126 0.752486 -0.967100 0.000016
 0.696111 1.176557 0.580771 0.477332 0.753647 -0.967172 0.000016
 0.697222 1.185848 0.586659 0.482583 0.754806 -0.967244 0.000016
 0.698333 1.195190 0.592541 0.487879 0.755965 -0.967314 0.000016
 0.699444 1.204581 0.598419 0.493221 0.757123 -0.967384 0.000016
 0.700556 1.214023 0.604290 0.498607 0.758280 -0.967453 0.000016
 0.701667 1.223515 0.610157 0.504039 0.759436 -0.967521 0.000016
 0.702778 1.233055 0.616017 0.509515 0.760591 -0.967588 0.000016
 0.703889 1.242644 0.621871 0.515037 0.761745 -0.967655 0.000016
 0.705000 1.252282 0.627718 0.520604 0.762898 -0.967721 0.000016
 0.706111 1.261968 0.633558 0.526216 0.764050 -0.967785 0.000016
 0.707222 1.271701 0.639391 0.531872 0.765200 -0.967850 0.000016
 0.708333 1.281481 0.645217 0.537574 0.766349 -0.967913 0.000016
 0.709444 1.291308 0.651035 0.543319 0.767497 -0.967975 0.000016
 0.710556 1.301180 0.656844 0.549110 0.768643 -0.968037 0.000016
 0.711667 1.311098 0.662645 0.554944 0.769788 -0.968098 0.000016
 0.712778 1.321060 0.668437 0.560823 0.770931 -0.968158 0.000015
 0.713889 1.331067 0.674220 0.566746 0.772073 -0.968218 0.000015
 0.715000 1.341116 0.679993 0.572712 0.773212 -0.968276 0.000015
 0.716111 1.351209 0.685755 0.578721 0.774350 -0.968334 0.000015
 0.717222 1.361342 0.691508 0.584773 0.775486 -0.968391 0.000015
 0.718333 1.371517 0.697249 0.590868 0.776620 -0.968448 0.000015
 0.719444 1.381732 0.702978 0.597004 0.777752 -0.968503 0.000015
 0.720556 1.391985 0.708696 0.603183 0.778881 -0.968558 0.000015
 0.721667 1.402276 0.714401 0.609402 0.780008 -0.968613 0.000015
 0.722778 1.412605 0.720093 0.615662 0.781133 -0.968666 0.000015
 0.723889 1.422968 0.725772 0.621962 0.782255 -0.968719 0.000015
 0.725000 1.433366 0.731437 0.628302 0.783375 -0.968770 0.000015
 0.726111 1.443797 0.737086 0.634680 0.784492 -0.968822 0.000015
 0.727222 1.454260 0.742720 0.641096 0.785606 -0.968872 0.000014
 0.728333 1.464753 0.748339 0.647549 0.786716 -0.968922 0.000014
 0.729444 1.475274 0.753940 0.654038 0.787824 -0.968971 0.000014
 0.730556 1.485821 0.759524 0.660562 0.788928 -0.969019 0.000014
 0.731667 1.496394 0.765089 0.667120 0.790029 -0.969066 0.000014
 0.732778 1.506989 0.770635 0.673711 0.791126 -0.969113 0.000014
 0.733889 1.517606 0.776161 0.680334 0.792220 -0.969159 0.000014
 0.735000 1.528241 0.781666 0.686987 0.793309 -0.969204 0.000014
 0.736111 1.538892 0.787149 0.693669 0.794394 -0.969249 0.000014
 0.737222 1.549558 0.792609 0.700378 0.795475 -0.969292 0.000013
 0.738333 1.560234 0.798045 0.707113 0.796551 -0.969335 0.000013
 0.739444 1.570919 0.803456 0.713871 0.797622 -0.969378 0.000013
 0.740556 1.581609 0.808840 0.720652 0.798688 -0.969419 0.000013
 0.741667 1.592301 0.814196 0.727452 0.799749 -0.969460 0.000013
 0.742778 1.602993 0.819524 0.734270 0.800804 -0.969500 0.000013
 0.743889 1.613679 0.824821 0.741103 0.801853 -0.969539 0.000013
 0.745000 1.624357 0.830085 0.747949 0.802896 -0.969577 0.000012
 0.746111 1.635022 0.835317 0.754805 0.803932 -0.969615 0.000012
 0.747222 1.645670 0.840513 0.761668 0.804962 -0.969651 0.000012
 0.748333 1.656296 0.845672 0.768535 0.805984 -0.969687 0.000012
 0.749444 1.666897 0.850792 0.775402 0.806999 -0.969723 0.000012
 0.750556 1.677465 0.855871 0.782267 0.808006 -0.969757 0.000011
 0.751667 1.687997 0.860908 0.789125 0.809005 -0.969790 0.000011
 0.752778 1.698486 0.865899 0.795972 0.809994 -0.969823 0.000011
 0.753889 1.708926 0.870843 0.802805 0.810975 -0.969855 0.000011
 0.755000 1.719311 0.875737 0.809618 0.811945 -0.969886 0.000011
 0.756111 1.729634 0.880579 0.816407 0.812906 -0.969916 0.000010
 0.757222 1.739889 0.885366 0.823167 0.813856 -0.969945 0.000010
 0.758333 1.750066 0.890095 0.829893 0.814794 -0.969974 0.000010
 0.759444 1.760159 0.894763 0.836578 0.815720 -0.970001 0.000010
 0.760556 1.770160 0.899368 0.843218 0.816634 -0.970028 0.000009
 0.761667 1.780059 0.903906 0.849805 0.817535 -0.970053 0.000009
 0.762778 1.789847 0.908374 0.856333 0.818422 -0.970078 0.000009
 0.763889 1.799517 0.912769 0.862796 0.819295 -0.970102 0.000008
 0.765000 1.809056 0.917086 0.869187 0.820152 -0.970125 0.000008
 0.766111 1.818456 0.921323 0.875497 0.820994 -0.970146 0.000008
 0.767222 1.827706 0.925476 0.881720 0.821819 -0.970167 0.000007
 0.768333 1.836795 0.929540 0.887847 0.822627 -0.970187 0.000007
 0.769444 1.845713 0.933512 0.893871 0.823416 -0.970206 0.000007
 0.770556 1.854448 0.937389 0.899782 0.824186 -0.970224 0.000006
 0.771667 1.862988 0.941165 0.905574 0.824937 -0.970241 0.000006
 0.772778 1.871324 0.944838 0.911237 0.825667 -0.970257 0.000006
 0.773889 1.879442 0.948402 0.916762 0.826376 -0.970272 0.000005
 0.775000 1.887332 0.951856 0.922142 0.827063 -0.970286 0.000005
 0.776111 1.894984 0.955194 0.927368 0.827727 -0.970299 0.000005
 0.777222 1.902385 0.958413 0.932432 0.828368 -0.970311 0.000004
 0.778333 1.909526 0.961509 0.937325 0.828984 -0.970322 0.000004
 0.779444 1.916397 0.964480 0.942041 0.829576 -0.970333 0.000004
 0.780556 1.922990 0.967323 0.946572 0.830142 -0.970342 0.000003
 0.781667 1.929295 0.970036 0.950912 0.830682 -0.970350 0.000003
 0.782778 1.935307 0.972615 0.955055 0.831196 -0.970358 0.000003
 0.783889 1.941018 0.975060 0.958997 0.831683 -0.970365 0.000003
 0.785000 1.946424 0.977369 0.962733 0.832143 -0.970371 0.000002
 0.786111 1.951523 0.979543 0.966260 0.832576 -0.970377 0.000002
 0.787222 1.956312 0.981580 0.969576 0.832983 -0.970381 0.000002
 0.788333 1.960791 0.983482 0.972681 0.833362 -0.970386 0.000002
 0.789444 1.964961 0.985251 0.975576 0.833715 -0.970389 0.000001
 0.790556 1.968827 0.986888 0.978261 0.834041 -0.970392 0.000001
 0.791667 1.972394 0.988395 0.980740 0.834342 -0.970395 0.000001
 0.792778 1.975668 0.989778 0.983018 0.834618 -0.970397 0.000001
 0.793889 1.978657 0.991039 0.985099 0.834870 -0.970399 0.000001
 0.795000 1.981373 0.992183 0.986991 0.835098 -0.970400 0.000001
 0.796111 1.983826 0.993215 0.988701 0.835304 -0.970402 0.000000
 0.797222 1.986030 0.994142 0.990238 0.835489 -0.970403 0.000000
 0.798333 1.987998 0.994969 0.991611 0.835655 -0.970403 0.000000
 0.799444 1.989745 0.995703 0.992831 0.835801 -0.970404 0.000000
 0.800556 1.991286 0.996349 0.993907 0.835930 -0.970405 0.000000
 0.801667 1.992638 0.996916 0.994851 0.836044 -0.970405 0.000000
 0.802778 1.993815 0.997410 0.995674 0.836142 -0.970405 0.000000
 0.803889 1.994835 0.997837 0.996387 0.836228 -0.970405 0.000000
 0.805000 1.995712 0.998205 0.997000 0.836301 -0.970406 0.000000
 0.806111 1.996461 0.998519 0.997524 0.836364 -0.970406 0.000000
 0.807222 1.997097 0.998785 0.997969 0.836417 -0.970406 0.000000
 0.808333 1.997633 0.999009 0.998344 0.836462 -0.970406 0.000000
 0.809444 1.998082 0.999197 0.998658 0.836500 -0.970406 0.000000
 0.810556 1.998455 0.999354 0.998919 0.836531 -0.970406 0.000000
 0.811667 1.998763 0.999483 0.999135 0.836557 -0.970406 0.000000
 0.812778 1.999016 0.999588 0.999312 0.836578 -0.970406 0.000000
 0.813889 1.999223 0.999675 0.999456 0.836595 -0.970406 0.000000
 0.815000 1.999389 0.999744 0.999573 0.836609 -0.970406 0.000000
 0.816111 1.999523 0.999801 0.999666 0.836620 -0.970406 0.000000
 0.817222 1.999630 0.999845 0.999741 0.836629 -0.970406 0.000000
 0.818333 1.999715 0.999881 0.999800 0.836636 -0.970406 0.000000
 0.819444 1.999782 0.999909 0.999847 0.836642 -0.970406 0.000000
 0.820556 1.999834 0.999930 0.999884 0.836646 -0.970406 0.000000
 0.821667 1.999874 0.999947 0.999912 0.836650 -0.970406 0.000000
 0.822778 1.999906 0.999961 0.999934 0.836652 -0.970406 0.000000
 0.823889 1.999929 0.999971 0.999951 0.836654 -0.970406 0.000000
 0.825000 1.999948 0.999978 0.999963 0.836656 -0.970406 0.000000
 0.826111 1.999961 0.999984 0.999973 0.836657 -0.970406 0.000000
 0.827222 1.999972 0.999988 0.999980 0.836658 -0.970406 0.000000
 0.828333 1.999979 0.999991 0.999986 0.836658 -0.970406 0.000000
 0.829444 1.999985 0.999994 0.999990 0.836659 -0.970406 0.000000
 0.830556 1.999989 0.999996 0.999993 0.836659 -0.970406 0.000000
 0.831667 1.999992 0.999997 0.999995 0.836659 -0.970406 0.000000
 0.832778 1.999995 0.999998 0.999996 0.836660 -0.970406 0.000000
 0.833889 1.999996 0.999998 0.999997 0.836660 -0.970406 0.000000
 0.835000 1.999997 0.999999 0.999998 0.836660 -0.970406 0.000000
 0.836111 1.999998 0.999999 0.999999 0.836660 -0.970406 0.000000
 0.837222 1.999999 0.999999 0.999999 0.836660 -0.970406 0.000000
 0.838333 1.999999 1.000000 0.999999 0.836660 -0.970406 0.000000
 0.839444 1.999999 1.000000 1.000000 0.836660 -0.970406 0.000000
 0.840556 2.000000 1.000000 1.000000 0.836660 -0.970406 0.000000
 0.841667 2.000000 1.000000 1.000000 0.836660 -0.970406 0.000000
 0.842778 2.000000 1.000000 1.000000 0.836660 -0.970406 0.000000
 0.843889 2.000000 1.000000 1.000000 0.836660 -0.970406 0.000000
 0.845000 2.000000 1.000000 1.000000 0.836660 -0.970406 0.000000
 0.846111 2.000000 1.000000 1.000000 0.836660 -0.970406 0.000000
 0.847222 2.000000 1.000000 1.000000 0.836660 -0.970406 0.000000
 0.848333 2.000000 1.000000 1.000000 0.836660 -0.970406 0.000000
 0.849444 2.000000 1.000000 1.000000 0.836660 -0.970406 0.000000
 0.850556 2.000000 1.000000 1.000000 0.836660 -0.970406 0.000000
 0.851667 2.000000 1.000000 1.000000 0.836660 -0.970406 0.000000
 0.852778 2.000000 1.000000 1.000000 0.836660 -0.970406 0.000000
 0.853889 2.000000 1.000000 1.000000 0.836660 -0.970406 0.000000
 0.855000 2.000000 1.000000 1.000000 0.836660 -0.970406 0.000000
 0.856111 2.000000 1.000000 1.000000 0.836660 -0.970406 0.000000
 0.857222 2.000000 1.000000 1.000000 0.836660 -0.970406 0.000000
 0.858333 2.000000 1.000000 1.000000 0.836660 -0.970406 0.000000
 0.859444 2.000000 1.000000 1.000000 0.836660 -0.970406 0.000000
 0.860556 2.000000 1.000000 1.000000 0.836660 -0.970406 0.000000
 0.861667 2.000000 1.000000 1.000000 0.836660 -0.970406 -0.000000
 0.862778 2.000000 1.000000 1.000000 0.836660 -0.970406 0.000000
 0.863889 2.000000 1.000000 1.000000 0.836660 -0.970406 0.000000
 0.865000 2.000000 1.000000 1.000000 0.836660 -0.970406 -0.000000
 0.866111 2.000000 1.000000 1.000000 0.836660 -0.970406 0.000000
 0.867222 2.000000 1.000000 1.000000 0.836660 -0.970406 0.000000
 0.868333 2.000000 1.000000 1.000000 0.836660 -0.970406 0.000000
 0.869444 2.000000 1.000000 1.000000 0.836660 -0.970406 0.000000
 0.870556 2.000000 1.000000 1.000000 0.836660 -0.970406 0.000000
 0.871667 2.000000 1.000000 1.000000 0.836660 -0.970406 -0.000000
 0.872778 2.000000 1.000000 1.000000 0.836660 -0.970406 -0.000000
 0.873889 2.000000 1.000000 1.000000 0.836660 -0.970406 0.000000
 0.875000 2.000000 1.000000 1.000000 0.836660 -0.970406 0.000000
 0.876111 2.000000 1.000000 1.000000 0.836660 -0.970406 0.000000
 0.877222 2.000000 1.000000 1.000000 0.836660 -0.970406 0.000000
 0.878333 2.000000 1.000000 1.000000 0.836660 -0.970406 0.000000
 0.879444 2.000000 1.000000 1.000000 0.836660 -0.970406 0.000000
 0.880556 2.000000 1.000000 1.000000 0.836660 -0.970406 0.000000
 0.881667 2.000000 1.000000 1.000000 0.836660 -0.970406 0.000000
 0.882778 2.000000 1.000000 1.000000 0.836660 -0.970406 0.000000
 0.883889 2.000000 1.000000 1.000000 0.836660 -0.970406 -0.000000
 0.885000 2.000000 1.000000 1.000000 0.836660 -0.970406 0.000000
 0.886111 2.000000 1.000000 1.000000 0.836660 -0.970406 0.000000
 0.887222 2.000000 1.000000 1.000000 0.836660 -0.970406 0.000000
 0.888333 2.000000 1.000000 1.000000 0.836660 -0.970406 0.000000
 0.889444 2.000000 1.000000 1.000000 0.836660 -0.970406 0.000000
 0.890556 2.000000 1.000000 1.000000 0.836660 -0.970406 0.000000
 0.891667 2.000000 1.000000 1.000000 0.836660 -0.970406 0.000000
 0.892778 2.000000 1.000000 1.000000 0.836660 -0.970406 0.000000
 0.893889 2.000000 1.000000 1.000000 0.836660 -0.970406 0.000000
 0.895000 2.000000 1.000000 1.000000 0.836660 -0.970406 0.000000
 0.896111 2.000000 1.000000 1.000000 0.836660 -0.970406 0.000000
 0.897222 2.000000 1.000000 1.000000 0.836660 -0.970406 0.000000
 0.898333 2.000000 1.000000 1.000000 0.836660 -0.970406 0.000000
 0.899444 2.000000 1.000000 1.000000 0.836660 -0.970406 0.000000
 0.900556 2.000000 1.000000 1.000000 0.836660 -0.970406 0.000000
 0.901667 2.000000 1.000000 1.000000 0.836660 -0.970406 0.000000
 0.902778 2.000000 1.000000 1.000000 0.836660 -0.970406 0.000000
 0.903889 2.000000 1.000000 1.000000 0.836660 -0.970406 0.000000
 0.905000 2.000000 1.000000 1.000000 0.836660 -0.970406 0.000000
 0.906111 2.000000 1.000000 1.000000 0.836660 -0.970406 0.000000
 0.907222 2.000000 1.000000 1.000000 0.836660 -0.970406 0.000000
 0.908333 2.000000 1.000000 1.000000 0.836660 -0.970406 0.000000
 0.909444 2.000000 1.000000 1.000000 0.836660 -0.970406 0.000000
 0.910556 2.000000 1.000000 1.000000 0.836660 -0.970406 0.000000
 0.911667 2.000000 1.000000 1.000000 0.836660 -0.970406 0.000000
 0.912778 2.000000 1.000000 1.000000 0.836660 -0.970406 0.000000
 0.913889 2.000000 1.000000 1.000000 0.836660 -0.970406 0.000000
 0.915000 2.000000 1.000000 1.000000 0.836660 -0.970406 0.000000
 0.916111 2.000000 1.000000 1.000000 0.836660 -0.970406 0.000000
 0.917222 2.000000 1.000000 1.000000 0.836660 -0.970406 0.000000
 0.918333 2.000000 1.000000 1.000000 0.836660 -0.970406 0.000000
 0.919444 2.000000 1.000000 1.000000 0.836660 -0.970406 0.000000
 0.920556 2.000000 1.000000 1.000000 0.836660 -0.970406 0.000000
 0.921667 2.000000 1.000000 1.000000 0.836660 -0.970406 0.000000
 0.922778 2.000000 1.000000 1.000000 0.836660 -0.970406 0.000000
 0.923889 2.000000 1.000000 1.000000 0.836660 -0.970406 0.000000
 0.925000 2.000000 1.000000 1.000000 0.836660 -0.970406 0.000000
 0.926111 2.000000 1.000000 1.000000 0.836660 -0.970406 0.000000
 0.927222 2.000000 1.000000 1.000000 0.836660 -0.970406 0.000000
 0.928333 2.000000 1.000000 1.000000 0.836660 -0.970406 0.000000
 0.929444 2.000000 1.000000 1.000000 0.836660 -0.970406 0.000000
 0.930556 2.000000 1.000000 1.000000 0.836660 -0.970406 0.000000
 0.931667 2.000000 1.000000 1.000000 0.836660 -0.970406 0.000000
 0.932778 2.000000 1.000000 1.000000 0.836660 -0.970406 0.000000
 0.933889 2.000000 1.000000 1.000000 0.836660 -0.970406 0.000000
 0.935000 2.000000 1.000000 1.000000 0.836660 -0.970406 0.000000
 0.936111 2.000000 1.000000 1.000000 0.836660 -0.970406 0.000000
 0.937222 2.000000 1.000000 1.000000 0.836660 -0.970406 0.000000
 0.938333 2.000000 1.000000 1.000000 0.836660 -0.970406 0.000000
 0.939444 2.000000 1.000000 1.000000 0.836660 -0.970406 0.000000
 0.940556 2.000000 1.000000 1.000000 0.836660 -0.970406 0.000000
 0.941667 2.000000 1.000000 1.000000 0.836660 -0.970406 0.000000
 0.942778 2.000000 1.000000 1.000000 0.836660 -0.970406 0.000000
 0.943889 2.000000 1.000000 1.000000 0.836660 -0.970406 0.000000
 0.945000 2.000000 1.000000 1.000000 0.836660 -0.970406 0.000000
 0.946111 2.000000 1.000000 1.000000 0.836660 -0.970406 0.000000
 0.947222 2.000000 1.000000 1.000000 0.836660 -0.970406 0.000000
 0.948333 2.000000 1.000000 1.000000 0.836660 -0.970406 0.000000
 0.949444 2.000000 1.000000 1.000000 0.836660 -0.970406 0.000000
 0.950556 2.000000 1.000000 1.000000 0.836660 -0.970406 0.000000
 0.951667 2.000000 1.000000 1.000000 0.836660 -0.970406 0.000000
 0.952778 2.000000 1.000000 1.000000 0.836660 -0.970406 0.000000
 0.953889 2.000000 1.000000 1.000000 0.836660 -0.970406 0.000000
 0.955000 2.000000 1.000000 1.000000 0.836660 -0.970406 0.000000
 0.956111 2.000000 1.000000 1.000000 0.836660 -0.970406 0.000000
 0.957222 2.000000 1.000000 1.000000 0.836660 -0.970406 0.000000
 0.958333 2.000000 1.000000 1.000000 0.836660 -0.970406 0.000000
 0.959444 2.000000 1.000000 1.000000 0.836660 -0.970406 0.000000
 0.960556 2.000000 1.000000 1.000000 0.836660 -0.970406 0.000000
 0.961667 2.000000 1.000000 1.000000 0.836660 -0.970406 0.000000
 0.962778 2.000000 1.000000 1.000000 0.836660 -0.970406 0.000000
 0.963889 2.000000 1.000000 1.000000 0.836660 -0.970406 0.000000
 0.965000 2.000000 1.000000 1.000000 0.836660 -0.970406 0.000000
 0.966111 2.000000 1.000000 1.000000 0.836660 -0.970406 0.000000
 0.967222 2.000000 1.000000 1.000000 0.836660 -0.970406 0.000000
 0.968333 2.000000 1.000000 1.000000 0.836660 -0.970406 0.000000
 0.969444 2.000000 1.000000 1.000000 0.836660 -0.970406 0.000000
 0.970556 2.000000 1.000000 1.000000 0.836660 -0.970406 0.000000
 0.971667 2.000000 1.000000 1.000000 0.836660 -0.970406 0.000000
 0.972778 2.000000 1.000000 1.000000 0.836660 -0.970406 0.000000
 0.973889 2.000000 1.000000 1.000000 0.836660 -0.970406 0.000000
 0.975000 2.000000 1.000000 1.000000 0.836660 -0.970406 0.000000
 0.976111 2.000000 1.000000 1.000000 0.836660 -0.970406 0.000000
 0.977222 2.000000 1.000000 1.000000 0.836660 -0.970406 0.000000
 0.978333 2.000000 1.000000 1.000000 0.836660 -0.970406 0.000000
 0.979444 2.000000 1.000000 1.000000 0.836660 -0.970406 0.000000
 0.980556 2.000000 1.000000 1.000000 0.836660 -0.970406 0.000000
 0.981667 2.000000 1.000000 1.000000 0.836660 -0.970406 0.000000
 0.982778 2.000000 1.000000 1.000000 0.836660 -0.970406 0.000000
 0.983889 2.000000 1.000000 1.000000 0.836660 -0.970406 0.000000
 0.985000 2.000000 1.000000 1.000000 0.836660 -0.970406 0.000000
 0.986111 2.000000 1.000000 1.000000 0.836660 -0.970406 0.000000
 0.987222 2.000000 1.000000 1.000000 0.836660 -0.970406 0.000000
 0.988333 2.000000 1.000000 1.000000 0.836660 -0.970406 0.000000
 0.989444 2.000000 1.000000 1.000000 0.836660 -0.970406 0.000000
 0.990556 2.000000 1.000000 1.000000 0.836660 -0.970406 0.000000
 0.991667 2.000000 1.000000 1.000000 0.836660 -0.970406 0.000000
 0.992778 2.000000 1.000000 1.000000 0.836660 -0.970406 0.000000
 0.993889 2.000000 1.000000 1.000000 0.836660 -0.970406 0.000000
 0.995000 2.000000 1.000000 1.000000 0.836660 -0.970406 0.000000
 0.996111 2.000000 1.000000 1.000000 0.836660 -0.970406 0.000000
 0.997222 2.000000 1.000000 1.000000 0.836660 -0.970406 0.000000
 0.998333 2.000000 1.000000 1.000000 0.836660 -0.970406 0.000000
 0.999444 2.000000 1.000000 1.000000 0.836660 -0.970406 0.000000
