Timer: 0.179959
 0.000556 1.000000 -1.000000 1.000000 1.183216 1.000000 0.000000
 0.001667 1.000000 -1.000000 1.000000 1.183216 1.000000 0.000000
 0.002778 1.000000 -1.000000 1.000000 1.183216 1.000000 0.000000
 0.003889 1.000000 -1.000000 1.000000 1.183216 1.000000 0.000000
 0.005000 1.000000 -1.000000 1.000000 1.183216 1.000000 0.000000
 0.006111 1.000000 -1.000000 1.000000 1.183216 1.000000 0.000000
 0.007222 1.000000 -1.000000 1.000000 1.183216 1.000000 0.000000
 0.008333 1.000000 -1.000000 1.000000 1.183216 1.000000 0.000000
 0.009444 1.000000 -1.000000 1.000000 1.183216 1.000000 0.000000
 0.010556 1.000000 -1.000000 1.000000 1.183216 1.000000 0.000000
 0.011667 1.000000 -1.000000 1.000000 1.183216 1.000000 0.000000
 0.012778 1.000000 -1.000000 1.000000 1.183216 1.000000 0.000000
 0.013889 1.000000 -1.000000 1.000000 1.183216 1.000000 0.000000
 0.015000 1.000000 -1.000000 1.000000 1.183216 1.000000 0.000000
 0.016111 1.000000 -1.000000 1.000000 1.183216 1.000000 0.000000
 0.017222 1.000000 -1.000000 1.000000 1.183216 1.000000 0.000000
 0.018333 1.000000 -1.000000 1.000000 1.183216 1.000000 0.000000
 0.019444 1.000000 -1.000000 1.000000 1.183216 1.000000 0.000000
 0.020556 1.000000 -1.000000 1.000000 1.183216 1.000000 0.000000
 0.021667 1.000000 -1.000000 1.000000 1.183216 1.000000 0.000000
 0.022778 1.000000 -1.000000 1.000000 1.183216 1.000000 0.000000
 0.023889 1.000000 -1.000000 1.000000 1.183216 1.000000 0.000000
 0.025000 1.000000 -1.000000 1.000000 1.183216 1.000000 0.000000
 0.026111 1.000000 -1.000000 1.000000 1.183216 1.000000 0.000000
 0.027222 1.000000 -1.000000 1.000000 1.183216 1.000000 0.000000
 0.028333 1.000000 -1.000000 1.000000 1.183216 1.000000 0.000000
 0.029444 1.000000 -1.000000 1.000000 1.183216 1.000000 0.000000
 0.030556 1.000000 -1.000000 1.000000 1.183216 1.000000 0.000000
 0.031667 1.000000 -1.000000 1.000000 1.183216 1.000000 0.000000
 0.032778 1.000000 -1.000000 0.999999 1.183216 1.000000 0.000000
 0.033889 0.999999 -0.999999 0.999999 1.183216 1.000000 0.000000
 0.035000 0.999999 -0.999999 0.999999 1.183216 1.000000 0.000000
 0.036111 0.999999 -0.999999 0.999999 1.183216 1.000000 0.000000
 0.037222 0.999999 -0.999998 0.999998 1.183216 1.000000 0.000000
 0.038333 0.999998 -0.999998 0.999997 1.183216 1.000000 0.000000
 0.039444 0.999998 -0.999997 0.999997 1.183215 1.000000 0.000000
 0.040556 0.999997 -0.999996 0.999995 1.183215 1.000000 0.000000
 0.041667 0.999996 -0.999995 0.999994 1.183215 1.000000 0.000000
 0.042778 0.999994 -0.999993 0.999992 1.183215 1.000000 0.000000
 0.043889 0.999992 -0.999991 0.999989 1.183214 1.000000 0.000000
 0.045000 0.999990 -0.999988 0.999986 1.183214 1.000000 0.000000
 0.046111 0.999987 -0.999985 0.999982 1.183213 1.000000 0.000000
 0.047222 0.999983 -0.999980 0.999977 1.183212 1.000000 0.000000
 0.048333 0.999979 -0.999975 0.999970 1.183211 1.000000 0.000000
 0.049444 0.999972 -0.999967 0.999961 1.183209 1.000000 0.000000
 0.050556 0.999965 -0.999958 0.999951 1.183208 1.000000 0.000000
 0.051667 0.999955 -0.999947 0.999937 1.183205 1.000000 0.000000
 0.052778 0.999943 -0.999933 0.999921 1.183203 1.000000 0.000000
 0.053889 0.999929 -0.999916 0.999900 1.183199 1.000000 0.000000
 0.055000 0.999911 -0.999894 0.999875 1.183195 1.000000 0.000000
 0.056111 0.999888 -0.999868 0.999844 1.183190 1.000000 0.000000
 0.057222 0.999861 -0.999836 0.999805 1.183183 1.000000 0.000000
 0.058333 0.999828 -0.999796 0.999759 1.183175 1.000000 0.000000
 0.059444 0.999788 -0.999749 0.999703 1.183166 1.000000 0.000000
 0.060556 0.999740 -0.999692 0.999636 1.183154 1.000000 0.000000
 0.061667 0.999682 -0.999624 0.999555 1.183141 1.000000 0.000000
 0.062778 0.999614 -0.999543 0.999459 1.183125 1.000000 0.000000
 0.063889 0.999532 -0.999447 0.999346 1.183105 1.000000 0.000000
 0.065000 0.999436 -0.999333 0.999211 1.183083 1.000000 0.000000
 0.066111 0.999324 -0.999200 0.999053 1.183056 1.000000 0.000000
 0.067222 0.999192 -0.999044 0.998869 1.183025 1.000000 0.000000
 0.068333 0.999039 -0.998862 0.998655 1.182988 1.000000 0.000000
 0.069444 0.998862 -0.998652 0.998407 1.182946 1.000000 0.000000
 0.070556 0.998657 -0.998411 0.998121 1.182898 1.000000 0.000000
 0.071667 0.998423 -0.998133 0.997793 1.182843 1.000000 0.000000
 0.072778 0.998156 -0.997817 0.997419 1.182779 1.000000 0.000000
 0.073889 0.997852 -0.997457 0.996995 1.182707 1.000000 0.000000
 0.075000 0.997509 -0.997051 0.996515 1.182626 1.000000 0.000000
 0.076111 0.997123 -0.996593 0.995976 1.182535 1.000000 0.000000
 0.077222 0.996691 -0.996080 0.995371 1.182432 1.000001 0.000000
 0.078333 0.996209 -0.995508 0.994697 1.182318 1.000001 0.000000
 0.079444 0.995673 -0.994873 0.993949 1.182191 1.000001 0.000000
 0.080556 0.995082 -0.994170 0.993122 1.182050 1.000001 0.000000
 0.081667 0.994430 -0.993396 0.992212 1.181896 1.000001 0.000000
 0.082778 0.993716 -0.992547 0.991215 1.181726 1.000002 0.000000
 0.083889 0.992936 -0.991620 0.990126 1.181541 1.000002 0.000000
 0.085000 0.992087 -0.990611 0.988943 1.181339 1.000003 0.000000
 0.086111 0.991169 -0.989517 0.987661 1.181121 1.000003 0.000000
 0.087222 0.990177 -0.988335 0.986278 1.180884 1.000004 0.000000
 0.088333 0.989110 -0.987064 0.984792 1.180630 1.000005 0.000000
 0.089444 0.987968 -0.985700 0.983201 1.180358 1.000006 0.000000
 0.090556 0.986748 -0.984243 0.981502 1.180067 1.000007 0.000000
 0.091667 0.985449 -0.982690 0.979695 1.179757 1.000008 0.000000
 0.092778 0.984071 -0.981041 0.977780 1.179428 1.000009 0.000000
 0.093889 0.982614 -0.979295 0.975755 1.179079 1.000010 0.000000
 0.095000 0.981078 -0.977452 0.973621 1.178711 1.000012 0.000000
 0.096111 0.979462 -0.975511 0.971379 1.178323 1.000014 0.000000
 0.097222 0.977768 -0.973474 0.969029 1.177917 1.000016 0.000000
 0.098333 0.975996 -0.971339 0.966573 1.177491 1.000018 0.000000
 0.099444 0.974147 -0.969110 0.964013 1.177046 1.000020 0.000000
 0.100556 0.972223 -0.966786 0.961351 1.176582 1.000023 0.000000
 0.101667 0.970225 -0.964369 0.958589 1.176099 1.000026 0.000000
 0.102778 0.968154 -0.961860 0.955729 1.175599 1.000028 0.000000
 0.103889 0.966014 -0.959262 0.952775 1.175080 1.000032 0.000000
 0.105000 0.963805 -0.956576 0.949729 1.174544 1.000035 0.000000
 0.106111 0.961529 -0.953804 0.946595 1.173991 1.000039 0.000000
 0.107222 0.959189 -0.950948 0.943375 1.173422 1.000043 0.000000
 0.108333 0.956787 -0.948011 0.940074 1.172836 1.000047 0.000000
 0.109444 0.954326 -0.944995 0.936693 1.172234 1.000051 0.000000
 0.110556 0.951807 -0.941902 0.933238 1.171617 1.000056 0.000000
 0.111667 0.949232 -0.938735 0.929711 1.170986 1.000060 0.000000
 0.112778 0.946606 -0.935496 0.926115 1.170340 1.000066 0.000000
 0.113889 0.943928 -0.932188 0.922455 1.169680 1.000071 0.000000
 0.115000 0.941203 -0.928813 0.918734 1.169007 1.000076 0.000000
 0.116111 0.938432 -0.925373 0.914954 1.168322 1.000082 0.000000
 0.117222 0.935617 -0.921870 0.911120 1.167623 1.000088 0.000000
 0.118333 0.932761 -0.918308 0.907234 1.166913 1.000094 0.000000
 0.119444 0.929866 -0.914688 0.903300 1.166192 1.000101 0.000000
 0.120556 0.926934 -0.911013 0.899321 1.165459 1.000107 0.000000
 0.121667 0.923966 -0.907285 0.895299 1.164716 1.000114 0.000000
 0.122778 0.920966 -0.903505 0.891238 1.163963 1.000121 0.000000
 0.123889 0.917935 -0.899677 0.887141 1.163200 1.000128 0.000000
 0.125000 0.914875 -0.895801 0.883009 1.162427 1.000136 0.000000
 0.126111 0.911787 -0.891880 0.878847 1.161646 1.000144 0.000000
 0.127222 0.908674 -0.887917 0.874655 1.160856 1.000151 0.000000
 0.128333 0.905536 -0.883911 0.870437 1.160058 1.000159 0.000000
 0.129444 0.902377 -0.879866 0.866195 1.159252 1.000168 0.000000
 0.130556 0.899196 -0.875783 0.861931 1.158439 1.000176 0.000000
 0.131667 0.895996 -0.871663 0.857647 1.157618 1.000185 0.000000
 0.132778 0.892778 -0.867509 0.853346 1.156791 1.000194 0.000000
 0.133889 0.889544 -0.863321 0.849028 1.155956 1.000203 0.000000
 0.135000 0.886294 -0.859101 0.844696 1.155116 1.000212 0.000000
 0.136111 0.883030 -0.854850 0.840352 1.154269 1.000221 0.000000
 0.137222 0.879753 -0.850570 0.835998 1.153417 1.000231 0.000000
 0.138333 0.876464 -0.846262 0.831634 1.152559 1.000240 0.000000
 0.139444 0.873165 -0.841927 0.827263 1.151695 1.000250 0.000000
 0.140556 0.869856 -0.837566 0.822885 1.150827 1.000260 0.000000
 0.141667 0.866538 -0.833180 0.818502 1.149953 1.000270 0.000000
 0.142778 0.863212 -0.828770 0.814116 1.149075 1.000280 0.000000
 0.143889 0.859880 -0.824337 0.809728 1.148193 1.000291 0.000000
 0.145000 0.856541 -0.819883 0.805338 1.147306 1.000302 0.000000
 0.146111 0.853197 -0.815407 0.800948 1.146415 1.000312 0.000000
 0.147222 0.849848 -0.810912 0.796560 1.145519 1.000323 0.000000
 0.148333 0.846496 -0.806397 0.792173 1.144621 1.000334 0.000000
 0.149444 0.843140 -0.801864 0.787789 1.143718 1.000346 0.000000
 0.150556 0.839782 -0.797313 0.783408 1.142812 1.000357 0.000000
 0.151667 0.836422 -0.792744 0.779033 1.141903 1.000368 0.000000
 0.152778 0.833061 -0.788160 0.774662 1.140990 1.000380 0.000000
 0.153889 0.829699 -0.783559 0.770298 1.140074 1.000392 0.000000
 0.155000 0.826337 -0.778944 0.765941 1.139156 1.000404 0.000000
 0.156111 0.822975 -0.774314 0.761591 1.138234 1.000416 0.000000
 0.157222 0.819614 -0.769670 0.757249 1.137310 1.000428 0.000000
 0.158333 0.816254 -0.765012 0.752916 1.136383 1.000440 0.000000
 0.159444 0.812896 -0.760342 0.748592 1.135453 1.000453 0.000000
 0.160556 0.809540 -0.755658 0.744278 1.134521 1.000465 0.000000
 0.161667 0.806186 -0.750963 0.739975 1.133587 1.000478 0.000000
 0.162778 0.802835 -0.746257 0.735682 1.132650 1.000491 0.000000
 0.163889 0.799488 -0.741539 0.731401 1.131711 1.000504 0.000000
 0.165000 0.796144 -0.736810 0.727131 1.130771 1.000517 0.000000
 0.166111 0.792804 -0.732072 0.722873 1.129828 1.000530 0.000000
 0.167222 0.789468 -0.727323 0.718628 1.128883 1.000543 0.000000
 0.168333 0.786137 -0.722564 0.714396 1.127936 1.000557 0.000000
 0.169444 0.782810 -0.717796 0.710177 1.126987 1.000570 0.000000
 0.170556 0.779488 -0.713020 0.705971 1.126037 1.000584 0.000000
 0.171667 0.776172 -0.708234 0.701780 1.125085 1.000598 0.000000
 0.172778 0.772861 -0.703441 0.697602 1.124131 1.000612 0.000000
 0.173889 0.769556 -0.698639 0.693439 1.123176 1.000626 0.000000
 0.175000 0.766257 -0.693829 0.689290 1.122220 1.000640 0.000000
 0.176111 0.762964 -0.689012 0.685157 1.121261 1.000654 0.000000
 0.177222 0.759677 -0.684188 0.681038 1.120302 1.000669 0.000000
 0.178333 0.756397 -0.679357 0.676935 1.119341 1.000683 0.000000
 0.179444 0.753124 -0.674518 0.672847 1.118379 1.000698 0.000000
 0.180556 0.749858 -0.669674 0.668775 1.117415 1.000713 0.000000
 0.181667 0.746598 -0.664823 0.664718 1.116450 1.000728 0.000000
 0.182778 0.743346 -0.659966 0.660678 1.115484 1.000743 0.000000
 0.183889 0.740101 -0.655102 0.656654 1.114517 1.000758 0.000000
 0.185000 0.736864 -0.650234 0.652647 1.113549 1.000773 0.000000
 0.186111 0.733635 -0.645359 0.648655 1.112580 1.000788 0.000000
 0.187222 0.730413 -0.640479 0.644681 1.111609 1.000804 0.000000
 0.188333 0.727199 -0.635594 0.640723 1.110638 1.000820 0.000000
 0.189444 0.723993 -0.630704 0.636782 1.109666 1.000835 0.000000
 0.190556 0.720795 -0.625809 0.632857 1.108693 1.000851 0.000000
 0.191667 0.717605 -0.620910 0.628950 1.107718 1.000867 0.000000
 0.192778 0.714424 -0.616006 0.625060 1.106743 1.000883 0.000000
 0.193889 0.711251 -0.611097 0.621187 1.105768 1.000900 0.000000
 0.195000 0.708087 -0.606184 0.617332 1.104791 1.000916 0.000000
 0.196111 0.704931 -0.601267 0.613493 1.103813 1.000932 0.000000
 0.197222 0.701784 -0.596346 0.609672 1.102835 1.000949 0.000000
 0.198333 0.698645 -0.591421 0.605869 1.101856 1.000966 0.000000
 0.199444 0.695516 -0.586492 0.602083 1.100877 1.000982 0.000000
 0.200556 0.692395 -0.581560 0.598314 1.099896 1.000999 0.000000
 0.201667 0.689283 -0.576624 0.594563 1.098915 1.001016 0.000000
 0.202778 0.686180 -0.571684 0.590830 1.097933 1.001034 0.000000
 0.203889 0.683087 -0.566742 0.587114 1.096951 1.001051 0.000000
 0.205000 0.680002 -0.561796 0.583416 1.095968 1.001068 0.000000
 0.206111 0.676927 -0.556847 0.579736 1.094985 1.001086 0.000000
 0.207222 0.673861 -0.551895 0.576073 1.094001 1.001104 0.000000
 0.208333 0.670805 -0.546940 0.572428 1.093016 1.001121 0.000000
 0.209444 0.667757 -0.541982 0.568801 1.092031 1.001139 0.000000
 0.210556 0.664719 -0.537022 0.565192 1.091045 1.001157 0.000000
 0.211667 0.661691 -0.532059 0.561601 1.090059 1.001175 0.000000
 0.212778 0.658672 -0.527094 0.558027 1.089073 1.001194 0.000000
 0.213889 0.655663 -0.522126 0.554471 1.088086 1.001212 0.000000
 0.215000 0.652663 -0.517155 0.550933 1.087098 1.001231 0.000000
 0.216111 0.649673 -0.512183 0.547413 1.086111 1.001249 0.000000
 0.217222 0.646692 -0.507208 0.543910 1.085122 1.001268 0.000000
 0.218333 0.643722 -0.502232 0.540426 1.084134 1.001287 0.000000
 0.219444 0.640761 -0.497253 0.536959 1.083145 1.001306 0.000000
 0.220556 0.637809 -0.492273 0.533510 1.082156 1.001325 0.000000
 0.221667 0.634868 -0.487290 0.530078 1.081166 1.001344 0.000000
 0.222778 0.631936 -0.482306 0.526665 1.080176 1.001364 0.000000
 0.223889 0.629014 -0.477320 0.523269 1.079186 1.001383 0.000000
 0.225000 0.626102 -0.472333 0.519891 1.078196 1.001403 0.000000
 0.226111 0.623200 -0.467344 0.516531 1.077205 1.001423 0.000000
 0.227222 0.620308 -0.462354 0.513188 1.076214 1.001443 0.000000
 0.228333 0.617426 -0.457362 0.509864 1.075223 1.001463 0.000000
 0.229444 0.614554 -0.452370 0.506556 1.074231 1.001483 0.000000
 0.230556 0.611692 -0.447376 0.503267 1.073240 1.001503 0.000000
 0.231667 0.608840 -0.442381 0.499995 1.072248 1.001524 0.000000
 0.232778 0.605998 -0.437385 0.496741 1.071256 1.001544 0.000000
 0.233889 0.603166 -0.432388 0.493504 1.070264 1.001565 0.000000
 0.235000 0.600345 -0.427390 0.490285 1.069272 1.001586 0.000000
 0.236111 0.597533 -0.422392 0.487084 1.068280 1.001607 0.000000
 0.237222 0.594731 -0.417393 0.483900 1.067287 1.001628 0.000000
 0.238333 0.591940 -0.412393 0.480734 1.066295 1.001649 0.000000
 0.239444 0.589159 -0.407393 0.477585 1.065302 1.001670 0.000000
 0.240556 0.586388 -0.402392 0.474453 1.064310 1.001692 0.000000
 0.241667 0.583628 -0.397391 0.471339 1.063317 1.001713 0.000000
 0.242778 0.580878 -0.392390 0.468243 1.062325 1.001735 0.000000
 0.243889 0.578138 -0.387389 0.465164 1.061332 1.001757 0.000000
 0.245000 0.575408 -0.382388 0.462102 1.060340 1.001779 0.000000
 0.246111 0.572689 -0.377387 0.459058 1.059347 1.001801 0.000000
 0.247222 0.569980 -0.372387 0.456031 1.058355 1.001823 0.000000
 0.248333 0.567282 -0.367386 0.453022 1.057363 1.001845 0.000000
 0.249444 0.564594 -0.362386 0.450029 1.056371 1.001868 0.000000
 0.250556 0.561916 -0.357387 0.447054 1.055379 1.001891 0.000000
 0.251667 0.559249 -0.352388 0.444097 1.054387 1.001913 0.000000
 0.252778 0.556593 -0.347391 0.441157 1.053396 1.001936 0.000000
 0.253889 0.553947 -0.342394 0.438234 1.052405 1.001959 0.000000
 0.255000 0.551312 -0.337398 0.435328 1.051414 1.001982 0.000000
 0.256111 0.548688 -0.332403 0.432440 1.050423 1.002006 0.000000
 0.257222 0.546074 -0.327410 0.429568 1.049432 1.002029 0.000000
 0.258333 0.543471 -0.322419 0.426714 1.048442 1.002053 0.000000
 0.259444 0.540879 -0.317429 0.423878 1.047453 1.002076 0.000000
 0.260556 0.538297 -0.312441 0.421058 1.046463 1.002100 0.000000
 0.261667 0.535727 -0.307455 0.418256 1.045475 1.002124 0.000000
 0.262778 0.533167 -0.302471 0.415471 1.044486 1.002148 0.000000
 0.263889 0.530619 -0.297490 0.412704 1.043499 1.002173 0.000000
 0.265000 0.528082 -0.292511 0.409953 1.042511 1.002197 0.000000
 0.266111 0.525555 -0.287535 0.407220 1.041525 1.002221 0.000000
 0.267222 0.523040 -0.282562 0.404505 1.040539 1.002246 0.000000
 0.268333 0.520537 -0.277593 0.401807 1.039554 1.002271 0.000000
 0.269444 0.518044 -0.272627 0.399126 1.038569 1.002296 0.000000
 0.270556 0.515564 -0.267665 0.396462 1.037585 1.002321 0.000000
 0.271667 0.513094 -0.262707 0.393816 1.036603 1.002346 0.000000
 0.272778 0.510637 -0.257754 0.391188 1.035621 1.002371 0.000000
 0.273889 0.508191 -0.252805 0.388577 1.034640 1.002397 0.000000
 0.275000 0.505757 -0.247861 0.385984 1.033660 1.002422 0.000000
 0.276111 0.503335 -0.242923 0.383408 1.032681 1.002448 0.000000
 0.277222 0.500925 -0.237991 0.380850 1.031704 1.002474 0.000000
 0.278333 0.498527 -0.233064 0.378310 1.030728 1.002500 0.000000
 0.279444 0.496142 -0.228145 0.375789 1.029753 1.002526 0.000000
 0.280556 0.493769 -0.223232 0.373285 1.028779 1.002552 0.000000
 0.281667 0.491409 -0.218328 0.370799 1.027807 1.002578 0.000000
 0.282778 0.489062 -0.213431 0.368332 1.026837 1.002605 0.000000
 0.283889 0.486728 -0.208543 0.365883 1.025869 1.002631 0.000000
 0.285000 0.484407 -0.203664 0.363452 1.024902 1.002658 0.000000
 0.286111 0.482100 -0.198795 0.361041 1.023938 1.002685 0.000000
 0.287222 0.479806 -0.193937 0.358648 1.022975 1.002711 0.000000
 0.288333 0.477527 -0.189090 0.356275 1.022015 1.002738 0.000000
 0.289444 0.475262 -0.184254 0.353920 1.021058 1.002766 0.000000
 0.290556 0.473011 -0.179432 0.351586 1.020103 1.002793 0.000000
 0.291667 0.470776 -0.174624 0.349271 1.019150 1.002820 0.000000
 0.292778 0.468555 -0.169830 0.346976 1.018201 1.002847 0.000000
 0.293889 0.466350 -0.165052 0.344702 1.017255 1.002875 0.000000
 0.295000 0.464162 -0.160291 0.342449 1.016312 1.002902 0.000000
 0.296111 0.461989 -0.155547 0.340216 1.015373 1.002930 0.000000
 0.297222 0.459834 -0.150823 0.338006 1.014438 1.002958 0.000000
 0.298333 0.457696 -0.146120 0.335817 1.013507 1.002986 0.000000
 0.299444 0.455575 -0.141438 0.333650 1.012580 1.003014 0.000000
 0.300556 0.453474 -0.136780 0.331506 1.011658 1.003042 0.000000
 0.301667 0.451391 -0.132148 0.329386 1.010741 1.003070 0.000000
 0.302778 0.449328 -0.127542 0.327289 1.009830 1.003098 0.000000
 0.303889 0.447285 -0.122965 0.325217 1.008924 1.003126 0.000000
 0.305000 0.445264 -0.118420 0.323171 1.008025 1.003154 0.000000
 0.306111 0.443265 -0.113907 0.321150 1.007132 1.003182 0.000000
 0.307222 0.441288 -0.109431 0.319156 1.006247 1.003210 0.000000
 0.308333 0.439335 -0.104992 0.317189 1.005369 1.003238 0.000000
 0.309444 0.437407 -0.100594 0.315251 1.004499 1.003267 0.000000
 0.310556 0.435505 -0.096241 0.313343 1.003638 1.003295 0.000000
 0.311667 0.433630 -0.091934 0.311464 1.002786 1.003323 0.000000
 0.312778 0.431783 -0.087677 0.309617 1.001945 1.003351 0.000000
 0.313889 0.429966 -0.083474 0.307803 1.001114 1.003379 0.000000
 0.315000 0.428179 -0.079329 0.306022 1.000294 1.003408 0.000000
 0.316111 0.426425 -0.075246 0.304277 0.999487 1.003436 0.000000
 0.317222 0.424705 -0.071228 0.302568 0.998694 1.003464 0.000000
 0.318333 0.423020 -0.067281 0.300897 0.997914 1.003491 0.000000
 0.319444 0.421372 -0.063409 0.299266 0.997149 1.003519 0.000000
 0.320556 0.419763 -0.059616 0.297676 0.996400 1.003547 0.000000
 0.321667 0.418195 -0.055909 0.296128 0.995668 1.003575 0.000000
 0.322778 0.416669 -0.052291 0.294625 0.994954 1.003602 0.000000
 0.323889 0.415188 -0.048770 0.293167 0.994259 1.003629 0.000000
 0.325000 0.413753 -0.045349 0.291758 0.993585 1.003657 0.000000
 0.326111 0.412366 -0.042035 0.290398 0.992931 1.003684 0.000000
 0.327222 0.411030 -0.038833 0.289089 0.992300 1.003711 0.000000
 0.328333 0.409746 -0.035749 0.287833 0.991693 1.003738 0.000000
 0.329444 0.408516 -0.032787 0.286632 0.991110 1.003764 0.000000
 0.330556 0.407341 -0.029954 0.285486 0.990552 1.003791 0.000000
 0.331667 0.406224 -0.027253 0.284398 0.990021 1.003817 0.000000
 0.332778 0.405165 -0.024689 0.283368 0.989518 1.003844 0.000000
 0.333889 0.404166 -0.022265 0.282398 0.989042 1.003870 0.000000
 0.335000 0.403227 -0.019985 0.281487 0.988595 1.003896 0.000000
 0.336111 0.402350 -0.017850 0.280637 0.988177 1.003923 0.000000
 0.337222 0.401533 -0.015862 0.279848 0.987789 1.003949 0.000000
 0.338333 0.400778 -0.014021 0.279118 0.987430 1.003975 0.000000
 0.339444 0.400083 -0.012326 0.278448 0.987100 1.004001 0.000000
 0.340556 0.399448 -0.010776 0.277837 0.986799 1.004028 0.000000
 0.341667 0.398870 -0.009366 0.277282 0.986527 1.004054 0.000000
 0.342778 0.398349 -0.008094 0.276782 0.986282 1.004081 0.000000
 0.343889 0.397881 -0.006954 0.276334 0.986063 1.004107 0.000000
 0.345000 0.397464 -0.005940 0.275936 0.985870 1.004134 0.000000
 0.346111 0.397096 -0.005045 0.275586 0.985700 1.004161 0.000000
 0.347222 0.396772 -0.004260 0.275279 0.985553 1.004189 0.000000
 0.348333 0.396490 -0.003579 0.275013 0.985426 1.004216 0.000000
 0.349444 0.396246 -0.002991 0.274783 0.985319 1.004244 0.000000
 0.350556 0.396036 -0.002489 0.274587 0.985228 1.004273 0.000000
 0.351667 0.395857 -0.002063 0.274421 0.985153 1.004301 0.000000
 0.352778 0.395705 -0.001705 0.274282 0.985092 1.004330 0.000000
 0.353889 0.395577 -0.001407 0.274165 0.985042 1.004360 0.000000
 0.355000 0.395470 -0.001160 0.274069 0.985003 1.004389 0.000000
 0.356111 0.395380 -0.000957 0.273991 0.984973 1.004420 0.000000
 0.357222 0.395305 -0.000792 0.273926 0.984951 1.004450 0.000000
 0.358333 0.395243 -0.000659 0.273875 0.984936 1.004481 0.000000
 0.359444 0.395191 -0.000552 0.273833 0.984925 1.004513 0.000000
 0.360556 0.395148 -0.000466 0.273800 0.984919 1.004545 0.000000
 0.361667 0.395112 -0.000398 0.273773 0.984917 1.004577 0.000000
 0.362778 0.395081 -0.000345 0.273753 0.984918 1.004610 0.000000
 0.363889 0.395055 -0.000302 0.273736 0.984921 1.004643 0.000000
 0.365000 0.395032 -0.000268 0.273723 0.984926 1.004677 0.000000
 0.366111 0.395012 -0.000242 0.273713 0.984933 1.004712 0.000000
 0.367222 0.394993 -0.000221 0.273705 0.984941 1.004747 0.000000
 0.368333 0.394977 -0.000204 0.273698 0.984950 1.004782 0.000000
 0.369444 0.394961 -0.000190 0.273693 0.984960 1.004818 0.000000
 0.370556 0.394946 -0.000179 0.273689 0.984971 1.004855 0.000000
 0.371667 0.394932 -0.000169 0.273685 0.984982 1.004892 0.000000
 0.372778 0.394919 -0.000161 0.273682 0.984994 1.004930 0.000000
 0.373889 0.394905 -0.000154 0.273680 0.985006 1.004968 0.000000
 0.375000 0.394892 -0.000149 0.273677 0.985018 1.005007 0.000000
 0.376111 0.394879 -0.000143 0.273675 0.985031 1.005047 0.000000
 0.377222 0.394866 -0.000138 0.273674 0.985044 1.005087 0.000000
 0.378333 0.394853 -0.000134 0.273672 0.985058 1.005128 0.000000
 0.379444 0.394839 -0.000130 0.273671 0.985072 1.005170 0.000000
 0.380556 0.394826 -0.000126 0.273669 0.985086 1.005212 0.000000
 0.381667 0.394813 -0.000123 0.273668 0.985100 1.005255 0.000000
 0.382778 0.394799 -0.000119 0.273667 0.985115 1.005299 0.000000
 0.383889 0.394785 -0.000116 0.273666 0.985130 1.005344 0.000000
 0.385000 0.394772 -0.000113 0.273665 0.985145 1.005389 0.000000
 0.386111 0.394758 -0.000110 0.273664 0.985161 1.005435 0.000000
 0.387222 0.394743 -0.000108 0.273663 0.985177 1.005482 0.000000
 0.388333 0.394729 -0.000105 0.273662 0.985193 1.005530 0.000000
 0.389444 0.394715 -0.000103 0.273661 0.985210 1.005579 0.000000
 0.390556 0.394700 -0.000100 0.273660 0.985227 1.005629 0.000000
 0.391667 0.394685 -0.000098 0.273659 0.985244 1.005679 0.000000
 0.392778 0.394670 -0.000096 0.273658 0.985262 1.005731 0.000000
 0.393889 0.394654 -0.000093 0.273658 0.985280 1.005783 0.000000
 0.395000 0.394638 -0.000091 0.273657 0.985298 1.005837 0.000000
 0.396111 0.394622 -0.000089 0.273656 0.985317 1.005892 0.000000
 0.397222 0.394606 -0.000087 0.273656 0.985336 1.005947 0.000000
 0.398333 0.394590 -0.000086 0.273655 0.985356 1.006004 0.000000
 0.399444 0.394573 -0.000084 0.273654 0.985376 1.006062 0.000000
 0.400556 0.394556 -0.000082 0.273654 0.985396 1.006121 0.000000
 0.401667 0.394538 -0.000080 0.273653 0.985417 1.006181 0.000000
 0.402778 0.394520 -0.000079 0.273653 0.985438 1.006243 0.000000
 0.403889 0.394502 -0.000077 0.273652 0.985460 1.006306 0.000000
 0.405000 0.394484 -0.000075 0.273652 0.985482 1.006370 0.000000
 0.406111 0.394465 -0.000074 0.273651 0.985505 1.006435 0.000000
 0.407222 0.394446 -0.000072 0.273651 0.985528 1.006502 0.000000
 0.408333 0.394426 -0.000071 0.273650 0.985551 1.006571 0.000000
 0.409444 0.394406 -0.000069 0.273650 0.985576 1.006641 0.000000
 0.410556 0.394385 -0.000068 0.273650 0.985601 1.006712 0.000000
 0.411667 0.394365 -0.000067 0.273649 0.985626 1.006786 0.000000
 0.412778 0.394343 -0.000065 0.273649 0.985652 1.006861 0.000000
 0.413889 0.394321 -0.000064 0.273648 0.985678 1.006937 0.000000
 0.415000 0.394299 -0.000063 0.273648 0.985706 1.007016 0.000000
 0.416111 0.394276 -0.000061 0.273648 0.985734 1.007096 0.000000
 0.417222 0.394253 -0.000060 0.273647 0.985762 1.007178 0.000000
 0.418333 0.394229 -0.000059 0.273647 0.985791 1.007262 0.000000
 0.419444 0.394204 -0.000058 0.273647 0.985821 1.007349 0.000000
 0.420556 0.394179 -0.000057 0.273646 0.985852 1.007437 0.000000
 0.421667 0.394154 -0.000055 0.273646 0.985884 1.007528 0.000000
 0.422778 0.394127 -0.000054 0.273646 0.985916 1.007621 0.000000
 0.423889 0.394100 -0.000053 0.273645 0.985950 1.007717 0.000000
 0.425000 0.394073 -0.000052 0.273645 0.985984 1.007815 0.000000
 0.426111 0.394044 -0.000051 0.273645 0.986019 1.007916 0.000000
 0.427222 0.394015 -0.000050 0.273644 0.986055 1.008020 0.000000
 0.428333 0.393985 -0.000049 0.273644 0.986092 1.008126 0.000000
 0.429444 0.393954 -0.000048 0.273644 0.986130 1.008236 0.000000
 0.430556 0.393922 -0.000047 0.273644 0.986169 1.008348 0.000000
 0.431667 0.393890 -0.000046 0.273643 0.986210 1.008464 0.000000
 0.432778 0.393856 -0.000045 0.273643 0.986251 1.008584 0.000000
 0.433889 0.393822 -0.000044 0.273643 0.986294 1.008707 0.000000
 0.435000 0.393786 -0.000043 0.273643 0.986338 1.008834 0.000000
 0.436111 0.393749 -0.000042 0.273643 0.986384 1.008964 0.000000
 0.437222 0.393712 -0.000041 0.273642 0.986431 1.009099 0.000000
 0.438333 0.393673 -0.000040 0.273642 0.986479 1.009239 0.000000
 0.439444 0.393632 -0.000039 0.273642 0.986529 1.009382 0.000000
 0.440556 0.393591 -0.000039 0.273642 0.986581 1.009531 0.000000
 0.441667 0.393548 -0.000038 0.273642 0.986635 1.009685 0.000000
 0.442778 0.393503 -0.000037 0.273641 0.986690 1.009844 0.000000
 0.443889 0.393457 -0.000036 0.273641 0.986747 1.010009 0.000000
 0.445000 0.393410 -0.000035 0.273641 0.986807 1.010179 0.000000
 0.446111 0.393360 -0.000034 0.273641 0.986869 1.010356 0.000000
 0.447222 0.393309 -0.000033 0.273641 0.986933 1.010540 0.000000
 0.448333 0.393256 -0.000033 0.273641 0.986999 1.010730 0.000000
 0.449444 0.393201 -0.000032 0.273640 0.987068 1.010928 0.000000
 0.450556 0.393143 -0.000031 0.273640 0.987140 1.011134 0.000000
 0.451667 0.393083 -0.000030 0.273640 0.987214 1.011349 0.000000
 0.452778 0.393021 -0.000029 0.273640 0.987292 1.011572 0.000000
 0.453889 0.392956 -0.000029 0.273640 0.987373 1.011805 0.000000
 0.455000 0.392889 -0.000028 0.273640 0.987458 1.012049 0.000000
 0.456111 0.392818 -0.000027 0.273640 0.987547 1.012303 0.000000
 0.457222 0.392744 -0.000026 0.273639 0.987639 1.012569 0.000000
 0.458333 0.392667 -0.000026 0.273639 0.987736 1.012848 0.000000
 0.459444 0.392586 -0.000025 0.273639 0.987838 1.013140 0.000000
 0.460556 0.392501 -0.000024 0.273639 0.987945 1.013447 0.000000
 0.461667 0.392412 -0.000023 0.273639 0.988057 1.013770 0.000000
 0.462778 0.392317 -0.000023 0.273639 0.988176 1.014110 0.000000
 0.463889 0.392218 -0.000022 0.273639 0.988300 1.014469 0.000000
 0.465000 0.392114 -0.000021 0.273639 0.988432 1.014848 0.000000
 0.466111 0.392003 -0.000020 0.273639 0.988572 1.015249 0.000000
 0.467222 0.391885 -0.000020 0.273638 0.988719 1.015675 0.000000
 0.468333 0.391761 -0.000019 0.273638 0.988877 1.016127 0.000000
 0.469444 0.391628 -0.000018 0.273638 0.989044 1.016608 0.000000
 0.470556 0.391486 -0.000018 0.273638 0.989223 1.017123 0.000000
 0.471667 0.391335 -0.000017 0.273638 0.989414 1.017673 0.000000
 0.472778 0.391173 -0.000016 0.273638 0.989619 1.018264 0.000000
 0.473889 0.390998 -0.000016 0.273638 0.989839 1.018900 0.000000
 0.475000 0.390810 -0.000015 0.273638 0.990078 1.019587 0.000000
 0.476111 0.390606 -0.000014 0.273638 0.990336 1.020332 0.000000
 0.477222 0.390385 -0.000014 0.273638 0.990617 1.021142 0.000000
 0.478333 0.390143 -0.000013 0.273638 0.990924 1.022029 0.000000
 0.479444 0.389878 -0.000012 0.273638 0.991261 1.023002 0.000000
 0.480556 0.389585 -0.000011 0.273638 0.991633 1.024077 0.000000
 0.481667 0.389261 -0.000011 0.273638 0.992045 1.025271 0.000000
 0.482778 0.388899 -0.000010 0.273638 0.992506 1.026605 0.000000
 0.483889 0.388493 -0.000009 0.273638 0.993025 1.028108 0.000000
 0.485000 0.388033 -0.000009 0.273637 0.993613 1.029815 0.000000
 0.486111 0.387508 -0.000008 0.273637 0.994286 1.031769 0.000000
 0.487222 0.386902 -0.000008 0.273637 0.995064 1.034032 0.000000
 0.488333 0.386195 -0.000007 0.273637 0.995974 1.036682 0.000000
 0.489444 0.385361 -0.000006 0.273637 0.997052 1.039825 0.000000
 0.490556 0.384362 -0.000006 0.273637 0.998347 1.043613 0.000000
 0.491667 0.383144 -0.000005 0.273637 0.999932 1.048257 0.000000
 0.492778 0.381634 -0.000004 0.273637 1.001909 1.054072 0.000000
 0.493889 0.379715 -0.000004 0.273637 1.004438 1.061537 0.000000
 0.495000 0.377208 -0.000003 0.273637 1.007769 1.071425 0.000000
 0.496111 0.373814 -0.000002 0.273637 1.012333 1.085067 0.000000
 0.497222 0.368989 -0.000002 0.273637 1.018931 1.104984 0.000000
 0.498333 0.361592 -0.000001 0.273637 1.029300 1.136759 0.000000
 0.499444 0.348450 -0.000000 0.273637 1.048531 1.197230 0.000000
 0.500556 0.348450 0.000000 0.273637 1.048531 1.197230 0.000000
 0.501667 0.361592 0.000001 0.273637 1.029300 1.136759 0.000000
 0.502778 0.368989 0.000002 0.273637 1.018931 1.104984 0.000000
 0.503889 0.373814 0.000002 0.273637 1.012333 1.085067 0.000000
 0.505000 0.377208 0.000003 0.273637 1.007769 1.071425 0.000000
 0.506111 0.379715 0.000004 0.273637 1.004438 1.061537 0.000000
 0.507222 0.381634 0.000004 0.273637 1.001909 1.054072 0.000000
 0.508333 0.383144 0.000005 0.273637 0.999932 1.048257 0.000000
 0.509444 0.384362 0.000006 0.273637 0.998347 1.043613 0.000000
 0.510556 0.385361 0.000006 0.273637 0.997052 1.039825 0.000000
 0.511667 0.386195 0.000007 0.273637 0.995974 1.036682 0.000000
 0.512778 0.386902 0.000008 0.273637 0.995064 1.034032 0.000000
 0.513889 0.387508 0.000008 0.273637 0.994286 1.031769 0.000000
 0.515000 0.388033 0.000009 0.273637 0.993613 1.029815 0.000000
 0.516111 0.388493 0.000009 0.273638 0.993025 1.028108 0.000000
 0.517222 0.388899 0.000010 0.273638 0.992506 1.026605 0.000000
 0.518333 0.389261 0.000011 0.273638 0.992045 1.025271 0.000000
 0.519444 0.389585 0.000011 0.273638 0.991633 1.024077 0.000000
 0.520556 0.389878 0.000012 0.273638 0.991261 1.023002 0.000000
 0.521667 0.390143 0.000013 0.273638 0.990924 1.022029 0.000000
 0.522778 0.390385 0.000014 0.273638 0.990617 1.021142 0.000000
 0.523889 0.390606 0.000014 0.273638 0.990336 1.020332 0.000000
 0.525000 0.390810 0.000015 0.273638 0.990078 1.019587 0.000000
 0.526111 0.390998 0.000016 0.273638 0.989839 1.018900 0.000000
 0.527222 0.391173 0.000016 0.273638 0.989619 1.018264 0.000000
 0.528333 0.391335 0.000017 0.273638 0.989414 1.017673 0.000000
 0.529444 0.391486 0.000018 0.273638 0.989223 1.017123 0.000000
 0.530556 0.391628 0.000018 0.273638 0.989044 1.016608 0.000000
 0.531667 0.391761 0.000019 0.273638 0.988877 1.016127 0.000000
 0.532778 0.391885 0.000020 0.273638 0.988719 1.015675 0.000000
 0.533889 0.392003 0.000020 0.273639 0.988572 1.015249 0.000000
 0.535000 0.392114 0.000021 0.273639 0.988432 1.014848 0.000000
 0.536111 0.392218 0.000022 0.273639 0.988300 1.014469 0.000000
 0.537222 0.392317 0.000023 0.273639 0.988176 1.014110 0.000000
 0.538333 0.392412 0.000023 0.273639 0.988057 1.013770 0.000000
 0.539444 0.392501 0.000024 0.273639 0.987945 1.013447 0.000000
 0.540556 0.392586 0.000025 0.273639 0.987838 1.013140 0.000000
 0.541667 0.392667 0.000026 0.273639 0.987736 1.012848 0.000000
 0.542778 0.392744 0.000026 0.273639 0.987639 1.012569 0.000000
 0.543889 0.392818 0.000027 0.273640 0.987547 1.012303 0.000000
 0.545000 0.392889 0.000028 0.273640 0.987458 1.012049 0.000000
 0.546111 0.392956 0.000029 0.273640 0.987373 1.011805 0.000000
 0.547222 0.393021 0.000029 0.273640 0.987292 1.011572 0.000000
 0.548333 0.393083 0.000030 0.273640 0.987214 1.011349 0.000000
 0.549444 0.393143 0.000031 0.273640 0.987140 1.011134 0.000000
 0.550556 0.393201 0.000032 0.273640 0.987068 1.010928 0.000000
 0.551667 0.393256 0.000033 0.273641 0.986999 1.010730 0.000000
 0.552778 0.393309 0.000033 0.273641 0.986933 1.010540 0.000000
 0.553889 0.393360 0.000034 0.273641 0.986869 1.010356 0.000000
 0.555000 0.393410 0.000035 0.273641 0.986807 1.010179 0.000000
 0.556111 0.393457 0.000036 0.273641 0.986747 1.010009 0.000000
 0.557222 0.393503 0.000037 0.273641 0.986690 1.009844 0.000000
 0.558333 0.393548 0.000038 0.273642 0.986635 1.009685 0.000000
 0.559444 0.393591 0.000039 0.273642 0.986581 1.009531 0.000000
 0.560556 0.393632 0.000039 0.273642 0.986529 1.009382 0.000000
 0.561667 0.393673 0.000040 0.273642 0.986479 1.009239 0.000000
 0.562778 0.393712 0.000041 0.273642 0.986431 1.009099 0.000000
 0.563889 0.393749 0.000042 0.273643 0.986384 1.008964 0.000000
 0.565000 0.393786 0.000043 0.273643 0.986338 1.008834 0.000000
 0.566111 0.393822 0.000044 0.273643 0.986294 1.008707 0.000000
 0.567222 0.393856 0.000045 0.273643 0.986251 1.008584 0.000000
 0.568333 0.393890 0.000046 0.273643 0.986210 1.008464 0.000000
 0.569444 0.393922 0.000047 0.273644 0.986169 1.008348 0.000000
 0.570556 0.393954 0.000048 0.273644 0.986130 1.008236 0.000000
 0.571667 0.393985 0.000049 0.273644 0.986092 1.008126 0.000000
 0.572778 0.394015 0.000050 0.273644 0.986055 1.008020 0.000000
 0.573889 0.394044 0.000051 0.273645 0.986019 1.007916 0.000000
 0.575000 0.394073 0.000052 0.273645 0.985984 1.007815 0.000000
 0.576111 0.394100 0.000053 0.273645 0.985950 1.007717 0.000000
 0.577222 0.394127 0.000054 0.273646 0.985916 1.007621 0.000000
 0.578333 0.394154 0.000055 0.273646 0.985884 1.007528 0.000000
 0.579444 0.394179 0.000057 0.273646 0.985852 1.007437 0.000000
 0.580556 0.394204 0.000058 0.273647 0.985821 1.007349 0.000000
 0.581667 0.394229 0.000059 0.273647 0.985791 1.007262 0.000000
 0.582778 0.394253 0.000060 0.273647 0.985762 1.007178 0.000000
 0.583889 0.394276 0.000061 0.273648 0.985734 1.007096 0.000000
 0.585000 0.394299 0.000063 0.273648 0.985706 1.007016 0.000000
 0.586111 0.394321 0.000064 0.273648 0.985678 1.006937 0.000000
 0.587222 0.394343 0.000065 0.273649 0.985652 1.006861 0.000000
 0.588333 0.394365 0.000067 0.273649 0.985626 1.006786 0.000000
 0.589444 0.394385 0.000068 0.273650 0.985601 1.006712 0.000000
 0.590556 0.394406 0.000069 0.273650 0.985576 1.006641 0.000000
 0.591667 0.394426 0.000071 0.273650 0.985551 1.006571 0.000000
 0.592778 0.394446 0.000072 0.273651 0.985528 1.006502 0.000000
 0.593889 0.394465 0.000074 0.273651 0.985505 1.006435 0.000000
 0.595000 0.394484 0.000075 0.273652 0.985482 1.006370 0.000000
 0.596111 0.394502 0.000077 0.273652 0.985460 1.006306 0.000000
 0.597222 0.394520 0.000079 0.273653 0.985438 1.006243 0.000000
 0.598333 0.394538 0.000080 0.273653 0.985417 1.006181 0.000000
 0.599444 0.394556 0.000082 0.273654 0.985396 1.006121 0.000000
 0.600556 0.394573 0.000084 0.273654 0.985376 1.006062 0.000000
 0.601667 0.394590 0.000086 0.273655 0.985356 1.006004 0.000000
 0.602778 0.394606 0.000087 0.273656 0.985336 1.005947 0.000000
 0.603889 0.394622 0.000089 0.273656 0.985317 1.005892 0.000000
 0.605000 0.394638 0.000091 0.273657 0.985298 1.005837 0.000000
 0.606111 0.394654 0.000093 0.273658 0.985280 1.005783 0.000000
 0.607222 0.394670 0.000096 0.273658 0.985262 1.005731 0.000000
 0.608333 0.394685 0.000098 0.273659 0.985244 1.005679 0.000000
 0.609444 0.394700 0.000100 0.273660 0.985227 1.005629 0.000000
 0.610556 0.394715 0.000103 0.273661 0.985210 1.005579 0.000000
 0.611667 0.394729 0.000105 0.273662 0.985193 1.005530 0.000000
 0.612778 0.394743 0.000108 0.273663 0.985177 1.005482 0.000000
 0.613889 0.394758 0.000110 0.273664 0.985161 1.005435 0.000000
 0.615000 0.394772 0.000113 0.273665 0.985145 1.005389 0.000000
 0.616111 0.394785 0.000116 0.273666 0.985130 1.005344 0.000000
 0.617222 0.394799 0.000119 0.273667 0.985115 1.005299 0.000000
 0.618333 0.394813 0.000123 0.273668 0.985100 1.005255 0.000000
 0.619444 0.394826 0.000126 0.273669 0.985086 1.005212 0.000000
 0.620556 0.394839 0.000130 0.273671 0.985072 1.005170 0.000000
 0.621667 0.394853 0.000134 0.273672 0.985058 1.005128 0.000000
 0.622778 0.394866 0.000138 0.273674 0.985044 1.005087 0.000000
 0.623889 0.394879 0.000143 0.273675 0.985031 1.005047 0.000000
 0.625000 0.394892 0.000149 0.273677 0.985018 1.005007 0.000000
 0.626111 0.394905 0.000154 0.273680 0.985006 1.004968 0.000000
 0.627222 0.394919 0.000161 0.273682 0.984994 1.004930 0.000000
 0.628333 0.394932 0.000169 0.273685 0.984982 1.004892 0.000000
 0.629444 0.394946 0.000179 0.273689 0.984971 1.004855 0.000000
 0.630556 0.394961 0.000190 0.273693 0.984960 1.004818 0.000000
 0.631667 0.394977 0.000204 0.273698 0.984950 1.004782 0.000000
 0.632778 0.394993 0.000221 0.273705 0.984941 1.004747 0.000000
 0.633889 0.395012 0.000242 0.273713 0.984933 1.004712 0.000000
 0.635000 0.395032 0.000268 0.273723 0.984926 1.004677 0.000000
 0.636111 0.395055 0.000302 0.273736 0.984921 1.004643 0.000000
 0.637222 0.395081 0.000345 0.273753 0.984918 1.004610 0.000000
 0.638333 0.395112 0.000398 0.273773 0.984917 1.004577 0.000000
 0.639444 0.395148 0.000466 0.273800 0.984919 1.004545 0.000000
 0.640556 0.395191 0.000552 0.273833 0.984925 1.004513 0.000000
 0.641667 0.395243 0.000659 0.273875 0.984936 1.004481 0.000000
 0.642778 0.395305 0.000792 0.273926 0.984951 1.004450 0.000000
 0.643889 0.395380 0.000957 0.273991 0.984973 1.004420 0.000000
 0.645000 0.395470 0.001160 0.274069 0.985003 1.004389 0.000000
 0.646111 0.395577 0.001407 0.274165 0.985042 1.004360 0.000000
 0.647222 0.395705 0.001705 0.274282 0.985092 1.004330 0.000000
 0.648333 0.395857 0.002063 0.274421 0.985153 1.004301 0.000000
 0.649444 0.396036 0.002489 0.274587 0.985228 1.004273 0.000000
 0.650556 0.396246 0.002991 0.274783 0.985319 1.004244 0.000000
 0.651667 0.396490 0.003579 0.275013 0.985426 1.004216 0.000000
 0.652778 0.396772 0.004260 0.275279 0.985553 1.004189 0.000000
 0.653889 0.397096 0.005045 0.275586 0.985700 1.004161 0.000000
 0.655000 0.397464 0.005940 0.275936 0.985870 1.004134 0.000000
 0.656111 0.397881 0.006954 0.276334 0.986063 1.004107 0.000000
 0.657222 0.398349 0.008094 0.276782 0.986282 1.004081 0.000000
 0.658333 0.398870 0.009366 0.277282 0.986527 1.004054 0.000000
 0.659444 0.399448 0.010776 0.277837 0.986799 1.004028 0.000000
 0.660556 0.400083 0.012326 0.278448 0.987100 1.004001 0.000000
 0.661667 0.400778 0.014021 0.279118 0.987430 1.003975 0.000000
 0.662778 0.401533 0.015862 0.279848 0.987789 1.003949 0.000000
 0.663889 0.402350 0.017850 0.280637 0.988177 1.003923 0.000000
 0.665000 0.403227 0.019985 0.281487 0.988595 1.003896 0.000000
 0.666111 0.404166 0.022265 0.282398 0.989042 1.003870 0.000000
 0.667222 0.405165 0.024689 0.283368 0.989518 1.003844 0.000000
 0.668333 0.406224 0.027253 0.284398 0.990021 1.003817 0.000000
 0.669444 0.407341 0.029954 0.285486 0.990552 1.003791 0.000000
 0.670556 0.408516 0.032787 0.286632 0.991110 1.003764 0.000000
 0.671667 0.409746 0.035749 0.287833 0.991693 1.003738 0.000000
 0.672778 0.411030 0.038833 0.289089 0.992300 1.003711 0.000000
 0.673889 0.412366 0.042035 0.290398 0.992931 1.003684 0.000000
 0.675000 0.413753 0.045349 0.291758 0.993585 1.003657 0.000000
 0.676111 0.415188 0.048770 0.293167 0.994259 1.003629 0.000000
 0.677222 0.416669 0.052291 0.294625 0.994954 1.003602 0.000000
 0.678333 0.418195 0.055909 0.296128 0.995668 1.003575 0.000000
 0.679444 0.419763 0.059616 0.297676 0.996400 1.003547 0.000000
 0.680556 0.421372 0.063409 0.299266 0.997149 1.003519 0.000000
 0.681667 0.423020 0.067281 0.300897 0.997914 1.003491 0.000000
 0.682778 0.424705 0.071228 0.302568 0.998694 1.003464 0.000000
 0.683889 0.426425 0.075246 0.304277 0.999487 1.003436 0.000000
 0.685000 0.428179 0.079329 0.306022 1.000294 1.003408 0.000000
 0.686111 0.429966 0.083474 0.307803 1.001114 1.003379 0.000000
 0.687222 0.431783 0.087677 0.309617 1.001945 1.003351 0.000000
 0.688333 0.433630 0.091934 0.311464 1.002786 1.003323 0.000000
 0.689444 0.435505 0.096241 0.313343 1.003638 1.003295 0.000000
 0.690556 0.437407 0.100594 0.315251 1.004499 1.003267 0.000000
 0.691667 0.439335 0.104992 0.317189 1.005369 1.003238 0.000000
 0.692778 0.441288 0.109431 0.319156 1.006247 1.003210 0.000000
 0.693889 0.443265 0.113907 0.321150 1.007132 1.003182 0.000000
 0.695000 0.445264 0.118420 0.323171 1.008025 1.003154 0.000000
 0.696111 0.447285 0.122965 0.325217 1.008924 1.003126 0.000000
 0.697222 0.449328 0.127542 0.327289 1.009830 1.003098 0.000000
 0.698333 0.451391 0.132148 0.329386 1.010741 1.003070 0.000000
 0.699444 0.453474 0.136780 0.331506 1.011658 1.003042 0.000000
 0.700556 0.455575 0.141438 0.333650 1.012580 1.003014 0.000000
 0.701667 0.457696 0.146120 0.335817 1.013507 1.002986 0.000000
 0.702778 0.459834 0.150823 0.338006 1.014438 1.002958 0.000000
 0.703889 0.461989 0.155547 0.340216 1.015373 1.002930 0.000000
 0.705000 0.464162 0.160291 0.342449 1.016312 1.002902 0.000000
 0.706111 0.466350 0.165052 0.344702 1.017255 1.002875 0.000000
 0.707222 0.468555 0.169830 0.346976 1.018201 1.002847 0.000000
 0.708333 0.470776 0.174624 0.349271 1.019150 1.002820 0.000000
 0.709444 0.473011 0.179432 0.351586 1.020103 1.002793 0.000000
 0.710556 0.475262 0.184254 0.353920 1.021058 1.002766 0.000000
 0.711667 0.477527 0.189090 0.356275 1.022015 1.002738 0.000000
 0.712778 0.479806 0.193937 0.358648 1.022975 1.002711 0.000000
 0.713889 0.482100 0.198795 0.361041 1.023938 1.002685 0.000000
 0.715000 0.484407 0.203664 0.363452 1.024902 1.002658 0.000000
 0.716111 0.486728 0.208543 0.365883 1.025869 1.002631 0.000000
 0.717222 0.489062 0.213431 0.368332 1.026837 1.002605 0.000000
 0.718333 0.491409 0.218328 0.370799 1.027807 1.002578 0.000000
 0.719444 0.493769 0.223232 0.373285 1.028779 1.002552 0.000000
 0.720556 0.496142 0.228145 0.375789 1.029753 1.002526 0.000000
 0.721667 0.498527 0.233064 0.378310 1.030728 1.002500 0.000000
 0.722778 0.500925 0.237991 0.380850 1.031704 1.002474 0.000000
 0.723889 0.503335 0.242923 0.383408 1.032681 1.002448 0.000000
 0.725000 0.505757 0.247861 0.385984 1.033660 1.002422 0.000000
 0.726111 0.508191 0.252805 0.388577 1.034640 1.002397 0.000000
 0.727222 0.510637 0.257754 0.391188 1.035621 1.002371 0.000000
 0.728333 0.513094 0.262707 0.393816 1.036603 1.002346 0.000000
 0.729444 0.515564 0.267665 0.396462 1.037585 1.002321 0.000000
 0.730556 0.518044 0.272627 0.399126 1.038569 1.002296 0.000000
 0.731667 0.520537 0.277593 0.401807 1.039554 1.002271 0.000000
 0.732778 0.523040 0.282562 0.404505 1.040539 1.002246 0.000000
 0.733889 0.525555 0.287535 0.407220 1.041525 1.002221 0.000000
 0.735000 0.528082 0.292511 0.409953 1.042511 1.002197 0.000000
 0.736111 0.530619 0.297490 0.412704 1.043499 1.002173 0.000000
 0.737222 0.533167 0.302471 0.415471 1.044486 1.002148 0.000000
 0.738333 0.535727 0.307455 0.418256 1.045475 1.002124 0.000000
 0.739444 0.538297 0.312441 0.421058 1.046463 1.002100 0.000000
 0.740556 0.540879 0.317429 0.423878 1.047453 1.002076 0.000000
 0.741667 0.543471 0.322419 0.426714 1.048442 1.002053 0.000000
 0.742778 0.546074 0.327410 0.429568 1.049432 1.002029 0.000000
 0.743889 0.548688 0.332403 0.432440 1.050423 1.002006 0.000000
 0.745000 0.551312 0.337398 0.435328 1.051414 1.001982 0.000000
 0.746111 0.553947 0.342394 0.438234 1.052405 1.001959 0.000000
 0.747222 0.556593 0.347391 0.441157 1.053396 1.001936 0.000000
 0.748333 0.559249 0.352388 0.444097 1.054387 1.001913 0.000000
 0.749444 0.561916 0.357387 0.447054 1.055379 1.001891 0.000000
 0.750556 0.564594 0.362386 0.450029 1.056371 1.001868 0.000000
 0.751667 0.567282 0.367386 0.453022 1.057363 1.001845 0.000000
 0.752778 0.569980 0.372387 0.456031 1.058355 1.001823 0.000000
 0.753889 0.572689 0.377387 0.459058 1.059347 1.001801 0.000000
 0.755000 0.575408 0.382388 0.462102 1.060340 1.001779 0.000000
 0.756111 0.578138 0.387389 0.465164 1.061332 1.001757 0.000000
 0.757222 0.580878 0.392390 0.468243 1.062325 1.001735 0.000000
 0.758333 0.583628 0.397391 0.471339 1.063317 1.001713 0.000000
 0.759444 0.586388 0.402392 0.474453 1.064310 1.001692 0.000000
 0.760556 0.589159 0.407393 0.477585 1.065302 1.001670 0.000000
 0.761667 0.591940 0.412393 0.480734 1.066295 1.001649 0.000000
 0.762778 0.594731 0.417393 0.483900 1.067287 1.001628 0.000000
 0.763889 0.597533 0.422392 0.487084 1.068280 1.001607 0.000000
 0.765000 0.600345 0.427390 0.490285 1.069272 1.001586 0.000000
 0.766111 0.603166 0.432388 0.493504 1.070264 1.001565 0.000000
 0.767222 0.605998 0.437385 0.496741 1.071256 1.001544 0.000000
 0.768333 0.608840 0.442381 0.499995 1.072248 1.001524 0.000000
 0.769444 0.611692 0.447376 0.503267 1.073240 1.001503 0.000000
 0.770556 0.614554 0.452370 0.506556 1.074231 1.001483 0.000000
 0.771667 0.617426 0.457362 0.509864 1.075223 1.001463 0.000000
 0.772778 0.620308 0.462354 0.513188 1.076214 1.001443 0.000000
 0.773889 0.623200 0.467344 0.516531 1.077205 1.001423 0.000000
 0.775000 0.626102 0.472333 0.519891 1.078196 1.001403 0.000000
 0.776111 0.629014 0.477320 0.523269 1.079186 1.001383 0.000000
 0.777222 0.631936 0.482306 0.526665 1.080176 1.001364 0.000000
 0.778333 0.634868 0.487290 0.530078 1.081166 1.001344 0.000000
 0.779444 0.637809 0.492273 0.533510 1.082156 1.001325 0.000000
 0.780556 0.640761 0.497253 0.536959 1.083145 1.001306 0.000000
 0.781667 0.643722 0.502232 0.540426 1.084134 1.001287 0.000000
 0.782778 0.646692 0.507208 0.543910 1.085122 1.001268 0.000000
 0.783889 0.649673 0.512183 0.547413 1.086111 1.001249 0.000000
 0.785000 0.652663 0.517155 0.550933 1.087098 1.001231 0.000000
 0.786111 0.655663 0.522126 0.554471 1.088086 1.001212 0.000000
 0.787222 0.658672 0.527094 0.558027 1.089073 1.001194 0.000000
 0.788333 0.661691 0.532059 0.561601 1.090059 1.001175 0.000000
 0.789444 0.664719 0.537022 0.565192 1.091045 1.001157 0.000000
 0.790556 0.667757 0.541982 0.568801 1.092031 1.001139 0.000000
 0.791667 0.670805 0.546940 0.572428 1.093016 1.001121 0.000000
 0.792778 0.673861 0.551895 0.576073 1.094001 1.001104 0.000000
 0.793889 0.676927 0.556847 0.579736 1.094985 1.001086 0.000000
 0.795000 0.680002 0.561796 0.583416 1.095968 1.001068 0.000000
 0.796111 0.683087 0.566742 0.587114 1.096951 1.001051 0.000000
 0.797222 0.686180 0.571684 0.590830 1.097933 1.001034 0.000000
 0.798333 0.689283 0.576624 0.594563 1.098915 1.001016 0.000000
 0.799444 0.692395 0.581560 0.598314 1.099896 1.000999 0.000000
 0.800556 0.695516 0.586492 0.602083 1.100877 1.000982 0.000000
 0.801667 0.698645 0.591421 0.605869 1.101856 1.000966 0.000000
 0.802778 0.701784 0.596346 0.609672 1.102835 1.000949 0.000000
 0.803889 0.704931 0.601267 0.613493 1.103813 1.000932 0.000000
 0.805000 0.708087 0.606184 0.617332 1.104791 1.000916 0.000000
 0.806111 0.711251 0.611097 0.621187 1.105768 1.000900 0.000000
 0.807222 0.714424 0.616006 0.625060 1.106743 1.000883 0.000000
 0.808333 0.717605 0.620910 0.628950 1.107718 1.000867 0.000000
 0.809444 0.720795 0.625809 0.632857 1.108693 1.000851 0.000000
 0.810556 0.723993 0.630704 0.636782 1.109666 1.000835 0.000000
 0.811667 0.727199 0.635594 0.640723 1.110638 1.000820 0.000000
 0.812778 0.730413 0.640479 0.644681 1.111609 1.000804 0.000000
 0.813889 0.733635 0.645359 0.648655 1.112580 1.000788 0.000000
 0.815000 0.736864 0.650234 0.652647 1.113549 1.000773 0.000000
 0.816111 0.740101 0.655102 0.656654 1.114517 1.000758 0.000000
 0.817222 0.743346 0.659966 0.660678 1.115484 1.000743 0.000000
 0.818333 0.746598 0.664823 0.664718 1.116450 1.000728 0.000000
 0.819444 0.749858 0.669674 0.668775 1.117415 1.000713 0.000000
 0.820556 0.753124 0.674518 0.672847 1.118379 1.000698 0.000000
 0.821667 0.756397 0.679357 0.676935 1.119341 1.000683 0.000000
 0.822778 0.759677 0.684188 0.681038 1.120302 1.000669 0.000000
 0.823889 0.762964 0.689012 0.685157 1.121261 1.000654 0.000000
 0.825000 0.766257 0.693829 0.689290 1.122220 1.000640 0.000000
 0.826111 0.769556 0.698639 0.693439 1.123176 1.000626 0.000000
 0.827222 0.772861 0.703441 0.697602 1.124131 1.000612 0.000000
 0.828333 0.776172 0.708234 0.701780 1.125085 1.000598 0.000000
 0.829444 0.779488 0.713020 0.705971 1.126037 1.000584 0.000000
 0.830556 0.782810 0.717796 0.710177 1.126987 1.000570 0.000000
 0.831667 0.786137 0.722564 0.714396 1.127936 1.000557 0.000000
 0.832778 0.789468 0.727323 0.718628 1.128883 1.000543 0.000000
 0.833889 0.792804 0.732072 0.722873 1.129828 1.000530 0.000000
 0.835000 0.796144 0.736810 0.727131 1.130771 1.000517 0.000000
 0.836111 0.799488 0.741539 0.731401 1.131711 1.000504 0.000000
 0.837222 0.802835 0.746257 0.735682 1.132650 1.000491 0.000000
 0.838333 0.806186 0.750963 0.739975 1.133587 1.000478 0.000000
 0.839444 0.809540 0.755658 0.744278 1.134521 1.000465 0.000000
 0.840556 0.812896 0.760342 0.748592 1.135453 1.000453 0.000000
 0.841667 0.816254 0.765012 0.752916 1.136383 1.000440 0.000000
 0.842778 0.819614 0.769670 0.757249 1.137310 1.000428 0.000000
 0.843889 0.822975 0.774314 0.761591 1.138234 1.000416 0.000000
 0.845000 0.826337 0.778944 0.765941 1.139156 1.000404 0.000000
 0.846111 0.829699 0.783559 0.770298 1.140074 1.000392 0.000000
 0.847222 0.833061 0.788160 0.774662 1.140990 1.000380 0.000000
 0.848333 0.836422 0.792744 0.779033 1.141903 1.000368 0.000000
 0.849444 0.839782 0.797313 0.783408 1.142812 1.000357 0.000000
 0.850556 0.843140 0.801864 0.787789 1.143718 1.000346 0.000000
 0.851667 0.846496 0.806397 0.792173 1.144621 1.000334 0.000000
 0.852778 0.849848 0.810912 0.796560 1.145519 1.000323 0.000000
 0.853889 0.853197 0.815407 0.800948 1.146415 1.000312 0.000000
 0.855000 0.856541 0.819883 0.805338 1.147306 1.000302 0.000000
 0.856111 0.859880 0.824337 0.809728 1.148193 1.000291 0.000000
 0.857222 0.863212 0.828770 0.814116 1.149075 1.000280 0.000000
 0.858333 0.866538 0.833180 0.818502 1.149953 1.000270 0.000000
 0.859444 0.869856 0.837566 0.822885 1.150827 1.000260 0.000000
 0.860556 0.873165 0.841927 0.827263 1.151695 1.000250 0.000000
 0.861667 0.876464 0.846262 0.831634 1.152559 1.000240 0.000000
 0.862778 0.879753 0.850570 0.835998 1.153417 1.000231 0.000000
 0.863889 0.883030 0.854850 0.840352 1.154269 1.000221 0.000000
 0.865000 0.886294 0.859101 0.844696 1.155116 1.000212 0.000000
 0.866111 0.889544 0.863321 0.849028 1.155956 1.000203 0.000000
 0.867222 0.892778 0.867509 0.853346 1.156791 1.000194 0.000000
 0.868333 0.895996 0.871663 0.857647 1.157618 1.000185 0.000000
 0.869444 0.899196 0.875783 0.861931 1.158439 1.000176 0.000000
 0.870556 0.902377 0.879866 0.866195 1.159252 1.000168 0.000000
 0.871667 0.905536 0.883911 0.870437 1.160058 1.000159 0.000000
 0.872778 0.908674 0.887917 0.874655 1.160856 1.000151 0.000000
 0.873889 0.911787 0.891880 0.878847 1.161646 1.000144 0.000000
 0.875000 0.914875 0.895801 0.883009 1.162427 1.000136 0.000000
 0.876111 0.917935 0.899677 0.887141 1.163200 1.000128 0.000000
 0.877222 0.920966 0.903505 0.891238 1.163963 1.000121 0.000000
 0.878333 0.923966 0.907285 0.895299 1.164716 1.000114 0.000000
 0.879444 0.926934 0.911013 0.899321 1.165459 1.000107 0.000000
 0.880556 0.929866 0.914688 0.903300 1.166192 1.000101 0.000000
 0.881667 0.932761 0.918308 0.907234 1.166913 1.000094 0.000000
 0.882778 0.935617 0.921870 0.911120 1.167623 1.000088 0.000000
 0.883889 0.938432 0.925373 0.914954 1.168322 1.000082 0.000000
 0.885000 0.941203 0.928813 0.918734 1.169007 1.000076 0.000000
 0.886111 0.943928 0.932188 0.922455 1.169680 1.000071 0.000000
 0.887222 0.946606 0.935496 0.926115 1.170340 1.000066 0.000000
 0.888333 0.949232 0.938735 0.929711 1.170986 1.000060 0.000000
 0.889444 0.951807 0.941902 0.933238 1.171617 1.000056 0.000000
 0.890556 0.954326 0.944995 0.936693 1.172234 1.000051 0.000000
 0.891667 0.956787 0.948011 0.940074 1.172836 1.000047 0.000000
 0.892778 0.959189 0.950948 0.943375 1.173422 1.000043 0.000000
 0.893889 0.961529 0.953804 0.946595 1.173991 1.000039 0.000000
 0.895000 0.963805 0.956576 0.949729 1.174544 1.000035 0.000000
 0.896111 0.966014 0.959262 0.952775 1.175080 1.000032 0.000000
 0.897222 0.968154 0.961860 0.955729 1.175599 1.000028 0.000000
 0.898333 0.970225 0.964369 0.958589 1.176099 1.000026 0.000000
 0.899444 0.972223 0.966786 0.961351 1.176582 1.000023 0.000000
 0.900556 0.974147 0.969110 0.964013 1.177046 1.000020 0.000000
 0.901667 0.975996 0.971339 0.966573 1.177491 1.000018 0.000000
 0.902778 0.977768 0.973474 0.969029 1.177917 1.000016 0.000000
 0.903889 0.979462 0.975511 0.971379 1.178323 1.000014 0.000000
 0.905000 0.981078 0.977452 0.973621 1.178711 1.000012 0.000000
 0.906111 0.982614 0.979295 0.975755 1.179079 1.000010 0.000000
 0.907222 0.984071 0.981041 0.977780 1.179428 1.000009 0.000000
 0.908333 0.985449 0.982690 0.979695 1.179757 1.000008 0.000000
 0.909444 0.986748 0.984243 0.981502 1.180067 1.000007 0.000000
 0.910556 0.987968 0.985700 0.983201 1.180358 1.000006 0.000000
 0.911667 0.989110 0.987064 0.984792 1.180630 1.000005 0.000000
 0.912778 0.990177 0.988335 0.986278 1.180884 1.000004 0.000000
 0.913889 0.991169 0.989517 0.987661 1.181121 1.000003 0.000000
 0.915000 0.992087 0.990611 0.988943 1.181339 1.000003 0.000000
 0.916111 0.992936 0.991620 0.990126 1.181541 1.000002 0.000000
 0.917222 0.993716 0.992547 0.991215 1.181726 1.000002 0.000000
 0.918333 0.994430 0.993396 0.992212 1.181896 1.000001 0.000000
 0.919444 0.995082 0.994170 0.993122 1.182050 1.000001 0.000000
 0.920556 0.995673 0.994873 0.993949 1.182191 1.000001 0.000000
 0.921667 0.996209 0.995508 0.994697 1.182318 1.000001 0.000000
 0.922778 0.996691 0.996080 0.995371 1.182432 1.000001 0.000000
 0.923889 0.997123 0.996593 0.995976 1.182535 1.000000 0.000000
 0.925000 0.997509 0.997051 0.996515 1.182626 1.000000 0.000000
 0.926111 0.997852 0.997457 0.996995 1.182707 1.000000 0.000000
 0.927222 0.998156 0.997817 0.997419 1.182779 1.000000 0.000000
 0.928333 0.998423 0.998133 0.997793 1.182843 1.000000 0.000000
 0.929444 0.998657 0.998411 0.998121 1.182898 1.000000 0.000000
 0.930556 0.998862 0.998652 0.998407 1.182946 1.000000 0.000000
 0.931667 0.999039 0.998862 0.998655 1.182988 1.000000 0.000000
 0.932778 0.999192 0.999044 0.998869 1.183025 1.000000 0.000000
 0.933889 0.999324 0.999200 0.999053 1.183056 1.000000 0.000000
 0.935000 0.999436 0.999333 0.999211 1.183083 1.000000 0.000000
 0.936111 0.999532 0.999447 0.999346 1.183105 1.000000 0.000000
 0.937222 0.999614 0.999543 0.999459 1.183125 1.000000 0.000000
 0.938333 0.999682 0.999624 0.999555 1.183141 1.000000 0.000000
 0.939444 0.999740 0.999692 0.999636 1.183154 1.000000 0.000000
 0.940556 0.999788 0.999749 0.999703 1.183166 1.000000 0.000000
 0.941667 0.999828 0.999796 0.999759 1.183175 1.000000 0.000000
 0.942778 0.999861 0.999836 0.999805 1.183183 1.000000 0.000000
 0.943889 0.999888 0.999868 0.999844 1.183190 1.000000 0.000000
 0.945000 0.999911 0.999894 0.999875 1.183195 1.000000 0.000000
 0.946111 0.999929 0.999916 0.999900 1.183199 1.000000 0.000000
 0.947222 0.999943 0.999933 0.999921 1.183203 1.000000 0.000000
 0.948333 0.999955 0.999947 0.999937 1.183205 1.000000 0.000000
 0.949444 0.999965 0.999958 0.999951 1.183208 1.000000 0.000000
 0.950556 0.999972 0.999967 0.999961 1.183209 1.000000 0.000000
 0.951667 0.999979 0.999975 0.999970 1.183211 1.000000 0.000000
 0.952778 0.999983 0.999980 0.999977 1.183212 1.000000 0.000000
 0.953889 0.999987 0.999985 0.999982 1.183213 1.000000 0.000000
 0.955000 0.999990 0.999988 0.999986 1.183214 1.000000 0.000000
 0.956111 0.999992 0.999991 0.999989 1.183214 1.000000 0.000000
 0.957222 0.999994 0.999993 0.999992 1.183215 1.000000 0.000000
 0.958333 0.999996 0.999995 0.999994 1.183215 1.000000 0.000000
 0.959444 0.999997 0.999996 0.999995 1.183215 1.000000 0.000000
 0.960556 0.999998 0.999997 0.999997 1.183215 1.000000 0.000000
 0.961667 0.999998 0.999998 0.999997 1.183216 1.000000 0.000000
 0.962778 0.999999 0.999998 0.999998 1.183216 1.000000 0.000000
 0.963889 0.999999 0.999999 0.999999 1.183216 1.000000 0.000000
 0.965000 0.999999 0.999999 0.999999 1.183216 1.000000 0.000000
 0.966111 0.999999 0.999999 0.999999 1.183216 1.000000 0.000000
 0.967222 1.000000 1.000000 0.999999 1.183216 1.000000 0.000000
 0.968333 1.000000 1.000000 1.000000 1.183216 1.000000 0.000000
 0.969444 1.000000 1.000000 1.000000 1.183216 1.000000 0.000000
 0.970556 1.000000 1.000000 1.000000 1.183216 1.000000 0.000000
 0.971667 1.000000 1.000000 1.000000 1.183216 1.000000 0.000000
 0.972778 1.000000 1.000000 1.000000 1.183216 1.000000 0.000000
 0.973889 1.000000 1.000000 1.000000 1.183216 1.000000 0.000000
 0.975000 1.000000 1.000000 1.000000 1.183216 1.000000 0.000000
 0.976111 1.000000 1.000000 1.000000 1.183216 1.000000 0.000000
 0.977222 1.000000 1.000000 1.000000 1.183216 1.000000 0.000000
 0.978333 1.000000 1.000000 1.000000 1.183216 1.000000 0.000000
 0.979444 1.000000 1.000000 1.000000 1.183216 1.000000 0.000000
 0.980556 1.000000 1.000000 1.000000 1.183216 1.000000 0.000000
 0.981667 1.000000 1.000000 1.000000 1.183216 1.000000 0.000000
 0.982778 1.000000 1.000000 1.000000 1.183216 1.000000 0.000000
 0.983889 1.000000 1.000000 1.000000 1.183216 1.000000 0.000000
 0.985000 1.000000 1.000000 1.000000 1.183216 1.000000 0.000000
 0.986111 1.000000 1.000000 1.000000 1.183216 1.000000 0.000000
 0.987222 1.000000 1.000000 1.000000 1.183216 1.000000 0.000000
 0.988333 1.000000 1.000000 1.000000 1.183216 1.000000 0.000000
 0.989444 1.000000 1.000000 1.000000 1.183216 1.000000 0.000000
 0.990556 1.000000 1.000000 1.000000 1.183216 1.000000 0.000000
 0.991667 1.000000 1.000000 1.000000 1.183216 1.000000 0.000000
 0.992778 1.000000 1.000000 1.000000 1.183216 1.000000 0.000000
 0.993889 1.000000 1.000000 1.000000 1.183216 1.000000 0.000000
 0.995000 1.000000 1.000000 1.000000 1.183216 1.000000 0.000000
 0.996111 1.000000 1.000000 1.000000 1.183216 1.000000 0.000000
 0.997222 1.000000 1.000000 1.000000 1.183216 1.000000 0.000000
 0.998333 1.000000 1.000000 1.000000 1.183216 1.000000 0.000000
 0.999444 1.000000 1.000000 1.000000 1.183216 1.000000 0.000000
