0.380556 0.000376 0.000000
0.380556 0.000697 0.000000
0.380556 0.001003 0.000000
0.380556 0.001301 0.000000
0.380556 0.001596 0.000000
0.380556 0.001888 0.000000
0.380556 0.002179 0.000000
0.380556 0.002468 0.000000
0.380556 0.002758 0.000000
0.380556 0.003047 0.000000
0.380556 0.003336 0.000000
0.380556 0.003625 0.000000
0.380556 0.003914 0.000000
0.380556 0.004202 0.000000
0.380556 0.004491 0.000000
0.380556 0.004780 0.000000
0.380556 0.005068 0.000000
0.380556 0.005357 0.000000
0.380556 0.005646 0.000000
0.380556 0.005934 0.000000
0.380556 0.006223 0.000000
0.380556 0.006512 0.000000
0.380556 0.006800 0.000000
0.380556 0.007089 0.000000
0.380556 0.007378 0.000000
0.380556 0.007666 0.000000
0.380556 0.007955 0.000000
0.380556 0.008244 0.000000
0.380556 0.008532 0.000000
0.380556 0.008821 0.000000
0.380556 0.009110 0.000000
0.380556 0.009398 0.000000
0.380556 0.009687 0.000000
0.380556 0.009976 0.000000
0.380556 0.010264 0.000000
0.380556 0.010553 0.000000
0.380556 0.010842 0.000000
0.380556 0.011130 0.000000
0.380556 0.011419 0.000000
0.380556 0.011708 0.000000
0.380556 0.011996 0.000000
0.380556 0.012285 0.000000
0.380556 0.012574 0.000000
0.380556 0.012862 0.000000
0.380556 0.013151 0.000000
0.380556 0.013439 0.000000
0.380556 0.013728 0.000000
0.380556 0.014017 0.000000
0.380556 0.014305 0.000000
0.380556 0.014594 0.000000
0.380556 0.014883 0.000000
0.380556 0.015171 0.000000
0.380556 0.015460 0.000000
0.380556 0.015749 0.000000
0.380556 0.016037 0.000000
0.380556 0.016326 0.000000
0.380556 0.016615 0.000000
0.380556 0.016903 0.000000
0.380556 0.017192 0.000000
0.380556 0.017481 0.000000
0.380556 0.017769 0.000000
0.380556 0.018058 0.000000
0.380556 0.018347 0.000000
0.380556 0.018635 0.000000
0.380556 0.018924 0.000000
0.380556 0.019213 0.000000
0.380556 0.019501 0.000000
0.380556 0.019790 0.000000
0.380556 0.020079 0.000000
0.380556 0.020367 0.000000
0.380556 0.020656 0.000000
0.380556 0.020945 0.000000
0.380556 0.021233 0.000000
0.380556 0.021522 0.000000
0.380556 0.021811 0.000000
0.380556 0.022099 0.000000
0.380556 0.022388 0.000000
0.380556 0.022677 0.000000
0.380556 0.022965 0.000000
0.380556 0.023254 0.000000
0.380556 0.023543 0.000000
0.380556 0.023831 0.000000
0.380556 0.024120 0.000000
0.380556 0.024408 0.000000
0.380556 0.024697 0.000000
0.380556 0.024986 0.000000
0.380556 0.025274 0.000000
0.380556 0.025563 0.000000
0.380556 0.025852 0.000000
0.380556 0.026140 0.000000
0.380556 0.026429 0.000000
0.380556 0.026718 0.000000
0.380556 0.027006 0.000000
0.380556 0.027295 0.000000
0.380556 0.027584 0.000000
0.380556 0.027872 0.000000
0.380556 0.028161 0.000000
0.380556 0.028450 0.000000
0.380556 0.028738 0.000000
0.380556 0.029027 0.000000
0.380556 0.029316 0.000000
0.380556 0.029604 0.000000
0.380556 0.029893 0.000000
0.380556 0.030182 0.000000
0.380556 0.030470 0.000000
0.380556 0.030759 0.000000
0.380556 0.031048 0.000000
0.380556 0.031336 0.000000
0.380556 0.031625 0.000000
0.380556 0.031914 0.000000
0.380556 0.032202 0.000000
0.380556 0.032491 0.000000
0.380556 0.032780 0.000000
0.380556 0.033068 0.000000
0.380556 0.033357 0.000000
0.380556 0.033646 0.000000
0.380556 0.033934 0.000000
0.380556 0.034223 0.000000
0.380556 0.034512 0.000000
0.380556 0.034800 0.000000
0.380556 0.035089 0.000000
0.380556 0.035378 0.000000
0.380556 0.035666 0.000000
0.380556 0.035955 0.000000
0.380556 0.036243 0.000000
0.380556 0.036532 0.000000
0.380556 0.036821 0.000000
0.380556 0.037109 0.000000
0.380556 0.037398 0.000000
0.380556 0.037687 0.000000
0.380556 0.037975 0.000000
0.380556 0.038264 0.000000
0.380556 0.038553 0.000000
0.380556 0.038841 0.000000
0.380556 0.039130 0.000000
0.380556 0.039419 0.000000
0.380556 0.039707 0.000000
0.380556 0.039996 0.000000
0.380556 0.040285 0.000000
0.380556 0.040573 0.000000
0.380556 0.040862 0.000000
0.380556 0.041151 0.000000
0.380556 0.041439 0.000000
0.380556 0.041728 0.000000
0.380556 0.042017 0.000000
0.380556 0.042305 0.000000
0.380556 0.042594 0.000000
0.380556 0.042883 0.000000
0.380556 0.043171 0.000000
0.380556 0.043460 0.000000
0.380556 0.043749 0.000000
0.380556 0.044037 0.000000
0.380556 0.044326 0.000000
0.380556 0.044615 0.000000
0.380556 0.044903 0.000000
0.380556 0.045192 0.000000
0.380556 0.045481 0.000000
0.380556 0.045769 0.000000
0.380556 0.046058 0.000000
0.380556 0.046347 0.000000
0.380556 0.046635 0.000000
0.380556 0.046924 0.000000
0.380556 0.047212 0.000000
0.380556 0.047501 0.000000
0.380556 0.047790 0.000000
0.380556 0.048078 0.000000
0.380556 0.048367 0.000000
0.380556 0.048656 0.000000
0.380556 0.048944 0.000000
0.380556 0.049233 0.000000
0.380556 0.049522 0.000000
0.380556 0.049810 0.000000
0.380556 0.050099 0.000000
0.380556 0.050388 0.000000
0.380556 0.050676 0.000000
0.380556 0.050965 0.000000
0.380556 0.051254 0.000000
0.380556 0.051542 0.000000
0.380556 0.051831 0.000000
0.380556 0.052120 0.000000
0.380556 0.052408 0.000000
0.380556 0.052697 0.000000
0.380556 0.052986 0.000000
0.380556 0.053274 0.000000
0.380556 0.053563 0.000000
0.380556 0.053852 0.000000
0.380556 0.054140 0.000000
0.380556 0.054429 0.000000
0.380556 0.054718 0.000000
0.380556 0.055006 0.000000
0.380556 0.055295 0.000000
0.380556 0.055584 0.000000
0.380556 0.055872 0.000000
0.380556 0.056161 0.000000
0.380556 0.056450 0.000000
0.380556 0.056738 0.000000
0.380556 0.057027 0.000000
0.380556 0.057316 0.000000
0.380556 0.057604 0.000000
0.380556 0.057893 0.000000
0.380556 0.058182 0.000000
0.380556 0.058470 0.000000
0.380556 0.058759 0.000000
0.380556 0.059047 0.000000
0.380556 0.059336 0.000000
0.380556 0.059625 0.000000
0.380556 0.059913 0.000000
0.380556 0.060202 0.000000
0.380556 0.060491 0.000000
0.380556 0.060779 0.000000
0.380556 0.061068 0.000000
0.380556 0.061357 0.000000
0.380556 0.061645 0.000000
0.380556 0.061934 0.000000
0.380556 0.062223 0.000000
0.380556 0.062511 0.000000
0.380556 0.062800 0.000000
0.380556 0.063089 0.000000
0.380556 0.063377 0.000000
0.380556 0.063666 0.000000
0.380556 0.063955 0.000000
0.380556 0.064243 0.000000
0.380556 0.064532 0.000000
0.380556 0.064821 0.000000
0.380556 0.065109 0.000000
0.380556 0.065398 0.000000
0.380556 0.065687 0.000000
0.380556 0.065975 0.000000
0.380556 0.066264 0.000000
0.380556 0.066553 0.000000
0.380556 0.066841 0.000000
0.380556 0.067130 0.000000
0.380556 0.067419 0.000000
0.380556 0.067707 0.000000
0.380556 0.067996 0.000000
0.380556 0.068285 0.000000
0.380556 0.068573 0.000000
0.380556 0.068862 0.000000
0.380556 0.069151 0.000000
0.380556 0.069439 0.000000
0.380556 0.069728 0.000000
0.380556 0.070017 0.000000
0.380556 0.070305 0.000000
0.380556 0.070594 0.000000
0.380556 0.070882 0.000000
0.380556 0.071171 0.000000
0.380556 0.071460 0.000000
0.380556 0.071748 0.000000
0.380556 0.072037 0.000000
0.380556 0.072326 0.000000
0.380556 0.072614 0.000000
0.380556 0.072903 0.000000
0.380556 0.073192 0.000000
0.380556 0.073480 0.000000
0.380556 0.073769 0.000000
0.380556 0.074058 0.000000
0.380556 0.074346 0.000000
0.380556 0.074635 0.000000
0.380556 0.074924 0.000000
0.380556 0.075212 0.000000
0.380556 0.075501 0.000000
0.380556 0.075790 0.000000
0.380556 0.076078 0.000000
0.380556 0.076367 0.000000
0.380556 0.076656 0.000000
0.380556 0.076944 0.000000
0.380556 0.077233 0.000000
0.380556 0.077522 0.000000
0.380556 0.077810 0.000000
0.380556 0.078099 0.000000
0.380556 0.078388 0.000000
0.380556 0.078676 0.000000
0.380556 0.078965 0.000000
0.380556 0.079254 0.000000
0.380556 0.079542 0.000000
0.380556 0.079831 0.000000
0.380556 0.080120 0.000000
0.380556 0.080408 0.000000
0.380556 0.080697 0.000000
0.380556 0.080986 0.000000
0.380556 0.081274 0.000000
0.380556 0.081563 0.000000
0.380556 0.081851 0.000000
0.380556 0.082140 0.000000
0.380556 0.082429 0.000000
0.380556 0.082717 0.000000
0.380556 0.083006 0.000000
0.380556 0.083295 0.000000
0.380556 0.083583 0.000000
0.380556 0.083872 0.000000
0.380556 0.084161 0.000000
0.380556 0.084449 0.000000
0.380556 0.084738 0.000000
0.380556 0.085027 0.000000
0.380556 0.085315 0.000000
0.380556 0.085604 0.000000
0.380556 0.085893 0.000000
0.380556 0.086181 0.000000
0.380556 0.086470 0.000000
0.380556 0.086759 0.000000
0.380556 0.087047 0.000000
0.380556 0.087336 0.000000
0.380556 0.087625 0.000000
0.380556 0.087913 0.000000
0.380556 0.088202 0.000000
0.380556 0.088491 0.000000
0.380556 0.088779 0.000000
0.380556 0.089068 0.000000
0.380556 0.089357 0.000000
0.380556 0.089645 0.000000
0.380556 0.089934 0.000000
0.380556 0.090223 0.000000
0.380556 0.090511 0.000000
0.380556 0.090800 0.000000
0.380556 0.091089 0.000000
0.380556 0.091377 0.000000
0.380556 0.091666 0.000000
0.380556 0.091955 0.000000
0.380556 0.092243 0.000000
0.380556 0.092532 0.000000
0.380556 0.092821 0.000000
0.380556 0.093109 0.000000
0.380556 0.093398 0.000000
0.380556 0.093686 0.000000
0.380556 0.093975 0.000000
0.380556 0.094264 0.000000
0.380556 0.094552 0.000000
0.380556 0.094841 0.000000
0.380556 0.095130 0.000000
0.380556 0.095418 0.000000
0.380556 0.095707 0.000000
0.380556 0.095996 0.000000
0.380556 0.096284 0.000000
0.380556 0.096573 0.000000
0.380556 0.096862 0.000000
0.380556 0.097150 0.000000
0.380556 0.097439 0.000000
0.380556 0.097728 0.000000
0.380556 0.098016 0.000000
0.380556 0.098305 0.000000
0.380556 0.098594 0.000000
0.380556 0.098882 0.000000
0.380556 0.099171 0.000000
0.380556 0.099460 0.000000
0.380556 0.099748 0.000000
0.380556 0.100037 0.000000
0.380556 0.100326 0.000000
0.380556 0.100614 0.000000
0.380556 0.100903 0.000000
0.380556 0.101192 0.000000
0.380556 0.101480 0.000000
0.380556 0.101769 0.000000
0.380556 0.102058 0.000000
0.380556 0.102346 0.000000
0.380556 0.102635 0.000000
0.380556 0.102924 0.000000
0.380556 0.103212 0.000000
0.380556 0.103501 0.000000
0.380556 0.103790 0.000000
0.380556 0.104078 0.000000
0.380556 0.104367 0.000000
0.380556 0.104655 0.000000
0.380556 0.104944 0.000000
0.380556 0.105233 0.000000
0.380556 0.105521 0.000000
0.380556 0.105810 0.000000
0.380556 0.106099 0.000000
0.380556 0.106387 0.000000
0.380556 0.106676 0.000000
0.380556 0.106965 0.000000
0.380556 0.107253 0.000000
0.380556 0.107542 0.000000
0.380556 0.107831 0.000000
0.380556 0.108119 0.000000
0.380556 0.108408 0.000000
0.380556 0.108697 0.000000
0.380556 0.108985 0.000000
0.380556 0.109274 0.000000
0.380556 0.109563 0.000000
0.380556 0.109851 0.000000
0.380556 0.110140 0.000000
0.380556 0.110429 0.000000
0.380556 0.110717 0.000000
0.380556 0.111006 0.000000
0.380556 0.111295 0.000000
0.380556 0.111583 0.000000
0.380556 0.111872 0.000000
0.380556 0.112161 0.000000
0.380556 0.112449 0.000000
0.380556 0.112738 0.000000
0.380556 0.113027 0.000000
0.380556 0.113315 0.000000
0.380556 0.113604 0.000000
0.380556 0.113893 0.000000
0.380556 0.114181 0.000000
0.380556 0.114470 0.000000
0.380556 0.114759 0.000000
0.380556 0.115047 0.000000
0.380556 0.115336 0.000000
0.380556 0.115625 0.000000
0.380556 0.115913 0.000000
0.380556 0.116202 0.000000
0.380556 0.116490 0.000000
0.380556 0.116779 0.000000
0.380556 0.117068 0.000000
0.380556 0.117356 0.000000
0.380556 0.117645 0.000000
0.380556 0.117934 0.000000
0.380556 0.118222 0.000000
0.380556 0.118511 0.000000
0.380556 0.118800 0.000000
0.380556 0.119088 0.000000
0.380556 0.119377 0.000000
0.380556 0.119666 0.000000
0.380556 0.119954 0.000000
0.380556 0.120243 0.000000
0.380556 0.120532 0.000000
0.380556 0.120820 0.000000
0.380556 0.121109 0.000000
0.380556 0.121398 0.000000
0.380556 0.121686 0.000000
0.380556 0.121975 0.000000
0.380556 0.122264 0.000000
0.380556 0.122552 0.000000
0.380556 0.122841 0.000000
0.380556 0.123130 0.000000
0.380556 0.123418 0.000000
0.380556 0.123707 0.000000
0.380556 0.123996 0.000000
0.380556 0.124284 0.000000
0.380556 0.124573 0.000000
0.380556 0.124862 0.000000
0.380556 0.125150 0.000000
0.380556 0.125439 0.000000
0.380556 0.125728 0.000000
0.380556 0.126016 0.000000
0.380556 0.126305 0.000000
0.380556 0.126594 0.000000
0.380556 0.126882 0.000000
0.380556 0.127171 0.000000
0.380556 0.127459 0.000000
0.380556 0.127748 0.000000
0.380556 0.128037 0.000000
0.380556 0.128325 0.000000
0.380556 0.128614 0.000000
0.380556 0.128903 0.000000
0.380556 0.129191 0.000000
0.380556 0.129480 0.000000
0.380556 0.129769 0.000000
0.380556 0.130057 0.000000
0.380556 0.130346 0.000000
0.380556 0.130635 0.000000
0.380556 0.130923 0.000000
0.380556 0.131212 0.000000
0.380556 0.131501 0.000000
0.380556 0.131789 0.000000
0.380556 0.132078 0.000000
0.380556 0.132367 0.000000
0.380556 0.132655 0.000000
0.380556 0.132944 0.000000
0.380556 0.133233 0.000000
0.380556 0.133521 0.000000
0.380556 0.133810 0.000000
0.380556 0.134099 0.000000
0.380556 0.134387 0.000000
0.380556 0.134676 0.000000
0.380556 0.134965 0.000000
0.380556 0.135253 0.000000
0.380556 0.135542 0.000000
0.380556 0.135831 0.000000
0.380556 0.136119 0.000000
0.380556 0.136408 0.000000
0.380556 0.136697 0.000000
0.380556 0.136985 0.000000
0.380556 0.137274 0.000000
0.380556 0.137563 0.000000
0.380556 0.137851 0.000000
0.380556 0.138140 0.000000
0.380556 0.138429 0.000000
0.380556 0.138717 0.000000
0.380556 0.139006 0.000000
0.380556 0.139294 0.000000
0.380556 0.139583 0.000000
0.380556 0.139872 0.000000
0.380556 0.140160 0.000000
0.380556 0.140449 0.000000
0.380556 0.140738 0.000000
0.380556 0.141026 0.000000
0.380556 0.141315 0.000000
0.380556 0.141604 0.000000
0.380556 0.141892 0.000000
0.380556 0.142181 0.000000
0.380556 0.142470 0.000000
0.380556 0.142758 0.000000
0.380556 0.143047 0.000000
0.380556 0.143336 0.000000
0.380556 0.143624 0.000000
0.380556 0.143913 0.000000
0.380556 0.144202 0.000000
0.380556 0.144490 0.000000
0.380556 0.144779 0.000000
0.380556 0.145068 0.000000
0.380556 0.145356 0.000000
0.380556 0.145645 0.000000
0.380556 0.145934 0.000000
0.380556 0.146222 0.000000
0.380556 0.146511 0.000000
0.380556 0.146800 0.000000
0.380556 0.147088 0.000000
0.380556 0.147377 0.000000
0.380556 0.147666 0.000000
0.380556 0.147954 0.000000
0.380556 0.148243 0.000000
0.380556 0.148532 0.000000
0.380556 0.148820 0.000000
0.380556 0.149109 0.000000
0.380556 0.149398 0.000000
0.380556 0.149686 0.000000
0.380556 0.149975 0.000000
0.380556 0.150263 0.000000
0.380556 0.150552 0.000000
0.380556 0.150841 0.000000
0.380556 0.151129 0.000000
0.380556 0.151418 0.000000
0.380556 0.151707 0.000000
0.380556 0.151995 0.000000
0.380556 0.152284 0.000000
0.380556 0.152573 0.000000
0.380556 0.152861 0.000000
0.380556 0.153150 0.000000
0.380556 0.153439 0.000000
0.380556 0.153727 0.000000
0.380556 0.154016 0.000000
0.380556 0.154305 0.000000
0.380556 0.154593 0.000000
0.380556 0.154882 0.000000
0.380556 0.155171 0.000000
0.380556 0.155459 0.000000
0.380556 0.155748 0.000000
0.380556 0.156037 0.000000
0.380556 0.156325 0.000000
0.380556 0.156614 0.000000
0.380556 0.156903 0.000000
0.380556 0.157191 0.000000
0.380556 0.157480 0.000000
0.380556 0.157769 0.000000
0.380556 0.158057 0.000000
0.380556 0.158346 0.000000
0.380556 0.158635 0.000000
0.380556 0.158923 0.000000
0.380556 0.159212 0.000000
0.380556 0.159501 0.000000
0.380556 0.159789 0.000000
0.380556 0.160078 0.000000
0.380556 0.160367 0.000000
0.380556 0.160655 0.000000
0.380556 0.160944 0.000000
0.380556 0.161233 0.000000
0.380556 0.161521 0.000000
0.380556 0.161810 0.000000
0.380556 0.162098 0.000000
0.380556 0.162387 0.000000
0.380556 0.162676 0.000000
0.380556 0.162964 0.000000
0.380556 0.163253 0.000000
0.380556 0.163542 0.000000
0.380556 0.163830 0.000000
0.380556 0.164119 0.000000
0.380556 0.164408 0.000000
0.380556 0.164696 0.000000
0.380556 0.164985 0.000000
0.380556 0.165274 0.000000
0.380556 0.165562 0.000000
0.380556 0.165851 0.000000
0.380556 0.166140 0.000000
0.380556 0.166428 0.000000
0.380556 0.166717 0.000000
0.380556 0.167006 0.000000
0.380556 0.167294 0.000000
0.380556 0.167583 0.000000
0.380556 0.167872 0.000000
0.380556 0.168160 0.000000
0.380556 0.168449 0.000000
0.380556 0.168738 0.000000
0.380556 0.169026 0.000000
0.380556 0.169315 0.000000
0.380556 0.169604 0.000000
0.380556 0.169892 0.000000
0.380556 0.170181 0.000000
0.380556 0.170470 0.000000
0.380556 0.170758 0.000000
0.380556 0.171047 0.000000
0.380556 0.171336 0.000000
0.380556 0.171624 0.000000
0.380556 0.171913 0.000000
0.380556 0.172202 0.000000
0.380556 0.172490 0.000000
0.380556 0.172779 0.000000
0.380556 0.173067 0.000000
0.380556 0.173356 0.000000
0.380556 0.173645 0.000000
0.380556 0.173933 0.000000
0.380556 0.174222 0.000000
0.380556 0.174511 0.000000
0.380556 0.174799 0.000000
0.380556 0.175088 0.000000
0.380556 0.175377 0.000000
0.380556 0.175665 0.000000
0.380556 0.175954 0.000000
0.380556 0.176243 0.000000
0.380556 0.176531 0.000000
0.380556 0.176820 0.000000
0.380556 0.177109 0.000000
0.380556 0.177397 0.000000
0.380556 0.177686 0.000000
0.380556 0.177975 0.000000
0.380556 0.178263 0.000000
0.380556 0.178552 0.000000
0.380556 0.178841 0.000000
0.380556 0.179129 0.000000
0.380556 0.179418 0.000000
0.380556 0.179707 0.000000
0.380556 0.179995 0.000000
0.380556 0.180284 0.000000
0.380556 0.180573 0.000000
0.380556 0.180861 0.000000
0.380556 0.181150 0.000000
0.380556 0.181439 0.000000
0.380556 0.181727 0.000000
0.380556 0.182016 0.000000
0.380556 0.182305 0.000000
0.380556 0.182593 0.000000
0.380556 0.182882 0.000000
0.380556 0.183171 0.000000
0.380556 0.183459 0.000000
0.380556 0.183748 0.000000
0.380556 0.184037 0.000000
0.380556 0.184325 0.000000
0.380556 0.184614 0.000000
0.380556 0.184902 0.000000
0.380556 0.185191 0.000000
0.380556 0.185480 0.000000
0.380556 0.185768 0.000000
0.380556 0.186057 0.000000
0.380556 0.186346 0.000000
0.380556 0.186634 0.000000
0.380556 0.186923 0.000000
0.380556 0.187212 0.000000
0.380556 0.187500 0.000000
0.380556 0.187789 0.000000
0.380556 0.188078 0.000000
0.380556 0.188366 0.000000
0.380556 0.188655 0.000000
0.380556 0.188944 0.000000
0.380556 0.189232 0.000000
0.380556 0.189521 0.000000
0.380556 0.189810 0.000000
0.380556 0.190098 0.000000
0.380556 0.190387 0.000000
0.380556 0.190676 0.000000
0.380556 0.190964 0.000000
0.380556 0.191253 0.000000
0.380556 0.191542 0.000000
0.380556 0.191830 0.000000
0.380556 0.192119 0.000000
0.380556 0.192408 0.000000
0.380556 0.192696 0.000000
0.380556 0.192985 0.000000
0.380556 0.193274 0.000000
0.380556 0.193562 0.000000
0.380556 0.193851 0.000000
0.380556 0.194140 0.000000
0.380556 0.194428 0.000000
0.380556 0.194717 0.000000
0.380556 0.195006 0.000000
0.380556 0.195294 0.000000
0.380556 0.195583 0.000000
0.380556 0.195871 0.000000
0.380556 0.196160 0.000000
0.380556 0.196449 0.000000
0.380556 0.196737 0.000000
0.380556 0.197026 0.000000
0.380556 0.197315 0.000000
0.380556 0.197603 0.000000
0.380556 0.197892 0.000000
0.380556 0.198181 0.000000
0.380556 0.198469 0.000000
0.380556 0.198758 0.000000
0.380556 0.199047 0.000000
0.380556 0.199335 0.000000
0.380556 0.199624 0.000000
0.380556 0.199913 0.000000
0.380556 0.200201 0.000000
0.380556 0.200490 0.000000
0.380556 0.200779 0.000000
0.380556 0.201067 0.000000
0.380556 0.201356 0.000000
0.380556 0.201645 0.000000
0.380556 0.201933 0.000000
0.380556 0.202222 0.000000
0.380556 0.202511 0.000000
0.380556 0.202799 0.000000
0.380556 0.203088 0.000000
0.380556 0.203377 0.000000
0.380556 0.203665 0.000000
0.380556 0.203954 0.000000
0.380556 0.204243 0.000000
0.380556 0.204531 0.000000
0.380556 0.204820 0.000000
0.380556 0.205109 0.000000
0.380556 0.205397 0.000000
0.380556 0.205686 0.000000
0.380556 0.205975 0.000000
0.380556 0.206263 0.000000
0.380556 0.206552 0.000000
0.380556 0.206841 0.000000
0.380556 0.207129 0.000000
0.380556 0.207418 0.000000
0.380556 0.207706 0.000000
0.380556 0.207995 0.000000
0.380556 0.208284 0.000000
0.380556 0.208572 0.000000
0.380556 0.208861 0.000000
0.380556 0.209150 0.000000
0.380556 0.209438 0.000000
0.380556 0.209727 0.000000
0.380556 0.210016 0.000000
0.380556 0.210304 0.000000
0.380556 0.210593 0.000000
0.380556 0.210882 0.000000
0.380556 0.211170 0.000000
0.380556 0.211459 0.000000
0.380556 0.211748 0.000000
0.380556 0.212036 0.000000
0.380556 0.212325 0.000000
0.380556 0.212614 0.000000
0.380556 0.212902 0.000000
0.380556 0.213191 0.000000
0.380556 0.213480 0.000000
0.380556 0.213768 0.000000
0.380556 0.214057 0.000000
0.380556 0.214346 0.000000
0.380556 0.214634 0.000000
0.380556 0.214923 0.000000
0.380556 0.215212 0.000000
0.380556 0.215500 0.000000
0.380556 0.215789 0.000000
0.380556 0.216078 0.000000
0.380556 0.216366 0.000000
0.380556 0.216655 0.000000
0.380556 0.216944 0.000000
0.380556 0.217232 0.000000
0.380556 0.217521 0.000000
0.380556 0.217810 0.000000
0.380556 0.218098 0.000000
0.380556 0.218387 0.000000
0.380556 0.218675 0.000000
0.380556 0.218964 0.000000
0.380556 0.219253 0.000000
0.380556 0.219541 0.000000
0.380556 0.219830 0.000000
0.380556 0.220119 0.000000
0.380556 0.220407 0.000000
0.380556 0.220696 0.000000
0.380556 0.220985 0.000000
0.380556 0.221273 0.000000
0.380556 0.221562 0.000000
0.380556 0.221851 0.000000
0.380556 0.222139 0.000000
0.380556 0.222428 0.000000
0.380556 0.222717 0.000000
0.380556 0.223005 0.000000
0.380556 0.223294 0.000000
0.380556 0.223583 0.000000
0.380556 0.223871 0.000000
0.380556 0.224160 0.000000
0.380556 0.224449 0.000000
0.380556 0.224737 0.000000
0.380556 0.225026 0.000000
0.380556 0.225315 0.000000
0.380556 0.225603 0.000000
0.380556 0.225892 0.000000
0.380556 0.226181 0.000000
0.380556 0.226469 0.000000
0.380556 0.226758 0.000000
0.380556 0.227047 0.000000
0.380556 0.227335 0.000000
0.380556 0.227624 0.000000
0.380556 0.227913 0.000000
0.380556 0.228201 0.000000
0.380556 0.228490 0.000000
0.380556 0.228779 0.000000
0.380556 0.229067 0.000000
0.380556 0.229356 0.000000
0.380556 0.229645 0.000000
0.380556 0.229933 0.000000
0.380556 0.230222 0.000000
0.380556 0.230510 0.000000
0.380556 0.230799 0.000000
0.380556 0.231088 0.000000
0.380556 0.231376 0.000000
0.380556 0.231665 0.000000
0.380556 0.231954 0.000000
0.380556 0.232242 0.000000
0.380556 0.232531 0.000000
0.380556 0.232820 0.000000
0.380556 0.233108 0.000000
0.380556 0.233397 0.000000
0.380556 0.233686 0.000000
0.380556 0.233974 0.000000
0.380556 0.234263 0.000000
0.380556 0.234552 0.000000
0.380556 0.234840 0.000000
0.380556 0.235129 0.000000
0.380556 0.235418 0.000000
0.380556 0.235706 0.000000
0.380556 0.235995 0.000000
0.380556 0.236284 0.000000
0.380556 0.236572 0.000000
0.380556 0.236861 0.000000
0.380556 0.237150 0.000000
0.380556 0.237438 0.000000
0.380556 0.237727 0.000000
0.380556 0.238016 0.000000
0.380556 0.238304 0.000000
0.380556 0.238593 0.000000
0.380556 0.238882 0.000000
0.380556 0.239170 0.000000
0.380556 0.239459 0.000000
0.380556 0.239748 0.000000
0.380556 0.240036 0.000000
0.380556 0.240325 0.000000
0.380556 0.240614 0.000000
0.380556 0.240902 0.000000
0.380556 0.241191 0.000000
0.380556 0.241479 0.000000
0.380556 0.241768 0.000000
0.380556 0.242057 0.000000
0.380556 0.242345 0.000000
0.380556 0.242634 0.000000
0.380556 0.242923 0.000000
0.380556 0.243211 0.000000
0.380556 0.243500 0.000000
0.380556 0.243789 0.000000
0.380556 0.244077 0.000000
0.380556 0.244366 0.000000
0.380556 0.244655 0.000000
0.380556 0.244943 0.000000
0.380556 0.245232 0.000000
0.380556 0.245521 0.000000
0.380556 0.245809 0.000000
0.380556 0.246098 0.000000
0.380556 0.246387 0.000000
0.380556 0.246675 0.000000
0.380556 0.246964 0.000000
0.380556 0.247253 0.000000
0.380556 0.247541 0.000000
0.380556 0.247830 0.000000
0.380556 0.248119 0.000000
0.380556 0.248407 0.000000
0.380556 0.248696 0.000000
0.380556 0.248985 0.000000
0.380556 0.249273 0.000000
0.380556 0.249562 0.000000
0.380556 0.249851 0.000000
0.380556 0.250139 0.000000
0.380556 0.250428 0.000000
0.380556 0.250717 0.000000
0.380556 0.251005 0.000000
0.380556 0.251294 0.000000
0.380556 0.251583 0.000000
0.380556 0.251871 0.000001
0.380556 0.252160 0.000001
0.380556 0.252449 0.000001
0.380556 0.252737 0.000001
0.380556 0.253026 0.000001
0.380556 0.253314 0.000001
0.380556 0.253603 0.000001
0.380556 0.253892 0.000002
0.380556 0.254180 0.000002
0.380556 0.254469 0.000002
0.380556 0.254758 0.000003
0.380556 0.255046 0.000003
0.380556 0.255335 0.000004
0.380557 0.255624 0.000004
0.380557 0.255912 0.000005
0.380557 0.256201 0.000006
0.380557 0.256490 0.000007
0.380558 0.256778 0.000008
0.380558 0.257067 0.000010
0.380558 0.257356 0.000011
0.380559 0.257644 0.000013
0.380560 0.257933 0.000015
0.380560 0.258222 0.000018
0.380561 0.258510 0.000021
0.380562 0.258799 0.000025
0.380563 0.259088 0.000029
0.380564 0.259376 0.000034
0.380566 0.259665 0.000040
0.380568 0.259954 0.000047
0.380570 0.260242 0.000056
0.380573 0.260531 0.000065
0.380575 0.260820 0.000076
0.380579 0.261108 0.000090
0.380583 0.261397 0.000105
0.380588 0.261686 0.000123
0.380593 0.261974 0.000144
0.380600 0.262263 0.000169
0.380608 0.262552 0.000198
0.380617 0.262840 0.000232
0.380627 0.263129 0.000272
0.380639 0.263418 0.000318
0.380654 0.263706 0.000373
0.380671 0.263995 0.000436
0.380691 0.264283 0.000511
0.380714 0.264572 0.000598
0.380741 0.264861 0.000700
0.380773 0.265149 0.000819
0.380810 0.265438 0.000958
0.380853 0.265727 0.001121
0.380904 0.266015 0.001311
0.380964 0.266304 0.001533
0.381033 0.266593 0.001792
0.381115 0.266881 0.002095
0.381209 0.267170 0.002448
0.381320 0.267459 0.002859
0.381450 0.267747 0.003339
0.381600 0.268036 0.003898
0.381776 0.268325 0.004549
0.381981 0.268613 0.005305
0.382219 0.268902 0.006184
0.382495 0.269191 0.007204
0.382815 0.269479 0.008386
0.383187 0.269768 0.009754
0.383616 0.270057 0.011333
0.384112 0.270345 0.013154
0.384682 0.270634 0.015248
0.385337 0.270923 0.017650
0.386087 0.271211 0.020396
0.386943 0.271500 0.023526
0.387915 0.271789 0.027080
0.389016 0.272077 0.031096
0.390255 0.272366 0.035613
0.391643 0.272655 0.040665
0.393188 0.272943 0.046284
0.394897 0.273232 0.052489
0.396774 0.273521 0.059295
0.398818 0.273809 0.066699
0.401028 0.274098 0.074689
0.403394 0.274387 0.083233
0.405904 0.274675 0.092286
0.408543 0.274964 0.101785
0.411288 0.275253 0.111653
0.414116 0.275541 0.121800
0.417000 0.275830 0.132127
0.419911 0.276118 0.142531
0.422820 0.276407 0.152906
0.425699 0.276696 0.163152
0.428522 0.276984 0.173172
0.431264 0.277273 0.182884
0.433907 0.277562 0.192213
0.436432 0.277850 0.201102
0.438827 0.278139 0.209505
0.441084 0.278428 0.217393
0.443196 0.278716 0.224747
0.445162 0.279005 0.231562
0.446983 0.279294 0.237841
0.448661 0.279582 0.243597
0.450201 0.279871 0.248849
0.451610 0.280160 0.253621
0.452894 0.280448 0.257940
0.454063 0.280737 0.261836
0.455123 0.281026 0.265339
0.456083 0.281314 0.268480
0.456952 0.281603 0.271290
0.457737 0.281892 0.273798
0.458446 0.282180 0.276032
0.459087 0.282469 0.278019
0.459666 0.282758 0.279783
0.460190 0.283046 0.281347
0.460663 0.283335 0.282732
0.461092 0.283624 0.283957
0.461482 0.283912 0.285039
0.461836 0.284201 0.285995
0.462158 0.284490 0.286838
0.462453 0.284778 0.287582
0.462722 0.285067 0.288237
0.462970 0.285356 0.288814
0.463199 0.285644 0.289322
0.463410 0.285933 0.289769
0.463606 0.286222 0.290162
0.463789 0.286510 0.290507
0.463960 0.286799 0.290811
0.464120 0.287087 0.291078
0.464272 0.287376 0.291312
0.464415 0.287665 0.291518
0.464551 0.287953 0.291698
0.464681 0.288242 0.291857
0.464805 0.288531 0.291996
0.464925 0.288819 0.292118
0.465040 0.289108 0.292225
0.465152 0.289397 0.292318
0.465260 0.289685 0.292401
0.465365 0.289974 0.292473
0.465468 0.290263 0.292536
0.465568 0.290551 0.292591
0.465667 0.290840 0.292639
0.465764 0.291129 0.292682
0.465859 0.291417 0.292719
0.465953 0.291706 0.292751
0.466046 0.291995 0.292780
0.466137 0.292283 0.292804
0.466228 0.292572 0.292826
0.466318 0.292861 0.292845
0.466408 0.293149 0.292861
0.466496 0.293438 0.292876
0.466585 0.293727 0.292888
0.466672 0.294015 0.292899
0.466760 0.294304 0.292908
0.466847 0.294593 0.292917
0.466933 0.294881 0.292924
0.467020 0.295170 0.292930
0.467106 0.295459 0.292935
0.467192 0.295747 0.292940
0.467277 0.296036 0.292944
0.467363 0.296325 0.292947
0.467448 0.296613 0.292950
0.467534 0.296902 0.292952
0.467619 0.297191 0.292955
0.467704 0.297479 0.292956
0.467789 0.297768 0.292958
0.467874 0.298057 0.292959
0.467959 0.298345 0.292960
0.468044 0.298634 0.292961
0.468128 0.298922 0.292961
0.468213 0.299211 0.292962
0.468298 0.299500 0.292962
0.468382 0.299788 0.292962
0.468467 0.300077 0.292963
0.468552 0.300366 0.292963
0.468636 0.300654 0.292963
0.468721 0.300943 0.292963
0.468805 0.301232 0.292962
0.468890 0.301520 0.292962
0.468974 0.301809 0.292962
0.469059 0.302098 0.292962
0.469143 0.302386 0.292962
0.469228 0.302675 0.292961
0.469312 0.302964 0.292961
0.469397 0.303252 0.292961
0.469481 0.303541 0.292960
0.469565 0.303830 0.292960
0.469650 0.304118 0.292960
0.469734 0.304407 0.292959
0.469819 0.304696 0.292959
0.469903 0.304984 0.292958
0.469988 0.305273 0.292958
0.470072 0.305562 0.292958
0.470157 0.305850 0.292957
0.470241 0.306139 0.292957
0.470325 0.306428 0.292956
0.470410 0.306716 0.292956
0.470494 0.307005 0.292956
0.470579 0.307294 0.292955
0.470663 0.307582 0.292955
0.470748 0.307871 0.292954
0.470832 0.308160 0.292954
0.470917 0.308448 0.292954
0.471001 0.308737 0.292953
0.471085 0.309026 0.292953
0.471170 0.309314 0.292952
0.471254 0.309603 0.292952
0.471339 0.309891 0.292952
0.471423 0.310180 0.292951
0.471508 0.310469 0.292951
0.471592 0.310757 0.292950
0.471677 0.311046 0.292950
0.471761 0.311335 0.292950
0.471845 0.311623 0.292949
0.471930 0.311912 0.292949
0.472014 0.312201 0.292948
0.472099 0.312489 0.292948
0.472183 0.312778 0.292948
0.472268 0.313067 0.292947
0.472352 0.313355 0.292947
0.472437 0.313644 0.292947
0.472521 0.313933 0.292946
0.472605 0.314221 0.292946
0.472690 0.314510 0.292946
0.472774 0.314799 0.292945
0.472859 0.315087 0.292945
0.472943 0.315376 0.292944
0.473028 0.315665 0.292944
0.473112 0.315953 0.292944
0.473197 0.316242 0.292943
0.473281 0.316531 0.292943
0.473365 0.316819 0.292943
0.473450 0.317108 0.292942
0.473534 0.317397 0.292942
0.473619 0.317685 0.292942
0.473703 0.317974 0.292941
0.473788 0.318263 0.292941
0.473872 0.318551 0.292941
0.473957 0.318840 0.292940
0.474041 0.319129 0.292940
0.474126 0.319417 0.292940
0.474210 0.319706 0.292940
0.474295 0.319995 0.292939
0.474379 0.320283 0.292939
0.474463 0.320572 0.292939
0.474548 0.320861 0.292938
0.474632 0.321149 0.292938
0.474717 0.321438 0.292938
0.474801 0.321726 0.292937
0.474886 0.322015 0.292937
0.474970 0.322304 0.292937
0.475055 0.322592 0.292937
0.475139 0.322881 0.292936
0.475224 0.323170 0.292936
0.475308 0.323458 0.292936
0.475393 0.323747 0.292935
0.475477 0.324036 0.292935
0.475561 0.324324 0.292935
0.475646 0.324613 0.292935
0.475730 0.324902 0.292934
0.475815 0.325190 0.292934
0.475899 0.325479 0.292934
0.475984 0.325768 0.292933
0.476068 0.326056 0.292933
0.476153 0.326345 0.292933
0.476237 0.326634 0.292933
0.476322 0.326922 0.292932
0.476406 0.327211 0.292932
0.476491 0.327500 0.292932
0.476575 0.327788 0.292932
0.476660 0.328077 0.292931
0.476744 0.328366 0.292931
0.476829 0.328654 0.292931
0.476913 0.328943 0.292931
0.476997 0.329232 0.292930
0.477082 0.329520 0.292930
0.477166 0.329809 0.292930
0.477251 0.330098 0.292930
0.477335 0.330386 0.292929
0.477420 0.330675 0.292929
0.477504 0.330964 0.292929
0.477589 0.331252 0.292929
0.477673 0.331541 0.292928
0.477758 0.331830 0.292928
0.477842 0.332118 0.292928
0.477927 0.332407 0.292928
0.478011 0.332695 0.292927
0.478096 0.332984 0.292927
0.478180 0.333273 0.292927
0.478265 0.333561 0.292927
0.478349 0.333850 0.292926
0.478434 0.334139 0.292926
0.478518 0.334427 0.292926
0.478603 0.334716 0.292926
0.478687 0.335005 0.292926
0.478771 0.335293 0.292925
0.478856 0.335582 0.292925
0.478940 0.335871 0.292925
0.479025 0.336159 0.292925
0.479109 0.336448 0.292924
0.479194 0.336737 0.292924
0.479278 0.337025 0.292924
0.479363 0.337314 0.292924
0.479447 0.337603 0.292924
0.479532 0.337891 0.292923
0.479616 0.338180 0.292923
0.479701 0.338469 0.292923
0.479785 0.338757 0.292923
0.479870 0.339046 0.292923
0.479954 0.339335 0.292922
0.480039 0.339623 0.292922
0.480123 0.339912 0.292922
0.480208 0.340201 0.292922
0.480292 0.340489 0.292922
0.480377 0.340778 0.292921
0.480461 0.341067 0.292921
0.480546 0.341355 0.292921
0.480630 0.341644 0.292921
0.480715 0.341933 0.292921
0.480799 0.342221 0.292920
0.480884 0.342510 0.292920
0.480968 0.342799 0.292920
0.481053 0.343087 0.292920
0.481137 0.343376 0.292920
0.481222 0.343665 0.292919
0.481306 0.343953 0.292919
0.481391 0.344242 0.292919
0.481475 0.344530 0.292919
0.481560 0.344819 0.292919
0.481644 0.345108 0.292918
0.481729 0.345396 0.292918
0.481813 0.345685 0.292918
0.481897 0.345974 0.292918
0.481982 0.346262 0.292918
0.482066 0.346551 0.292918
0.482151 0.346840 0.292917
0.482235 0.347128 0.292917
0.482320 0.347417 0.292917
0.482404 0.347706 0.292917
0.482489 0.347994 0.292917
0.482573 0.348283 0.292917
0.482658 0.348572 0.292916
0.482742 0.348860 0.292916
0.482827 0.349149 0.292916
0.482911 0.349438 0.292916
0.482996 0.349726 0.292916
0.483080 0.350015 0.292916
0.483165 0.350304 0.292915
0.483249 0.350592 0.292915
0.483334 0.350881 0.292915
0.483418 0.351170 0.292915
0.483503 0.351458 0.292915
0.483587 0.351747 0.292915
0.483672 0.352036 0.292914
0.483756 0.352324 0.292914
0.483841 0.352613 0.292914
0.483925 0.352902 0.292914
0.484010 0.353190 0.292914
0.484094 0.353479 0.292914
0.484179 0.353768 0.292913
0.484263 0.354056 0.292913
0.484348 0.354345 0.292913
0.484432 0.354634 0.292913
0.484517 0.354922 0.292913
0.484601 0.355211 0.292913
0.484686 0.355499 0.292912
0.484770 0.355788 0.292912
0.484855 0.356077 0.292912
0.484939 0.356365 0.292912
0.485024 0.356654 0.292912
0.485108 0.356943 0.292912
0.485193 0.357231 0.292912
0.485277 0.357520 0.292911
0.485362 0.357809 0.292911
0.485446 0.358097 0.292911
0.485531 0.358386 0.292911
0.485615 0.358675 0.292911
0.485700 0.358963 0.292911
0.485784 0.359252 0.292911
0.485869 0.359541 0.292910
0.485953 0.359829 0.292910
0.486038 0.360118 0.292910
0.486122 0.360407 0.292910
0.486207 0.360695 0.292910
0.486291 0.360984 0.292910
0.486376 0.361273 0.292910
0.486460 0.361561 0.292909
0.486545 0.361850 0.292909
0.486629 0.362139 0.292909
0.486714 0.362427 0.292909
0.486798 0.362716 0.292909
0.486883 0.363005 0.292909
0.486967 0.363293 0.292909
0.487052 0.363582 0.292908
0.487136 0.363871 0.292908
0.487221 0.364159 0.292908
0.487305 0.364448 0.292908
0.487390 0.364737 0.292908
0.487474 0.365025 0.292908
0.487559 0.365314 0.292908
0.487643 0.365603 0.292908
0.487728 0.365891 0.292907
0.487812 0.366180 0.292907
0.487897 0.366469 0.292907
0.487981 0.366757 0.292907
0.488066 0.367046 0.292907
0.488150 0.367334 0.292907
0.488235 0.367623 0.292907
0.488319 0.367912 0.292907
0.488404 0.368200 0.292906
0.488488 0.368489 0.292906
0.488573 0.368778 0.292906
0.488657 0.369066 0.292906
0.488742 0.369355 0.292906
0.488826 0.369644 0.292906
0.488911 0.369932 0.292906
0.488995 0.370221 0.292906
0.489080 0.370510 0.292905
0.489164 0.370798 0.292905
0.489249 0.371087 0.292905
0.489333 0.371376 0.292905
0.489418 0.371664 0.292905
0.489502 0.371953 0.292905
0.489587 0.372242 0.292905
0.489671 0.372530 0.292905
0.489756 0.372819 0.292904
0.489840 0.373108 0.292904
0.489925 0.373396 0.292904
0.490009 0.373685 0.292904
0.490094 0.373974 0.292904
0.490178 0.374262 0.292904
0.490263 0.374551 0.292904
0.490347 0.374840 0.292904
0.490432 0.375128 0.292904
0.490516 0.375417 0.292903
0.490601 0.375706 0.292903
0.490685 0.375994 0.292903
0.490770 0.376283 0.292903
0.490854 0.376572 0.292903
0.490939 0.376860 0.292903
0.491024 0.377149 0.292903
0.491108 0.377438 0.292903
0.491193 0.377726 0.292903
0.491277 0.378015 0.292902
0.491362 0.378303 0.292902
0.491446 0.378592 0.292902
0.491531 0.378881 0.292902
0.491615 0.379169 0.292902
0.491700 0.379458 0.292902
0.491784 0.379747 0.292902
0.491869 0.380035 0.292902
0.491953 0.380324 0.292902
0.492038 0.380613 0.292902
0.492122 0.380901 0.292901
0.492207 0.381190 0.292901
0.492291 0.381479 0.292901
0.492376 0.381767 0.292901
0.492460 0.382056 0.292901
0.492545 0.382345 0.292901
0.492629 0.382633 0.292901
0.492714 0.382922 0.292901
0.492798 0.383211 0.292901
0.492883 0.383499 0.292901
0.492967 0.383788 0.292900
0.493052 0.384077 0.292900
0.493136 0.384365 0.292900
0.493221 0.384654 0.292900
0.493305 0.384943 0.292900
0.493390 0.385231 0.292900
0.493474 0.385520 0.292900
0.493559 0.385809 0.292900
0.493643 0.386097 0.292900
0.493728 0.386386 0.292900
0.493812 0.386675 0.292899
0.493897 0.386963 0.292899
0.493981 0.387252 0.292899
0.494066 0.387541 0.292899
0.494150 0.387829 0.292899
0.494235 0.388118 0.292899
0.494319 0.388407 0.292899
0.494404 0.388695 0.292899
0.494488 0.388984 0.292899
0.494573 0.389273 0.292899
0.494657 0.389561 0.292899
0.494742 0.389850 0.292898
0.494826 0.390138 0.292898
0.494911 0.390427 0.292898
0.494995 0.390716 0.292898
0.495080 0.391004 0.292898
0.495165 0.391293 0.292898
0.495249 0.391582 0.292898
0.495334 0.391870 0.292898
0.495418 0.392159 0.292898
0.495503 0.392448 0.292898
0.495587 0.392736 0.292898
0.495672 0.393025 0.292897
0.495756 0.393314 0.292897
0.495841 0.393602 0.292897
0.495925 0.393891 0.292897
0.496010 0.394180 0.292897
0.496094 0.394468 0.292897
0.496179 0.394757 0.292897
0.496263 0.395046 0.292897
0.496348 0.395334 0.292897
0.496432 0.395623 0.292897
0.496517 0.395912 0.292897
0.496601 0.396200 0.292897
0.496686 0.396489 0.292896
0.496770 0.396778 0.292896
0.496855 0.397066 0.292896
0.496939 0.397355 0.292896
0.497024 0.397644 0.292896
0.497108 0.397932 0.292896
0.497193 0.398221 0.292896
0.497277 0.398510 0.292896
0.497362 0.398798 0.292896
0.497446 0.399087 0.292896
0.497531 0.399376 0.292896
0.497615 0.399664 0.292896
0.497700 0.399953 0.292895
0.497784 0.400242 0.292895
0.497869 0.400530 0.292895
0.497953 0.400819 0.292895
0.498038 0.401108 0.292895
0.498123 0.401396 0.292895
0.498207 0.401685 0.292895
0.498292 0.401973 0.292895
0.498376 0.402262 0.292895
0.498461 0.402551 0.292895
0.498545 0.402839 0.292895
0.498630 0.403128 0.292895
0.498714 0.403417 0.292895
0.498799 0.403705 0.292894
0.498883 0.403994 0.292894
0.498968 0.404283 0.292894
0.499052 0.404571 0.292894
0.499137 0.404860 0.292894
0.499221 0.405149 0.292894
0.499306 0.405437 0.292894
0.499390 0.405726 0.292894
0.499475 0.406015 0.292894
0.499559 0.406303 0.292894
0.499644 0.406592 0.292894
0.499728 0.406881 0.292894
0.499813 0.407169 0.292894
0.499897 0.407458 0.292894
0.499982 0.407747 0.292893
0.500066 0.408035 0.292893
0.500151 0.408324 0.292893
0.500235 0.408613 0.292893
0.500320 0.408901 0.292893
0.500404 0.409190 0.292893
0.500489 0.409479 0.292893
0.500573 0.409767 0.292893
0.500658 0.410056 0.292893
0.500743 0.410345 0.292893
0.500827 0.410633 0.292893
0.500912 0.410922 0.292893
0.500996 0.411211 0.292893
0.501081 0.411499 0.292893
0.501165 0.411788 0.292892
0.501250 0.412077 0.292892
0.501334 0.412365 0.292892
0.501419 0.412654 0.292892
0.501503 0.412942 0.292892
0.501588 0.413231 0.292892
0.501672 0.413520 0.292892
0.501757 0.413808 0.292892
0.501841 0.414097 0.292892
0.501926 0.414386 0.292892
0.502010 0.414674 0.292892
0.502095 0.414963 0.292892
0.502179 0.415252 0.292892
0.502264 0.415540 0.292892
0.502348 0.415829 0.292892
0.502433 0.416118 0.292891
0.502517 0.416406 0.292891
0.502602 0.416695 0.292891
0.502686 0.416984 0.292891
0.502771 0.417272 0.292891
0.502855 0.417561 0.292891
0.502940 0.417850 0.292891
0.503025 0.418138 0.292891
0.503109 0.418427 0.292891
0.503194 0.418716 0.292891
0.503278 0.419004 0.292891
0.503363 0.419293 0.292891
0.503447 0.419582 0.292891
0.503532 0.419870 0.292891
0.503616 0.420159 0.292891
0.503701 0.420448 0.292891
0.503785 0.420736 0.292890
0.503870 0.421025 0.292890
0.503954 0.421314 0.292890
0.504039 0.421602 0.292890
0.504123 0.421891 0.292890
0.504208 0.422180 0.292890
0.504292 0.422468 0.292890
0.504377 0.422757 0.292890
0.504461 0.423046 0.292890
0.504546 0.423334 0.292890
0.504630 0.423623 0.292890
0.504715 0.423912 0.292890
0.504799 0.424200 0.292890
0.504884 0.424489 0.292890
0.504968 0.424777 0.292890
0.505053 0.425066 0.292890
0.505138 0.425355 0.292889
0.505222 0.425643 0.292889
0.505307 0.425932 0.292889
0.505391 0.426221 0.292889
0.505476 0.426509 0.292889
0.505560 0.426798 0.292889
0.505645 0.427087 0.292889
0.505729 0.427375 0.292889
0.505814 0.427664 0.292889
0.505898 0.427953 0.292889
0.505983 0.428241 0.292889
0.506067 0.428530 0.292889
0.506152 0.428819 0.292889
0.506236 0.429107 0.292889
0.506321 0.429396 0.292889
0.506405 0.429685 0.292889
0.506490 0.429973 0.292889
0.506574 0.430262 0.292889
0.506659 0.430551 0.292888
0.506743 0.430839 0.292888
0.506828 0.431128 0.292888
0.506912 0.431417 0.292888
0.506997 0.431705 0.292888
0.507081 0.431994 0.292888
0.507166 0.432283 0.292888
0.507251 0.432571 0.292888
0.507335 0.432860 0.292888
0.507420 0.433149 0.292888
0.507504 0.433437 0.292888
0.507589 0.433726 0.292888
0.507673 0.434015 0.292888
0.507758 0.434303 0.292888
0.507842 0.434592 0.292888
0.507927 0.434881 0.292888
0.508011 0.435169 0.292888
0.508096 0.435458 0.292888
0.508180 0.435746 0.292888
0.508265 0.436035 0.292887
0.508349 0.436324 0.292887
0.508434 0.436612 0.292887
0.508518 0.436901 0.292887
0.508603 0.437190 0.292887
0.508687 0.437478 0.292887
0.508772 0.437767 0.292887
0.508856 0.438056 0.292887
0.508941 0.438344 0.292887
0.509025 0.438633 0.292887
0.509110 0.438922 0.292887
0.509195 0.439210 0.292887
0.509279 0.439499 0.292887
0.509364 0.439788 0.292887
0.509448 0.440076 0.292887
0.509533 0.440365 0.292887
0.509617 0.440654 0.292887
0.509702 0.440942 0.292887
0.509786 0.441231 0.292887
0.509871 0.441520 0.292887
0.509955 0.441808 0.292886
0.510040 0.442097 0.292886
0.510124 0.442386 0.292886
0.510209 0.442674 0.292886
0.510293 0.442963 0.292886
0.510378 0.443252 0.292886
0.510462 0.443540 0.292886
0.510547 0.443829 0.292886
0.510631 0.444118 0.292886
0.510716 0.444406 0.292886
0.510800 0.444695 0.292886
0.510885 0.444984 0.292886
0.510970 0.445272 0.292886
0.511054 0.445561 0.292886
0.511139 0.445850 0.292886
0.511223 0.446138 0.292886
0.511308 0.446427 0.292886
0.511392 0.446716 0.292886
0.511477 0.447004 0.292886
0.511561 0.447293 0.292886
0.511646 0.447581 0.292886
0.511730 0.447870 0.292886
0.511815 0.448159 0.292885
0.511899 0.448447 0.292885
0.511984 0.448736 0.292885
0.512068 0.449025 0.292885
0.512153 0.449313 0.292885
0.512237 0.449602 0.292885
0.512322 0.449891 0.292885
0.512406 0.450179 0.292885
0.512491 0.450468 0.292885
0.512575 0.450757 0.292885
0.512660 0.451045 0.292885
0.512745 0.451334 0.292885
0.512829 0.451623 0.292885
0.512914 0.451911 0.292885
0.512998 0.452200 0.292885
0.513083 0.452489 0.292885
0.513167 0.452777 0.292885
0.513252 0.453066 0.292885
0.513336 0.453355 0.292885
0.513421 0.453643 0.292885
0.513505 0.453932 0.292885
0.513590 0.454221 0.292885
0.513674 0.454509 0.292885
0.513759 0.454798 0.292884
0.513843 0.455087 0.292884
0.513928 0.455375 0.292884
0.514012 0.455664 0.292884
0.514097 0.455953 0.292884
0.514181 0.456241 0.292884
0.514266 0.456530 0.292884
0.514350 0.456819 0.292884
0.514435 0.457107 0.292884
0.514520 0.457396 0.292884
0.514604 0.457685 0.292884
0.514689 0.457973 0.292884
0.514773 0.458262 0.292884
0.514858 0.458550 0.292884
0.514942 0.458839 0.292884
0.515027 0.459128 0.292884
0.515111 0.459416 0.292884
0.515196 0.459705 0.292884
0.515280 0.459994 0.292884
0.515365 0.460282 0.292884
0.515449 0.460571 0.292884
0.515534 0.460860 0.292884
0.515618 0.461148 0.292884
0.515703 0.461437 0.292884
0.515787 0.461726 0.292884
0.515872 0.462014 0.292883
0.515956 0.462303 0.292883
0.516041 0.462592 0.292883
0.516126 0.462880 0.292883
0.516210 0.463169 0.292883
0.516295 0.463458 0.292883
0.516379 0.463746 0.292883
0.516464 0.464035 0.292883
0.516548 0.464324 0.292883
0.516633 0.464612 0.292883
0.516717 0.464901 0.292883
0.516802 0.465190 0.292883
0.516886 0.465478 0.292883
0.516971 0.465767 0.292883
0.517055 0.466056 0.292883
0.517140 0.466344 0.292883
0.517224 0.466633 0.292883
0.517309 0.466922 0.292883
0.517393 0.467210 0.292883
0.517478 0.467499 0.292883
0.517562 0.467788 0.292883
0.517647 0.468076 0.292883
0.517732 0.468365 0.292883
0.517816 0.468654 0.292883
0.517901 0.468942 0.292883
0.517985 0.469231 0.292883
0.518070 0.469520 0.292883
0.518154 0.469808 0.292882
0.518239 0.470097 0.292882
0.518323 0.470385 0.292882
0.518408 0.470674 0.292882
0.518492 0.470963 0.292882
0.518577 0.471251 0.292882
0.518661 0.471540 0.292882
0.518746 0.471829 0.292882
0.518830 0.472117 0.292882
0.518915 0.472406 0.292882
0.518999 0.472695 0.292882
0.519084 0.472983 0.292882
0.519168 0.473272 0.292882
0.519253 0.473561 0.292882
0.519338 0.473849 0.292882
0.519422 0.474138 0.292882
0.519507 0.474427 0.292882
0.519591 0.474715 0.292882
0.519676 0.475004 0.292882
0.519760 0.475293 0.292882
0.519845 0.475581 0.292882
0.519929 0.475870 0.292882
0.520014 0.476159 0.292882
0.520098 0.476447 0.292882
0.520183 0.476736 0.292882
0.520267 0.477025 0.292882
0.520352 0.477313 0.292882
0.520436 0.477602 0.292882
0.520521 0.477891 0.292882
0.520605 0.478179 0.292882
0.520690 0.478468 0.292881
0.520774 0.478757 0.292881
0.520859 0.479045 0.292881
0.520944 0.479334 0.292881
0.521028 0.479623 0.292881
0.521113 0.479911 0.292881
0.521197 0.480200 0.292881
0.521282 0.480489 0.292881
0.521366 0.480777 0.292881
0.521451 0.481066 0.292881
0.521535 0.481354 0.292881
0.521620 0.481643 0.292881
0.521704 0.481932 0.292881
0.521789 0.482220 0.292881
0.521873 0.482509 0.292881
0.521958 0.482798 0.292881
0.522042 0.483086 0.292881
0.522127 0.483375 0.292881
0.522211 0.483664 0.292881
0.522296 0.483952 0.292881
0.522380 0.484241 0.292881
0.522465 0.484530 0.292881
0.522550 0.484818 0.292881
0.522634 0.485107 0.292881
0.522719 0.485396 0.292881
0.522803 0.485684 0.292881
0.522888 0.485973 0.292881
0.522972 0.486262 0.292881
0.523057 0.486550 0.292881
0.523141 0.486839 0.292881
0.523226 0.487128 0.292881
0.523310 0.487416 0.292881
0.523395 0.487705 0.292880
0.523479 0.487994 0.292880
0.523564 0.488282 0.292880
0.523648 0.488571 0.292880
0.523733 0.488860 0.292880
0.523817 0.489148 0.292880
0.523902 0.489437 0.292880
0.523987 0.489726 0.292880
0.524071 0.490014 0.292880
0.524156 0.490303 0.292880
0.524240 0.490592 0.292880
0.524325 0.490880 0.292880
0.524409 0.491169 0.292880
0.524494 0.491458 0.292880
0.524578 0.491746 0.292880
0.524663 0.492035 0.292880
0.524747 0.492324 0.292880
0.524832 0.492612 0.292880
0.524916 0.492901 0.292880
0.525001 0.493189 0.292880
0.525085 0.493478 0.292880
0.525170 0.493767 0.292880
0.525254 0.494055 0.292880
0.525339 0.494344 0.292880
0.525424 0.494633 0.292880
0.525508 0.494921 0.292880
0.525593 0.495210 0.292880
0.525677 0.495499 0.292880
0.525762 0.495787 0.292880
0.525846 0.496076 0.292880
0.525931 0.496365 0.292880
0.526015 0.496653 0.292880
0.526100 0.496942 0.292880
0.526184 0.497231 0.292880
0.526269 0.497519 0.292880
0.526353 0.497808 0.292880
0.526438 0.498097 0.292879
0.526522 0.498385 0.292879
0.526607 0.498674 0.292879
0.526691 0.498963 0.292879
0.526776 0.499251 0.292879
0.526860 0.499540 0.292879
0.526945 0.499829 0.292879
0.527030 0.500117 0.292879
0.527114 0.500406 0.292879
0.527199 0.500695 0.292879
0.527283 0.500983 0.292879
0.527368 0.501272 0.292879
0.527452 0.501561 0.292879
0.527537 0.501849 0.292879
0.527621 0.502138 0.292879
0.527706 0.502427 0.292879
0.527790 0.502715 0.292879
0.527875 0.503004 0.292879
0.527959 0.503293 0.292879
0.528044 0.503581 0.292879
0.528128 0.503870 0.292879
0.528213 0.504158 0.292879
0.528297 0.504447 0.292879
0.528382 0.504736 0.292879
0.528467 0.505024 0.292879
0.528551 0.505313 0.292879
0.528636 0.505602 0.292879
0.528720 0.505890 0.292879
0.528805 0.506179 0.292879
0.528889 0.506468 0.292879
0.528974 0.506756 0.292879
0.529058 0.507045 0.292879
0.529143 0.507334 0.292879
0.529227 0.507622 0.292879
0.529312 0.507911 0.292879
0.529396 0.508200 0.292879
0.529481 0.508488 0.292879
0.529565 0.508777 0.292879
0.529650 0.509066 0.292879
0.529734 0.509354 0.292878
0.529819 0.509643 0.292878
0.529904 0.509932 0.292878
0.529988 0.510220 0.292878
0.530073 0.510509 0.292878
0.530157 0.510798 0.292878
0.530242 0.511086 0.292878
0.530326 0.511375 0.292878
0.530411 0.511664 0.292878
0.530495 0.511952 0.292878
0.530580 0.512241 0.292878
0.530664 0.512530 0.292878
0.530749 0.512818 0.292878
0.530833 0.513107 0.292878
0.530918 0.513396 0.292878
0.531002 0.513684 0.292878
0.531087 0.513973 0.292878
0.531171 0.514262 0.292878
0.531256 0.514550 0.292878
0.531341 0.514839 0.292878
0.531425 0.515128 0.292878
0.531510 0.515416 0.292878
0.531594 0.515705 0.292878
0.531679 0.515993 0.292878
0.531763 0.516282 0.292878
0.531848 0.516571 0.292878
0.531932 0.516859 0.292878
0.532017 0.517148 0.292878
0.532101 0.517437 0.292878
0.532186 0.517725 0.292878
0.532270 0.518014 0.292878
0.532355 0.518303 0.292878
0.532439 0.518591 0.292878
0.532524 0.518880 0.292878
0.532609 0.519169 0.292878
0.532693 0.519457 0.292878
0.532778 0.519746 0.292878
0.532862 0.520035 0.292878
0.532947 0.520323 0.292878
0.533031 0.520612 0.292878
0.533116 0.520901 0.292878
0.533200 0.521189 0.292878
0.533285 0.521478 0.292878
0.533369 0.521767 0.292878
0.533454 0.522055 0.292877
0.533538 0.522344 0.292877
0.533623 0.522633 0.292877
0.533707 0.522921 0.292877
0.533792 0.523210 0.292877
0.533876 0.523499 0.292877
0.533961 0.523787 0.292877
0.534046 0.524076 0.292877
0.534130 0.524365 0.292877
0.534215 0.524653 0.292877
0.534299 0.524942 0.292877
0.534384 0.525231 0.292877
0.534468 0.525519 0.292877
0.534553 0.525808 0.292877
0.534637 0.526097 0.292877
0.534722 0.526385 0.292877
0.534806 0.526674 0.292877
0.534891 0.526962 0.292877
0.534975 0.527251 0.292877
0.535060 0.527540 0.292877
0.535144 0.527828 0.292877
0.535229 0.528117 0.292877
0.535313 0.528406 0.292877
0.535398 0.528694 0.292877
0.535483 0.528983 0.292877
0.535567 0.529272 0.292877
0.535652 0.529560 0.292877
0.535736 0.529849 0.292877
0.535821 0.530138 0.292877
0.535905 0.530426 0.292877
0.535990 0.530715 0.292877
0.536074 0.531004 0.292877
0.536159 0.531292 0.292877
0.536243 0.531581 0.292877
0.536328 0.531870 0.292877
0.536412 0.532158 0.292877
0.536497 0.532447 0.292877
0.536581 0.532736 0.292877
0.536666 0.533024 0.292877
0.536751 0.533313 0.292877
0.536835 0.533602 0.292877
0.536920 0.533890 0.292877
0.537004 0.534179 0.292877
0.537089 0.534468 0.292877
0.537173 0.534756 0.292877
0.537258 0.535045 0.292877
0.537342 0.535334 0.292877
0.537427 0.535622 0.292877
0.537511 0.535911 0.292877
0.537596 0.536200 0.292877
0.537680 0.536488 0.292877
0.537765 0.536777 0.292876
0.537849 0.537066 0.292876
0.537934 0.537354 0.292876
0.538018 0.537643 0.292876
0.538103 0.537932 0.292876
0.538188 0.538220 0.292876
0.538272 0.538509 0.292876
0.538357 0.538797 0.292876
0.538441 0.539086 0.292876
0.538526 0.539375 0.292876
0.538610 0.539663 0.292876
0.538695 0.539952 0.292876
0.538779 0.540241 0.292876
0.538864 0.540529 0.292876
0.538948 0.540818 0.292876
0.539033 0.541107 0.292876
0.539117 0.541395 0.292876
0.539202 0.541684 0.292876
0.539286 0.541973 0.292876
0.539371 0.542261 0.292876
0.539456 0.542550 0.292876
0.539540 0.542839 0.292876
0.539625 0.543127 0.292876
0.539709 0.543416 0.292876
0.539794 0.543705 0.292876
0.539878 0.543993 0.292876
0.539963 0.544282 0.292876
0.540047 0.544571 0.292876
0.540132 0.544859 0.292876
0.540216 0.545148 0.292876
0.540301 0.545437 0.292876
0.540385 0.545725 0.292876
0.540470 0.546014 0.292876
0.540554 0.546303 0.292876
0.540639 0.546591 0.292876
0.540723 0.546880 0.292876
0.540808 0.547169 0.292876
0.540893 0.547457 0.292876
0.540977 0.547746 0.292876
0.541062 0.548035 0.292876
0.541146 0.548323 0.292876
0.541231 0.548612 0.292876
0.541315 0.548901 0.292876
0.541400 0.549189 0.292876
0.541484 0.549478 0.292876
0.541569 0.549766 0.292876
0.541653 0.550055 0.292876
0.541738 0.550344 0.292876
0.541822 0.550632 0.292876
0.541907 0.550921 0.292876
0.541991 0.551210 0.292876
0.542076 0.551498 0.292876
0.542161 0.551787 0.292876
0.542245 0.552076 0.292876
0.542330 0.552364 0.292876
0.542414 0.552653 0.292876
0.542499 0.552942 0.292876
0.542583 0.553230 0.292876
0.542668 0.553519 0.292875
0.542752 0.553808 0.292875
0.542837 0.554096 0.292875
0.542921 0.554385 0.292875
0.543006 0.554674 0.292875
0.543090 0.554962 0.292875
0.543175 0.555251 0.292875
0.543259 0.555540 0.292875
0.543344 0.555828 0.292875
0.543429 0.556117 0.292875
0.543513 0.556406 0.292875
0.543598 0.556694 0.292875
0.543682 0.556983 0.292875
0.543767 0.557272 0.292875
0.543851 0.557560 0.292875
0.543936 0.557849 0.292875
0.544020 0.558138 0.292875
0.544105 0.558426 0.292875
0.544189 0.558715 0.292875
0.544274 0.559004 0.292875
0.544358 0.559292 0.292875
0.544443 0.559581 0.292875
0.544527 0.559870 0.292875
0.544612 0.560158 0.292875
0.544696 0.560447 0.292875
0.544781 0.560736 0.292875
0.544866 0.561024 0.292875
0.544950 0.561313 0.292875
0.545035 0.561601 0.292875
0.545119 0.561890 0.292875
0.545204 0.562179 0.292875
0.545288 0.562467 0.292875
0.545373 0.562756 0.292875
0.545457 0.563045 0.292875
0.545542 0.563333 0.292875
0.545626 0.563622 0.292875
0.545711 0.563911 0.292875
0.545795 0.564199 0.292875
0.545880 0.564488 0.292875
0.545964 0.564777 0.292875
0.546049 0.565065 0.292875
0.546134 0.565354 0.292875
0.546218 0.565643 0.292875
0.546303 0.565931 0.292875
0.546387 0.566220 0.292875
0.546472 0.566509 0.292875
0.546556 0.566797 0.292875
0.546641 0.567086 0.292875
0.546725 0.567375 0.292875
0.546810 0.567663 0.292875
0.546894 0.567952 0.292875
0.546979 0.568241 0.292875
0.547063 0.568529 0.292875
0.547148 0.568818 0.292875
0.547232 0.569107 0.292875
0.547317 0.569395 0.292875
0.547402 0.569684 0.292875
0.547486 0.569973 0.292875
0.547571 0.570261 0.292875
0.547655 0.570550 0.292875
0.547740 0.570839 0.292875
0.547824 0.571127 0.292875
0.547909 0.571416 0.292875
0.547993 0.571705 0.292875
0.548078 0.571993 0.292875
0.548162 0.572282 0.292875
0.548247 0.572570 0.292875
0.548331 0.572859 0.292875
0.548416 0.573148 0.292874
0.548500 0.573436 0.292874
0.548585 0.573725 0.292874
0.548670 0.574014 0.292874
0.548754 0.574302 0.292874
0.548839 0.574591 0.292874
0.548923 0.574880 0.292874
0.549008 0.575168 0.292874
0.549092 0.575457 0.292874
0.549177 0.575746 0.292874
0.549261 0.576034 0.292874
0.549346 0.576323 0.292874
0.549430 0.576612 0.292874
0.549515 0.576900 0.292874
0.549599 0.577189 0.292874
0.549684 0.577478 0.292874
0.549768 0.577766 0.292874
0.549853 0.578055 0.292874
0.549938 0.578344 0.292874
0.550022 0.578632 0.292874
0.550107 0.578921 0.292874
0.550191 0.579210 0.292874
0.550276 0.579498 0.292874
0.550360 0.579787 0.292874
0.550445 0.580076 0.292874
0.550529 0.580364 0.292874
0.550614 0.580653 0.292874
0.550698 0.580942 0.292874
0.550783 0.581230 0.292874
0.550867 0.581519 0.292874
0.550952 0.581808 0.292874
0.551036 0.582096 0.292874
0.551121 0.582385 0.292874
0.551206 0.582674 0.292874
0.551290 0.582962 0.292874
0.551375 0.583251 0.292874
0.551459 0.583540 0.292874
0.551544 0.583828 0.292874
0.551628 0.584117 0.292874
0.551713 0.584405 0.292874
0.551797 0.584694 0.292874
0.551882 0.584983 0.292874
0.551966 0.585271 0.292874
0.552051 0.585560 0.292874
0.552135 0.585849 0.292874
0.552220 0.586137 0.292874
0.552304 0.586426 0.292874
0.552389 0.586715 0.292874
0.552474 0.587003 0.292874
0.552558 0.587292 0.292874
0.552643 0.587581 0.292874
0.552727 0.587869 0.292874
0.552812 0.588158 0.292874
0.552896 0.588447 0.292874
0.552981 0.588735 0.292874
0.553065 0.589024 0.292874
0.553150 0.589313 0.292874
0.553234 0.589601 0.292874
0.553319 0.589890 0.292874
0.553403 0.590179 0.292874
0.553488 0.590467 0.292874
0.553572 0.590756 0.292874
0.553657 0.591045 0.292874
0.553742 0.591333 0.292874
0.553826 0.591622 0.292874
0.553911 0.591911 0.292874
0.553995 0.592199 0.292874
0.554080 0.592488 0.292874
0.554164 0.592777 0.292874
0.554249 0.593065 0.292874
0.554333 0.593354 0.292874
0.554418 0.593643 0.292874
0.554502 0.593931 0.292874
0.554587 0.594220 0.292874
0.554671 0.594509 0.292874
0.554756 0.594797 0.292874
0.554840 0.595086 0.292874
0.554925 0.595374 0.292874
0.555010 0.595663 0.292874
0.555094 0.595952 0.292874
0.555179 0.596240 0.292874
0.555263 0.596529 0.292873
0.555348 0.596818 0.292873
0.555432 0.597106 0.292873
0.555517 0.597395 0.292873
0.555601 0.597684 0.292873
0.555686 0.597972 0.292873
0.555770 0.598261 0.292873
0.555855 0.598550 0.292873
0.555939 0.598838 0.292873
0.556024 0.599127 0.292873
0.556108 0.599416 0.292873
0.556193 0.599704 0.292873
0.556278 0.599993 0.292873
0.556362 0.600282 0.292873
0.556447 0.600570 0.292873
0.556531 0.600859 0.292873
0.556616 0.601148 0.292873
0.556700 0.601436 0.292873
0.556785 0.601725 0.292873
0.556869 0.602014 0.292873
0.556954 0.602302 0.292873
0.557038 0.602591 0.292873
0.557123 0.602880 0.292873
0.557207 0.603168 0.292873
0.557292 0.603457 0.292873
0.557376 0.603746 0.292873
0.557461 0.604034 0.292873
0.557546 0.604323 0.292873
0.557630 0.604612 0.292873
0.557715 0.604900 0.292873
0.557799 0.605189 0.292873
0.557884 0.605478 0.292873
0.557968 0.605766 0.292873
0.558053 0.606055 0.292873
0.558137 0.606344 0.292873
0.558222 0.606632 0.292873
0.558306 0.606921 0.292873
0.558391 0.607209 0.292873
0.558475 0.607498 0.292873
0.558560 0.607787 0.292873
0.558644 0.608075 0.292873
0.558729 0.608364 0.292873
0.558814 0.608653 0.292873
0.558898 0.608941 0.292873
0.558983 0.609230 0.292873
0.559067 0.609519 0.292873
0.559152 0.609807 0.292873
0.559236 0.610096 0.292873
0.559321 0.610385 0.292873
0.559405 0.610673 0.292873
0.559490 0.610962 0.292873
0.559574 0.611251 0.292873
0.559659 0.611539 0.292873
0.559743 0.611828 0.292873
0.559828 0.612117 0.292873
0.559912 0.612405 0.292873
0.559997 0.612694 0.292873
0.560082 0.612983 0.292873
0.560166 0.613271 0.292873
0.560251 0.613560 0.292873
0.560335 0.613849 0.292873
0.560420 0.614137 0.292873
0.560504 0.614426 0.292873
0.560589 0.614715 0.292873
0.560673 0.615003 0.292873
0.560758 0.615292 0.292873
0.560842 0.615581 0.292873
0.560927 0.615869 0.292873
0.561011 0.616158 0.292873
0.561096 0.616447 0.292873
0.561181 0.616735 0.292873
0.561265 0.617024 0.292873
0.561350 0.617313 0.292873
0.561434 0.617601 0.292873
0.561519 0.617890 0.292873
0.561603 0.618178 0.292873
0.561688 0.618467 0.292873
0.561772 0.618756 0.292873
0.561857 0.619044 0.292873
0.561941 0.619333 0.292873
0.562026 0.619622 0.292873
0.562110 0.619910 0.292873
0.562195 0.620199 0.292873
0.562279 0.620488 0.292873
0.562364 0.620776 0.292873
0.562449 0.621065 0.292873
0.562533 0.621354 0.292873
0.562618 0.621642 0.292873
0.562702 0.621931 0.292873
0.562787 0.622220 0.292873
0.562871 0.622508 0.292873
0.562956 0.622797 0.292873
0.563040 0.623086 0.292873
0.563125 0.623374 0.292873
0.563209 0.623663 0.292873
0.563294 0.623952 0.292873
0.563378 0.624240 0.292873
0.563463 0.624529 0.292873
0.563547 0.624818 0.292873
0.563632 0.625106 0.292873
0.563717 0.625395 0.292873
0.563801 0.625684 0.292873
0.563886 0.625972 0.292872
0.563970 0.626261 0.292872
0.564055 0.626550 0.292872
0.564139 0.626838 0.292872
0.564224 0.627127 0.292872
0.564308 0.627416 0.292872
0.564393 0.627704 0.292872
0.564477 0.627993 0.292872
0.564562 0.628282 0.292872
0.564646 0.628570 0.292872
0.564731 0.628859 0.292872
0.564815 0.629148 0.292872
0.564900 0.629436 0.292872
0.564985 0.629725 0.292872
0.565069 0.630013 0.292872
0.565154 0.630302 0.292872
0.565238 0.630591 0.292872
0.565323 0.630879 0.292872
0.565407 0.631168 0.292872
0.565492 0.631457 0.292872
0.565576 0.631745 0.292872
0.565661 0.632034 0.292872
0.565745 0.632323 0.292872
0.565830 0.632611 0.292872
0.565914 0.632900 0.292872
0.565999 0.633189 0.292872
0.566084 0.633477 0.292872
0.566168 0.633766 0.292872
0.566253 0.634055 0.292872
0.566337 0.634343 0.292872
0.566422 0.634632 0.292872
0.566506 0.634921 0.292872
0.566591 0.635209 0.292872
0.566675 0.635498 0.292872
0.566760 0.635787 0.292872
0.566844 0.636075 0.292872
0.566929 0.636364 0.292872
0.567013 0.636653 0.292872
0.567098 0.636941 0.292872
0.567182 0.637230 0.292872
0.567267 0.637519 0.292872
0.567352 0.637807 0.292872
0.567436 0.638096 0.292872
0.567521 0.638385 0.292872
0.567605 0.638673 0.292872
0.567690 0.638962 0.292872
0.567774 0.639251 0.292872
0.567859 0.639539 0.292872
0.567943 0.639828 0.292872
0.568028 0.640117 0.292872
0.568112 0.640405 0.292872
0.568197 0.640694 0.292872
0.568281 0.640982 0.292872
0.568366 0.641271 0.292872
0.568450 0.641560 0.292872
0.568535 0.641848 0.292872
0.568620 0.642137 0.292872
0.568704 0.642426 0.292872
0.568789 0.642714 0.292872
0.568873 0.643003 0.292872
0.568958 0.643292 0.292872
0.569042 0.643580 0.292872
0.569127 0.643869 0.292872
0.569211 0.644158 0.292872
0.569296 0.644446 0.292872
0.569380 0.644735 0.292872
0.569465 0.645024 0.292872
0.569549 0.645312 0.292872
0.569634 0.645601 0.292872
0.569719 0.645890 0.292872
0.569803 0.646178 0.292872
0.569888 0.646467 0.292872
0.569972 0.646756 0.292872
0.570057 0.647044 0.292872
0.570141 0.647333 0.292872
0.570226 0.647622 0.292872
0.570310 0.647910 0.292872
0.570395 0.648199 0.292872
0.570479 0.648488 0.292872
0.570564 0.648776 0.292872
0.570648 0.649065 0.292872
0.570733 0.649354 0.292872
0.570817 0.649642 0.292872
0.570902 0.649931 0.292872
0.570987 0.650220 0.292872
0.571071 0.650508 0.292872
0.571156 0.650797 0.292872
0.571240 0.651086 0.292872
0.571325 0.651374 0.292872
0.571409 0.651663 0.292872
0.571494 0.651952 0.292872
0.571578 0.652240 0.292872
0.571663 0.652529 0.292872
0.571747 0.652817 0.292872
0.571832 0.653106 0.292872
0.571916 0.653395 0.292872
0.572001 0.653683 0.292872
0.572086 0.653972 0.292872
0.572170 0.654261 0.292872
0.572255 0.654549 0.292872
0.572339 0.654838 0.292872
0.572424 0.655127 0.292872
0.572508 0.655415 0.292872
0.572593 0.655704 0.292872
0.572677 0.655993 0.292872
0.572762 0.656281 0.292872
0.572846 0.656570 0.292872
0.572931 0.656859 0.292872
0.573015 0.657147 0.292872
0.573100 0.657436 0.292872
0.573184 0.657725 0.292872
0.573269 0.658013 0.292872
0.573354 0.658302 0.292872
0.573438 0.658591 0.292872
0.573523 0.658879 0.292872
0.573607 0.659168 0.292872
0.573692 0.659457 0.292872
0.573776 0.659745 0.292872
0.573861 0.660034 0.292872
0.573945 0.660323 0.292872
0.574030 0.660611 0.292872
0.574114 0.660900 0.292872
0.574199 0.661189 0.292872
0.574283 0.661477 0.292872
0.574368 0.661766 0.292872
0.574453 0.662055 0.292872
0.574537 0.662343 0.292872
0.574622 0.662632 0.292872
0.574706 0.662921 0.292872
0.574791 0.663209 0.292872
0.574875 0.663498 0.292872
0.574960 0.663786 0.292872
0.575044 0.664075 0.292872
0.575129 0.664364 0.292872
0.575213 0.664652 0.292872
0.575298 0.664941 0.292871
0.575382 0.665230 0.292871
0.575467 0.665518 0.292871
0.575551 0.665807 0.292871
0.575636 0.666096 0.292871
0.575721 0.666384 0.292871
0.575805 0.666673 0.292871
0.575890 0.666962 0.292871
0.575974 0.667250 0.292871
0.576059 0.667539 0.292871
0.576143 0.667828 0.292871
0.576228 0.668116 0.292871
0.576312 0.668405 0.292871
0.576397 0.668694 0.292871
0.576481 0.668982 0.292871
0.576566 0.669271 0.292871
0.576650 0.669560 0.292871
0.576735 0.669848 0.292871
0.576819 0.670137 0.292871
0.576904 0.670426 0.292871
0.576989 0.670714 0.292871
0.577073 0.671003 0.292871
0.577158 0.671292 0.292871
0.577242 0.671580 0.292871
0.577327 0.671869 0.292871
0.577411 0.672158 0.292871
0.577496 0.672446 0.292871
0.577580 0.672735 0.292871
0.577665 0.673024 0.292871
0.577749 0.673312 0.292871
0.577834 0.673601 0.292871
0.577918 0.673890 0.292871
0.578003 0.674178 0.292871
0.578088 0.674467 0.292871
0.578172 0.674756 0.292871
0.578257 0.675044 0.292871
0.578341 0.675333 0.292871
0.578426 0.675621 0.292871
0.578510 0.675910 0.292871
0.578595 0.676199 0.292871
0.578679 0.676487 0.292871
0.578764 0.676776 0.292871
0.578848 0.677065 0.292871
0.578933 0.677353 0.292871
0.579017 0.677642 0.292871
0.579102 0.677931 0.292871
0.579186 0.678219 0.292871
0.579271 0.678508 0.292871
0.579356 0.678797 0.292871
0.579440 0.679085 0.292871
0.579525 0.679374 0.292871
0.579609 0.679663 0.292871
0.579694 0.679951 0.292871
0.579778 0.680240 0.292871
0.579863 0.680529 0.292871
0.579947 0.680817 0.292871
0.580032 0.681106 0.292871
0.580116 0.681395 0.292871
0.580201 0.681683 0.292871
0.580285 0.681972 0.292871
0.580370 0.682261 0.292871
0.580455 0.682549 0.292871
0.580539 0.682838 0.292871
0.580624 0.683127 0.292871
0.580708 0.683415 0.292871
0.580793 0.683704 0.292871
0.580877 0.683993 0.292871
0.580962 0.684281 0.292871
0.581046 0.684570 0.292871
0.581131 0.684859 0.292871
0.581215 0.685147 0.292871
0.581300 0.685436 0.292871
0.581384 0.685725 0.292871
0.581469 0.686013 0.292871
0.581554 0.686302 0.292871
0.581638 0.686590 0.292871
0.581723 0.686879 0.292871
0.581807 0.687168 0.292871
0.581892 0.687456 0.292871
0.581976 0.687745 0.292871
0.582061 0.688034 0.292871
0.582145 0.688322 0.292871
0.582230 0.688611 0.292871
0.582314 0.688900 0.292871
0.582399 0.689188 0.292871
0.582483 0.689477 0.292871
0.582568 0.689766 0.292871
0.582652 0.690054 0.292871
0.582737 0.690343 0.292871
0.582822 0.690632 0.292871
0.582906 0.690920 0.292871
0.582991 0.691209 0.292871
0.583075 0.691498 0.292871
0.583160 0.691786 0.292871
0.583244 0.692075 0.292871
0.583329 0.692364 0.292871
0.583413 0.692652 0.292871
0.583498 0.692941 0.292871
0.583582 0.693230 0.292871
0.583667 0.693518 0.292871
0.583751 0.693807 0.292871
0.583836 0.694096 0.292871
0.583921 0.694384 0.292871
0.584005 0.694673 0.292871
0.584090 0.694962 0.292871
0.584174 0.695250 0.292871
0.584259 0.695539 0.292871
0.584343 0.695828 0.292871
0.584428 0.696116 0.292871
0.584512 0.696405 0.292871
0.584597 0.696694 0.292871
0.584681 0.696982 0.292871
0.584766 0.697271 0.292871
0.584850 0.697560 0.292871
0.584935 0.697848 0.292871
0.585019 0.698137 0.292871
0.585104 0.698425 0.292871
0.585189 0.698714 0.292871
0.585273 0.699003 0.292871
0.585358 0.699291 0.292871
0.585442 0.699580 0.292871
0.585527 0.699869 0.292871
0.585565 0.700000 0.292871
