0.540556 0.000376 0.000000
0.540556 0.000697 0.000000
0.540556 0.001003 0.000000
0.540556 0.001301 0.000000
0.540556 0.001596 0.000000
0.540556 0.001888 0.000000
0.540556 0.002179 0.000000
0.540556 0.002468 0.000000
0.540556 0.002758 0.000000
0.540556 0.003047 0.000000
0.540556 0.003336 0.000000
0.540556 0.003625 0.000000
0.540556 0.003914 0.000000
0.540556 0.004202 0.000000
0.540556 0.004491 0.000000
0.540556 0.004780 0.000000
0.540556 0.005068 0.000000
0.540556 0.005357 0.000000
0.540556 0.005646 0.000000
0.540556 0.005934 0.000000
0.540556 0.006223 0.000000
0.540556 0.006512 0.000000
0.540556 0.006800 0.000000
0.540556 0.007089 0.000000
0.540556 0.007378 0.000000
0.540556 0.007666 0.000000
0.540556 0.007955 0.000000
0.540556 0.008244 0.000000
0.540556 0.008532 0.000000
0.540556 0.008821 0.000000
0.540556 0.009110 0.000000
0.540556 0.009398 0.000000
0.540556 0.009687 0.000000
0.540556 0.009976 0.000000
0.540556 0.010264 0.000000
0.540556 0.010553 0.000000
0.540556 0.010842 0.000000
0.540556 0.011130 0.000000
0.540556 0.011419 0.000000
0.540556 0.011708 0.000000
0.540556 0.011996 0.000000
0.540556 0.012285 0.000000
0.540556 0.012574 0.000000
0.540556 0.012862 0.000000
0.540556 0.013151 0.000000
0.540556 0.013439 0.000000
0.540556 0.013728 0.000000
0.540556 0.014017 0.000000
0.540556 0.014305 0.000000
0.540556 0.014594 0.000000
0.540556 0.014883 0.000000
0.540556 0.015171 0.000000
0.540556 0.015460 0.000000
0.540556 0.015749 0.000000
0.540556 0.016037 0.000000
0.540556 0.016326 0.000000
0.540556 0.016615 0.000000
0.540556 0.016903 0.000000
0.540556 0.017192 0.000000
0.540556 0.017481 0.000000
0.540556 0.017769 0.000000
0.540556 0.018058 0.000000
0.540556 0.018347 0.000000
0.540556 0.018635 0.000000
0.540556 0.018924 0.000000
0.540556 0.019213 0.000000
0.540556 0.019501 0.000000
0.540556 0.019790 0.000000
0.540556 0.020079 0.000000
0.540556 0.020367 0.000000
0.540556 0.020656 0.000000
0.540556 0.020945 0.000000
0.540556 0.021233 0.000000
0.540556 0.021522 0.000000
0.540556 0.021811 0.000000
0.540556 0.022099 0.000000
0.540556 0.022388 0.000000
0.540556 0.022677 0.000000
0.540556 0.022965 0.000000
0.540556 0.023254 0.000000
0.540556 0.023543 0.000000
0.540556 0.023831 0.000000
0.540556 0.024120 0.000000
0.540556 0.024408 0.000000
0.540556 0.024697 0.000000
0.540556 0.024986 0.000000
0.540556 0.025274 0.000000
0.540556 0.025563 0.000000
0.540556 0.025852 0.000000
0.540556 0.026140 0.000000
0.540556 0.026429 0.000000
0.540556 0.026718 0.000000
0.540556 0.027006 0.000000
0.540556 0.027295 0.000000
0.540556 0.027584 0.000000
0.540556 0.027872 0.000000
0.540556 0.028161 0.000000
0.540556 0.028450 0.000000
0.540556 0.028738 0.000000
0.540556 0.029027 0.000000
0.540556 0.029316 0.000000
0.540556 0.029604 0.000000
0.540556 0.029893 0.000000
0.540556 0.030182 0.000000
0.540556 0.030470 0.000000
0.540556 0.030759 0.000000
0.540556 0.031048 0.000000
0.540556 0.031336 0.000000
0.540556 0.031625 0.000000
0.540556 0.031914 0.000000
0.540556 0.032202 0.000000
0.540556 0.032491 0.000000
0.540556 0.032780 0.000000
0.540556 0.033068 0.000000
0.540556 0.033357 0.000000
0.540556 0.033646 0.000000
0.540556 0.033934 0.000000
0.540556 0.034223 0.000000
0.540556 0.034512 0.000000
0.540556 0.034800 0.000000
0.540556 0.035089 0.000000
0.540556 0.035378 0.000000
0.540556 0.035666 0.000000
0.540556 0.035955 0.000000
0.540556 0.036243 0.000000
0.540556 0.036532 0.000000
0.540556 0.036821 0.000000
0.540556 0.037109 0.000000
0.540556 0.037398 0.000000
0.540556 0.037687 0.000000
0.540556 0.037975 0.000000
0.540556 0.038264 0.000000
0.540556 0.038553 0.000000
0.540556 0.038841 0.000000
0.540556 0.039130 0.000000
0.540556 0.039419 0.000000
0.540556 0.039707 0.000000
0.540556 0.039996 0.000000
0.540556 0.040285 0.000000
0.540556 0.040573 0.000000
0.540556 0.040862 0.000000
0.540556 0.041151 0.000000
0.540556 0.041439 0.000000
0.540556 0.041728 0.000000
0.540556 0.042017 0.000000
0.540556 0.042305 0.000000
0.540556 0.042594 0.000000
0.540556 0.042883 0.000000
0.540556 0.043171 0.000000
0.540556 0.043460 0.000000
0.540556 0.043749 0.000000
0.540556 0.044037 0.000000
0.540556 0.044326 0.000000
0.540556 0.044615 0.000000
0.540556 0.044903 0.000000
0.540556 0.045192 0.000000
0.540556 0.045481 0.000000
0.540556 0.045769 0.000000
0.540556 0.046058 0.000000
0.540556 0.046347 0.000000
0.540556 0.046635 0.000000
0.540556 0.046924 0.000000
0.540556 0.047212 0.000000
0.540556 0.047501 0.000000
0.540556 0.047790 0.000000
0.540556 0.048078 0.000000
0.540556 0.048367 0.000000
0.540556 0.048656 0.000000
0.540556 0.048944 0.000000
0.540556 0.049233 0.000000
0.540556 0.049522 0.000000
0.540556 0.049810 0.000000
0.540556 0.050099 0.000000
0.540556 0.050388 0.000000
0.540556 0.050676 0.000000
0.540556 0.050965 0.000000
0.540556 0.051254 0.000000
0.540556 0.051542 0.000000
0.540556 0.051831 0.000000
0.540556 0.052120 0.000000
0.540556 0.052408 0.000000
0.540556 0.052697 0.000000
0.540556 0.052986 0.000000
0.540556 0.053274 0.000000
0.540556 0.053563 0.000000
0.540556 0.053852 0.000000
0.540556 0.054140 0.000000
0.540556 0.054429 0.000000
0.540556 0.054718 0.000000
0.540556 0.055006 0.000000
0.540556 0.055295 0.000000
0.540556 0.055584 0.000000
0.540556 0.055872 0.000000
0.540556 0.056161 0.000000
0.540556 0.056450 0.000000
0.540556 0.056738 0.000000
0.540556 0.057027 0.000000
0.540556 0.057316 0.000000
0.540556 0.057604 0.000000
0.540556 0.057893 0.000000
0.540556 0.058182 0.000000
0.540556 0.058470 0.000000
0.540556 0.058759 0.000000
0.540556 0.059047 0.000000
0.540556 0.059336 0.000000
0.540556 0.059625 0.000000
0.540556 0.059913 0.000000
0.540556 0.060202 0.000000
0.540556 0.060491 0.000000
0.540556 0.060779 0.000000
0.540556 0.061068 0.000000
0.540556 0.061357 0.000000
0.540556 0.061645 0.000000
0.540556 0.061934 0.000000
0.540556 0.062223 0.000000
0.540556 0.062511 0.000000
0.540556 0.062800 0.000000
0.540556 0.063089 0.000000
0.540556 0.063377 0.000000
0.540556 0.063666 0.000000
0.540556 0.063955 0.000000
0.540556 0.064243 0.000000
0.540556 0.064532 0.000000
0.540556 0.064821 0.000000
0.540556 0.065109 0.000000
0.540556 0.065398 0.000000
0.540556 0.065687 0.000000
0.540556 0.065975 0.000000
0.540556 0.066264 0.000000
0.540556 0.066553 0.000000
0.540556 0.066841 0.000000
0.540556 0.067130 0.000000
0.540556 0.067419 0.000000
0.540556 0.067707 0.000000
0.540556 0.067996 0.000000
0.540556 0.068285 0.000000
0.540556 0.068573 0.000000
0.540556 0.068862 0.000000
0.540556 0.069151 0.000000
0.540556 0.069439 0.000000
0.540556 0.069728 0.000000
0.540556 0.070017 0.000000
0.540556 0.070305 0.000000
0.540556 0.070594 0.000000
0.540556 0.070882 0.000000
0.540556 0.071171 0.000000
0.540556 0.071460 0.000000
0.540556 0.071748 0.000000
0.540556 0.072037 0.000000
0.540556 0.072326 0.000000
0.540556 0.072614 0.000000
0.540556 0.072903 0.000000
0.540556 0.073192 0.000000
0.540556 0.073480 0.000000
0.540556 0.073769 0.000000
0.540556 0.074058 0.000000
0.540556 0.074346 0.000000
0.540556 0.074635 0.000000
0.540556 0.074924 0.000000
0.540556 0.075212 0.000000
0.540556 0.075501 0.000000
0.540556 0.075790 0.000000
0.540556 0.076078 0.000000
0.540556 0.076367 0.000000
0.540556 0.076656 0.000000
0.540556 0.076944 0.000000
0.540556 0.077233 0.000000
0.540556 0.077522 0.000000
0.540556 0.077810 0.000000
0.540556 0.078099 0.000000
0.540556 0.078388 0.000000
0.540556 0.078676 0.000000
0.540556 0.078965 0.000000
0.540556 0.079254 0.000000
0.540556 0.079542 0.000000
0.540556 0.079831 0.000000
0.540556 0.080120 0.000000
0.540556 0.080408 0.000000
0.540556 0.080697 0.000000
0.540556 0.080986 0.000000
0.540556 0.081274 0.000000
0.540556 0.081563 0.000000
0.540556 0.081851 0.000000
0.540556 0.082140 0.000000
0.540556 0.082429 0.000000
0.540556 0.082717 0.000000
0.540556 0.083006 0.000000
0.540556 0.083295 0.000000
0.540556 0.083583 0.000000
0.540556 0.083872 0.000000
0.540556 0.084161 0.000000
0.540556 0.084449 0.000000
0.540556 0.084738 0.000000
0.540556 0.085027 0.000000
0.540556 0.085315 0.000000
0.540556 0.085604 0.000000
0.540556 0.085893 0.000000
0.540556 0.086181 0.000000
0.540556 0.086470 0.000000
0.540556 0.086759 0.000000
0.540556 0.087047 0.000000
0.540556 0.087336 0.000000
0.540556 0.087625 0.000000
0.540556 0.087913 0.000000
0.540556 0.088202 0.000000
0.540556 0.088491 0.000000
0.540556 0.088779 0.000000
0.540556 0.089068 0.000000
0.540556 0.089357 0.000000
0.540556 0.089645 0.000000
0.540556 0.089934 0.000000
0.540556 0.090223 0.000000
0.540556 0.090511 0.000000
0.540556 0.090800 0.000000
0.540556 0.091089 0.000000
0.540556 0.091377 0.000000
0.540556 0.091666 0.000000
0.540556 0.091955 0.000000
0.540556 0.092243 0.000000
0.540556 0.092532 0.000000
0.540556 0.092821 0.000000
0.540556 0.093109 0.000000
0.540556 0.093398 0.000000
0.540556 0.093686 0.000000
0.540556 0.093975 0.000000
0.540556 0.094264 0.000000
0.540556 0.094552 0.000000
0.540556 0.094841 0.000000
0.540556 0.095130 0.000000
0.540556 0.095418 0.000000
0.540556 0.095707 0.000000
0.540556 0.095996 0.000000
0.540556 0.096284 0.000000
0.540556 0.096573 0.000000
0.540556 0.096862 0.000000
0.540556 0.097150 0.000000
0.540556 0.097439 0.000000
0.540556 0.097728 0.000000
0.540556 0.098016 0.000000
0.540556 0.098305 0.000000
0.540556 0.098594 0.000000
0.540556 0.098882 0.000000
0.540556 0.099171 0.000000
0.540556 0.099460 0.000000
0.540556 0.099748 0.000000
0.540556 0.100037 0.000000
0.540556 0.100326 0.000000
0.540556 0.100614 0.000000
0.540556 0.100903 0.000000
0.540556 0.101192 0.000000
0.540556 0.101480 0.000000
0.540556 0.101769 0.000000
0.540556 0.102058 0.000000
0.540556 0.102346 0.000000
0.540556 0.102635 0.000000
0.540556 0.102924 0.000000
0.540556 0.103212 0.000000
0.540556 0.103501 0.000000
0.540556 0.103790 0.000000
0.540556 0.104078 0.000000
0.540556 0.104367 0.000000
0.540556 0.104655 0.000000
0.540556 0.104944 0.000000
0.540556 0.105233 0.000000
0.540556 0.105521 0.000000
0.540556 0.105810 0.000000
0.540556 0.106099 0.000000
0.540556 0.106387 0.000000
0.540556 0.106676 0.000000
0.540556 0.106965 0.000000
0.540556 0.107253 0.000000
0.540556 0.107542 0.000000
0.540556 0.107831 0.000000
0.540556 0.108119 0.000000
0.540556 0.108408 0.000000
0.540556 0.108697 0.000000
0.540556 0.108985 0.000000
0.540556 0.109274 0.000000
0.540556 0.109563 0.000000
0.540556 0.109851 0.000000
0.540556 0.110140 0.000000
0.540556 0.110429 0.000000
0.540556 0.110717 0.000000
0.540556 0.111006 0.000000
0.540556 0.111295 0.000000
0.540556 0.111583 0.000000
0.540556 0.111872 0.000000
0.540556 0.112161 0.000000
0.540556 0.112449 0.000000
0.540556 0.112738 0.000000
0.540556 0.113027 0.000000
0.540556 0.113315 0.000000
0.540556 0.113604 0.000000
0.540556 0.113893 0.000000
0.540556 0.114181 0.000000
0.540556 0.114470 0.000000
0.540556 0.114759 0.000000
0.540556 0.115047 0.000000
0.540556 0.115336 0.000000
0.540556 0.115625 0.000000
0.540556 0.115913 0.000000
0.540556 0.116202 0.000000
0.540556 0.116490 0.000000
0.540556 0.116779 0.000000
0.540556 0.117068 0.000000
0.540556 0.117356 0.000000
0.540556 0.117645 0.000000
0.540556 0.117934 0.000000
0.540556 0.118222 0.000000
0.540556 0.118511 0.000000
0.540556 0.118800 0.000000
0.540556 0.119088 0.000000
0.540556 0.119377 0.000000
0.540556 0.119666 0.000000
0.540556 0.119954 0.000000
0.540556 0.120243 0.000000
0.540556 0.120532 0.000000
0.540556 0.120820 0.000000
0.540556 0.121109 0.000000
0.540556 0.121398 0.000000
0.540556 0.121686 0.000000
0.540556 0.121975 0.000000
0.540556 0.122264 0.000000
0.540556 0.122552 0.000000
0.540556 0.122841 0.000000
0.540556 0.123130 0.000000
0.540556 0.123418 0.000000
0.540556 0.123707 0.000000
0.540556 0.123996 0.000000
0.540556 0.124284 0.000000
0.540556 0.124573 0.000000
0.540556 0.124862 0.000000
0.540556 0.125150 0.000000
0.540556 0.125439 0.000000
0.540556 0.125728 0.000000
0.540556 0.126016 0.000000
0.540556 0.126305 0.000000
0.540556 0.126594 0.000000
0.540556 0.126882 0.000000
0.540556 0.127171 0.000000
0.540556 0.127459 0.000000
0.540556 0.127748 0.000000
0.540556 0.128037 0.000000
0.540556 0.128325 0.000000
0.540556 0.128614 0.000000
0.540556 0.128903 0.000000
0.540556 0.129191 0.000000
0.540556 0.129480 0.000000
0.540556 0.129769 0.000000
0.540556 0.130057 0.000000
0.540556 0.130346 0.000000
0.540556 0.130635 0.000000
0.540556 0.130923 0.000000
0.540556 0.131212 0.000000
0.540556 0.131501 0.000000
0.540556 0.131789 0.000000
0.540556 0.132078 0.000000
0.540556 0.132367 0.000000
0.540556 0.132655 0.000000
0.540556 0.132944 0.000000
0.540556 0.133233 0.000000
0.540556 0.133521 0.000000
0.540556 0.133810 0.000000
0.540556 0.134099 0.000000
0.540556 0.134387 0.000000
0.540556 0.134676 0.000000
0.540556 0.134965 0.000000
0.540556 0.135253 0.000000
0.540556 0.135542 0.000000
0.540556 0.135831 0.000000
0.540556 0.136119 0.000000
0.540556 0.136408 0.000000
0.540556 0.136697 0.000000
0.540556 0.136985 0.000000
0.540556 0.137274 0.000000
0.540556 0.137563 0.000000
0.540556 0.137851 0.000000
0.540556 0.138140 0.000000
0.540556 0.138429 0.000000
0.540556 0.138717 0.000000
0.540556 0.139006 0.000000
0.540556 0.139294 0.000000
0.540556 0.139583 0.000000
0.540556 0.139872 0.000000
0.540556 0.140160 0.000000
0.540556 0.140449 0.000000
0.540556 0.140738 0.000000
0.540556 0.141026 0.000000
0.540556 0.141315 0.000000
0.540556 0.141604 0.000000
0.540556 0.141892 0.000000
0.540556 0.142181 0.000000
0.540556 0.142470 0.000000
0.540556 0.142758 0.000000
0.540556 0.143047 0.000000
0.540556 0.143336 0.000000
0.540556 0.143624 0.000000
0.540556 0.143913 0.000000
0.540556 0.144202 0.000000
0.540556 0.144490 0.000000
0.540556 0.144779 0.000000
0.540556 0.145068 0.000000
0.540556 0.145356 0.000000
0.540556 0.145645 0.000000
0.540556 0.145934 0.000000
0.540556 0.146222 0.000000
0.540556 0.146511 0.000000
0.540556 0.146800 0.000000
0.540556 0.147088 0.000000
0.540556 0.147377 0.000000
0.540556 0.147666 0.000000
0.540556 0.147954 0.000000
0.540556 0.148243 0.000000
0.540556 0.148532 0.000000
0.540556 0.148820 0.000000
0.540556 0.149109 0.000000
0.540556 0.149398 0.000000
0.540556 0.149686 0.000000
0.540556 0.149975 0.000000
0.540556 0.150263 0.000000
0.540556 0.150552 0.000000
0.540556 0.150841 0.000000
0.540556 0.151129 0.000000
0.540556 0.151418 0.000000
0.540556 0.151707 0.000000
0.540556 0.151995 0.000000
0.540556 0.152284 0.000000
0.540556 0.152573 0.000000
0.540556 0.152861 0.000000
0.540556 0.153150 0.000000
0.540556 0.153439 0.000000
0.540556 0.153727 0.000000
0.540556 0.154016 0.000000
0.540556 0.154305 0.000000
0.540556 0.154593 0.000000
0.540556 0.154882 0.000000
0.540556 0.155171 0.000000
0.540556 0.155459 0.000000
0.540556 0.155748 0.000000
0.540556 0.156037 0.000000
0.540556 0.156325 0.000000
0.540556 0.156614 0.000000
0.540556 0.156903 0.000000
0.540556 0.157191 0.000000
0.540556 0.157480 0.000000
0.540556 0.157769 0.000000
0.540556 0.158057 0.000000
0.540556 0.158346 0.000000
0.540556 0.158635 0.000000
0.540556 0.158923 0.000000
0.540556 0.159212 0.000000
0.540556 0.159501 0.000000
0.540556 0.159789 0.000000
0.540556 0.160078 0.000000
0.540556 0.160367 0.000000
0.540556 0.160655 0.000000
0.540556 0.160944 0.000000
0.540556 0.161233 0.000000
0.540556 0.161521 0.000000
0.540556 0.161810 0.000000
0.540556 0.162098 0.000000
0.540556 0.162387 0.000000
0.540556 0.162676 0.000000
0.540556 0.162964 0.000000
0.540556 0.163253 0.000000
0.540556 0.163542 0.000000
0.540556 0.163830 0.000000
0.540556 0.164119 0.000000
0.540556 0.164408 0.000000
0.540556 0.164696 0.000000
0.540556 0.164985 0.000000
0.540556 0.165274 0.000000
0.540556 0.165562 0.000000
0.540556 0.165851 0.000000
0.540556 0.166140 0.000000
0.540556 0.166428 0.000000
0.540556 0.166717 0.000000
0.540556 0.167006 0.000000
0.540556 0.167294 0.000000
0.540556 0.167583 0.000000
0.540556 0.167872 0.000000
0.540556 0.168160 0.000000
0.540556 0.168449 0.000000
0.540556 0.168738 0.000000
0.540556 0.169026 0.000000
0.540556 0.169315 0.000000
0.540556 0.169604 0.000000
0.540556 0.169892 0.000000
0.540556 0.170181 0.000000
0.540556 0.170470 0.000000
0.540556 0.170758 0.000000
0.540556 0.171047 0.000000
0.540556 0.171336 0.000000
0.540556 0.171624 0.000000
0.540556 0.171913 0.000000
0.540556 0.172202 0.000000
0.540556 0.172490 0.000000
0.540556 0.172779 0.000000
0.540556 0.173067 0.000000
0.540556 0.173356 0.000000
0.540556 0.173645 0.000000
0.540556 0.173933 0.000000
0.540556 0.174222 0.000000
0.540556 0.174511 0.000000
0.540556 0.174799 0.000000
0.540556 0.175088 0.000000
0.540556 0.175377 0.000000
0.540556 0.175665 0.000000
0.540556 0.175954 0.000000
0.540556 0.176243 0.000000
0.540556 0.176531 0.000000
0.540556 0.176820 0.000000
0.540556 0.177109 0.000000
0.540556 0.177397 0.000000
0.540556 0.177686 0.000000
0.540556 0.177975 0.000000
0.540556 0.178263 0.000000
0.540556 0.178552 0.000000
0.540556 0.178841 0.000000
0.540556 0.179129 0.000000
0.540556 0.179418 0.000000
0.540556 0.179707 0.000000
0.540556 0.179995 0.000000
0.540556 0.180284 0.000000
0.540556 0.180573 0.000000
0.540556 0.180861 0.000000
0.540556 0.181150 0.000000
0.540556 0.181439 0.000000
0.540556 0.181727 0.000000
0.540556 0.182016 0.000000
0.540556 0.182305 0.000000
0.540556 0.182593 0.000000
0.540556 0.182882 0.000000
0.540556 0.183171 0.000000
0.540556 0.183459 0.000000
0.540556 0.183748 0.000000
0.540556 0.184037 0.000000
0.540556 0.184325 0.000000
0.540556 0.184614 0.000000
0.540556 0.184902 0.000000
0.540556 0.185191 0.000000
0.540556 0.185480 0.000000
0.540556 0.185768 0.000000
0.540556 0.186057 0.000000
0.540556 0.186346 0.000000
0.540556 0.186634 0.000000
0.540556 0.186923 0.000000
0.540556 0.187212 0.000000
0.540556 0.187500 0.000000
0.540556 0.187789 0.000000
0.540556 0.188078 0.000000
0.540556 0.188366 0.000000
0.540556 0.188655 0.000000
0.540556 0.188944 0.000000
0.540556 0.189232 0.000000
0.540556 0.189521 0.000000
0.540556 0.189810 0.000000
0.540556 0.190098 0.000000
0.540556 0.190387 0.000000
0.540556 0.190676 0.000000
0.540556 0.190964 0.000000
0.540556 0.191253 0.000000
0.540556 0.191542 0.000000
0.540556 0.191830 0.000000
0.540556 0.192119 0.000000
0.540556 0.192408 0.000000
0.540556 0.192696 0.000000
0.540556 0.192985 0.000000
0.540556 0.193274 0.000000
0.540556 0.193562 0.000000
0.540556 0.193851 0.000000
0.540556 0.194140 0.000000
0.540556 0.194428 0.000000
0.540556 0.194717 0.000000
0.540556 0.195006 0.000000
0.540556 0.195294 0.000000
0.540556 0.195583 0.000000
0.540556 0.195871 0.000000
0.540556 0.196160 0.000000
0.540556 0.196449 0.000000
0.540556 0.196737 0.000000
0.540556 0.197026 0.000000
0.540556 0.197315 0.000000
0.540556 0.197603 0.000000
0.540556 0.197892 0.000000
0.540556 0.198181 0.000000
0.540556 0.198469 0.000000
0.540556 0.198758 0.000000
0.540556 0.199047 0.000000
0.540556 0.199335 0.000000
0.540556 0.199624 0.000000
0.540556 0.199913 0.000000
0.540556 0.200201 0.000000
0.540556 0.200490 0.000000
0.540556 0.200779 0.000000
0.540556 0.201067 0.000000
0.540556 0.201356 0.000000
0.540556 0.201645 0.000000
0.540556 0.201933 0.000000
0.540556 0.202222 0.000000
0.540556 0.202511 0.000000
0.540556 0.202799 0.000000
0.540556 0.203088 0.000000
0.540556 0.203377 0.000000
0.540556 0.203665 0.000000
0.540556 0.203954 0.000000
0.540556 0.204243 0.000000
0.540556 0.204531 0.000000
0.540556 0.204820 0.000000
0.540556 0.205109 0.000000
0.540556 0.205397 0.000000
0.540556 0.205686 0.000000
0.540556 0.205975 0.000000
0.540556 0.206263 0.000000
0.540556 0.206552 0.000000
0.540556 0.206841 0.000000
0.540556 0.207129 0.000000
0.540556 0.207418 0.000000
0.540556 0.207706 0.000000
0.540556 0.207995 0.000000
0.540556 0.208284 0.000000
0.540556 0.208572 0.000000
0.540556 0.208861 0.000000
0.540556 0.209150 0.000000
0.540556 0.209438 0.000000
0.540556 0.209727 0.000000
0.540556 0.210016 0.000000
0.540556 0.210304 0.000000
0.540556 0.210593 0.000000
0.540556 0.210882 0.000000
0.540556 0.211170 0.000000
0.540556 0.211459 0.000000
0.540556 0.211748 0.000000
0.540556 0.212036 0.000000
0.540556 0.212325 0.000000
0.540556 0.212614 0.000000
0.540556 0.212902 0.000000
0.540556 0.213191 0.000000
0.540556 0.213480 0.000000
0.540556 0.213768 0.000000
0.540556 0.214057 0.000000
0.540556 0.214346 0.000000
0.540556 0.214634 0.000000
0.540556 0.214923 0.000000
0.540556 0.215212 0.000000
0.540556 0.215500 0.000000
0.540556 0.215789 0.000000
0.540556 0.216078 0.000000
0.540556 0.216366 0.000000
0.540556 0.216655 0.000000
0.540556 0.216944 0.000000
0.540556 0.217232 0.000000
0.540556 0.217521 0.000000
0.540556 0.217810 0.000000
0.540556 0.218098 0.000000
0.540556 0.218387 0.000000
0.540556 0.218675 0.000000
0.540556 0.218964 0.000000
0.540556 0.219253 0.000000
0.540556 0.219541 0.000000
0.540556 0.219830 0.000000
0.540556 0.220119 0.000000
0.540556 0.220407 0.000000
0.540556 0.220696 0.000000
0.540556 0.220985 0.000000
0.540556 0.221273 0.000000
0.540556 0.221562 0.000000
0.540556 0.221851 0.000000
0.540556 0.222139 0.000000
0.540556 0.222428 0.000000
0.540556 0.222717 0.000000
0.540556 0.223005 0.000000
0.540556 0.223294 0.000000
0.540556 0.223583 0.000000
0.540556 0.223871 0.000000
0.540556 0.224160 0.000000
0.540556 0.224449 0.000000
0.540556 0.224737 0.000000
0.540556 0.225026 0.000000
0.540556 0.225315 0.000000
0.540556 0.225603 0.000000
0.540556 0.225892 0.000000
0.540556 0.226181 0.000000
0.540556 0.226469 0.000000
0.540556 0.226758 0.000000
0.540556 0.227047 0.000000
0.540556 0.227335 0.000000
0.540556 0.227624 0.000000
0.540556 0.227913 0.000000
0.540556 0.228201 0.000000
0.540556 0.228490 0.000000
0.540556 0.228779 0.000000
0.540556 0.229067 0.000000
0.540556 0.229356 0.000000
0.540556 0.229645 0.000000
0.540556 0.229933 0.000000
0.540556 0.230222 0.000000
0.540556 0.230510 0.000000
0.540556 0.230799 0.000000
0.540556 0.231088 0.000000
0.540556 0.231376 0.000000
0.540556 0.231665 0.000000
0.540556 0.231954 0.000000
0.540556 0.232242 0.000000
0.540556 0.232531 0.000000
0.540556 0.232820 0.000000
0.540556 0.233108 0.000000
0.540556 0.233397 0.000000
0.540556 0.233686 0.000000
0.540556 0.233974 0.000000
0.540556 0.234263 0.000000
0.540556 0.234552 0.000000
0.540556 0.234840 0.000000
0.540556 0.235129 0.000000
0.540556 0.235418 0.000000
0.540556 0.235706 0.000000
0.540556 0.235995 0.000000
0.540556 0.236284 0.000000
0.540556 0.236572 0.000000
0.540556 0.236861 0.000000
0.540556 0.237150 0.000000
0.540556 0.237438 0.000000
0.540556 0.237727 0.000000
0.540556 0.238016 0.000000
0.540556 0.238304 0.000000
0.540556 0.238593 0.000000
0.540556 0.238882 0.000000
0.540556 0.239170 0.000000
0.540556 0.239459 0.000000
0.540556 0.239748 0.000000
0.540556 0.240036 0.000000
0.540556 0.240325 0.000000
0.540556 0.240614 0.000000
0.540556 0.240902 0.000000
0.540556 0.241191 0.000000
0.540556 0.241479 0.000000
0.540556 0.241768 0.000000
0.540556 0.242057 0.000000
0.540556 0.242345 0.000000
0.540556 0.242634 0.000000
0.540556 0.242923 0.000000
0.540556 0.243211 0.000000
0.540556 0.243500 0.000000
0.540556 0.243789 0.000000
0.540556 0.244077 0.000000
0.540556 0.244366 0.000000
0.540556 0.244655 0.000000
0.540556 0.244943 0.000000
0.540556 0.245232 0.000000
0.540556 0.245521 0.000000
0.540556 0.245809 0.000000
0.540556 0.246098 0.000000
0.540556 0.246387 0.000000
0.540556 0.246675 0.000000
0.540556 0.246964 0.000000
0.540556 0.247253 0.000000
0.540556 0.247541 0.000000
0.540556 0.247830 0.000000
0.540556 0.248119 0.000000
0.540556 0.248407 0.000000
0.540556 0.248696 0.000000
0.540556 0.248985 0.000000
0.540556 0.249273 0.000000
0.540556 0.249562 0.000000
0.540556 0.249851 0.000000
0.540556 0.250139 0.000000
0.540556 0.250428 0.000000
0.540556 0.250717 0.000000
0.540556 0.251005 0.000000
0.540556 0.251294 0.000000
0.540556 0.251583 0.000000
0.540556 0.251871 0.000000
0.540556 0.252160 0.000000
0.540556 0.252449 0.000000
0.540556 0.252737 0.000000
0.540556 0.253026 0.000000
0.540556 0.253314 0.000000
0.540556 0.253603 0.000000
0.540556 0.253892 0.000000
0.540556 0.254180 0.000000
0.540556 0.254469 0.000000
0.540556 0.254758 0.000000
0.540556 0.255046 0.000000
0.540556 0.255335 0.000000
0.540556 0.255624 0.000000
0.540556 0.255912 0.000000
0.540556 0.256201 0.000000
0.540556 0.256490 0.000000
0.540556 0.256778 0.000000
0.540556 0.257067 0.000000
0.540556 0.257356 0.000000
0.540556 0.257644 0.000000
0.540556 0.257933 0.000000
0.540556 0.258222 0.000000
0.540556 0.258510 0.000000
0.540556 0.258799 0.000000
0.540556 0.259088 0.000000
0.540556 0.259376 0.000000
0.540556 0.259665 0.000000
0.540556 0.259954 0.000000
0.540556 0.260242 0.000000
0.540556 0.260531 0.000000
0.540556 0.260820 0.000000
0.540556 0.261108 0.000000
0.540556 0.261397 0.000000
0.540556 0.261686 0.000000
0.540556 0.261974 0.000000
0.540556 0.262263 0.000000
0.540556 0.262552 0.000000
0.540556 0.262840 0.000000
0.540556 0.263129 0.000000
0.540556 0.263418 0.000000
0.540556 0.263706 0.000000
0.540556 0.263995 0.000000
0.540556 0.264283 0.000000
0.540556 0.264572 0.000000
0.540556 0.264861 0.000000
0.540556 0.265149 0.000000
0.540556 0.265438 0.000000
0.540556 0.265727 0.000000
0.540556 0.266015 0.000000
0.540556 0.266304 0.000000
0.540556 0.266593 0.000000
0.540556 0.266881 0.000000
0.540556 0.267170 0.000000
0.540556 0.267459 0.000000
0.540556 0.267747 0.000000
0.540556 0.268036 0.000000
0.540556 0.268325 0.000000
0.540556 0.268613 0.000000
0.540556 0.268902 0.000000
0.540556 0.269191 0.000000
0.540556 0.269479 0.000000
0.540556 0.269768 0.000000
0.540556 0.270057 0.000000
0.540556 0.270345 0.000000
0.540556 0.270634 0.000000
0.540556 0.270923 0.000000
0.540556 0.271211 0.000000
0.540556 0.271500 0.000000
0.540556 0.271789 0.000000
0.540556 0.272077 0.000000
0.540556 0.272366 0.000000
0.540556 0.272655 0.000000
0.540556 0.272943 0.000000
0.540556 0.273232 0.000000
0.540556 0.273521 0.000000
0.540556 0.273809 0.000000
0.540556 0.274098 0.000000
0.540556 0.274387 0.000000
0.540556 0.274675 0.000000
0.540556 0.274964 0.000000
0.540556 0.275253 0.000000
0.540556 0.275541 0.000000
0.540556 0.275830 0.000000
0.540556 0.276118 0.000000
0.540556 0.276407 0.000000
0.540556 0.276696 0.000000
0.540556 0.276984 0.000000
0.540556 0.277273 0.000000
0.540556 0.277562 0.000000
0.540556 0.277850 0.000000
0.540556 0.278139 0.000000
0.540556 0.278428 0.000000
0.540556 0.278716 0.000000
0.540556 0.279005 0.000000
0.540556 0.279294 0.000000
0.540556 0.279582 0.000000
0.540556 0.279871 0.000000
0.540556 0.280160 0.000000
0.540556 0.280448 0.000000
0.540556 0.280737 0.000000
0.540556 0.281026 0.000000
0.540556 0.281314 0.000000
0.540556 0.281603 0.000000
0.540556 0.281892 0.000000
0.540556 0.282180 0.000000
0.540556 0.282469 0.000000
0.540556 0.282758 0.000000
0.540556 0.283046 0.000000
0.540556 0.283335 0.000000
0.540556 0.283624 0.000000
0.540556 0.283912 0.000000
0.540556 0.284201 0.000000
0.540556 0.284490 0.000000
0.540556 0.284778 0.000000
0.540556 0.285067 0.000000
0.540556 0.285356 0.000000
0.540556 0.285644 0.000000
0.540556 0.285933 0.000000
0.540556 0.286222 0.000000
0.540556 0.286510 0.000000
0.540556 0.286799 0.000000
0.540556 0.287087 0.000000
0.540556 0.287376 0.000000
0.540556 0.287665 0.000000
0.540556 0.287953 0.000000
0.540556 0.288242 0.000000
0.540556 0.288531 0.000000
0.540556 0.288819 0.000000
0.540556 0.289108 0.000000
0.540556 0.289397 0.000000
0.540556 0.289685 0.000000
0.540556 0.289974 0.000000
0.540556 0.290263 0.000000
0.540556 0.290551 0.000000
0.540556 0.290840 0.000000
0.540556 0.291129 0.000000
0.540556 0.291417 0.000000
0.540556 0.291706 0.000000
0.540556 0.291995 0.000000
0.540556 0.292283 0.000000
0.540556 0.292572 0.000000
0.540556 0.292861 0.000000
0.540556 0.293149 0.000000
0.540556 0.293438 0.000000
0.540556 0.293727 0.000000
0.540556 0.294015 0.000000
0.540556 0.294304 0.000000
0.540556 0.294593 0.000000
0.540556 0.294881 0.000000
0.540556 0.295170 0.000000
0.540556 0.295459 0.000000
0.540556 0.295747 0.000000
0.540556 0.296036 0.000000
0.540556 0.296325 0.000000
0.540556 0.296613 0.000000
0.540556 0.296902 0.000000
0.540556 0.297191 0.000000
0.540556 0.297479 0.000000
0.540556 0.297768 0.000000
0.540556 0.298057 0.000000
0.540556 0.298345 0.000000
0.540556 0.298634 0.000000
0.540556 0.298922 0.000000
0.540556 0.299211 0.000000
0.540556 0.299500 0.000000
0.540556 0.299788 0.000000
0.540556 0.300077 0.000000
0.540556 0.300366 0.000000
0.540556 0.300654 0.000000
0.540556 0.300943 0.000000
0.540556 0.301232 0.000000
0.540556 0.301520 0.000000
0.540556 0.301809 0.000000
0.540556 0.302098 0.000000
0.540556 0.302386 0.000000
0.540556 0.302675 0.000000
0.540556 0.302964 0.000000
0.540556 0.303252 0.000000
0.540556 0.303541 0.000000
0.540556 0.303830 0.000000
0.540556 0.304118 0.000000
0.540556 0.304407 0.000000
0.540556 0.304696 0.000000
0.540556 0.304984 0.000000
0.540556 0.305273 0.000000
0.540556 0.305562 0.000000
0.540556 0.305850 0.000000
0.540556 0.306139 0.000000
0.540556 0.306428 0.000000
0.540556 0.306716 0.000000
0.540556 0.307005 0.000000
0.540556 0.307294 0.000000
0.540556 0.307582 0.000000
0.540556 0.307871 0.000000
0.540556 0.308160 0.000000
0.540556 0.308448 0.000000
0.540556 0.308737 0.000000
0.540556 0.309026 0.000000
0.540556 0.309314 0.000000
0.540556 0.309603 0.000000
0.540556 0.309891 0.000000
0.540556 0.310180 0.000000
0.540556 0.310469 0.000000
0.540556 0.310757 0.000000
0.540556 0.311046 0.000000
0.540556 0.311335 0.000000
0.540556 0.311623 0.000000
0.540556 0.311912 0.000000
0.540556 0.312201 0.000000
0.540556 0.312489 0.000000
0.540556 0.312778 0.000000
0.540556 0.313067 0.000000
0.540556 0.313355 0.000000
0.540556 0.313644 0.000000
0.540556 0.313933 0.000000
0.540556 0.314221 0.000000
0.540556 0.314510 0.000000
0.540556 0.314799 0.000000
0.540556 0.315087 0.000000
0.540556 0.315376 0.000000
0.540556 0.315665 0.000000
0.540556 0.315953 0.000000
0.540556 0.316242 0.000000
0.540556 0.316531 0.000000
0.540556 0.316819 0.000000
0.540556 0.317108 0.000000
0.540556 0.317397 0.000000
0.540556 0.317685 0.000000
0.540556 0.317974 0.000000
0.540556 0.318263 0.000000
0.540556 0.318551 0.000000
0.540556 0.318840 0.000000
0.540556 0.319129 0.000000
0.540556 0.319417 0.000000
0.540556 0.319706 0.000000
0.540556 0.319995 0.000000
0.540556 0.320283 0.000000
0.540556 0.320572 0.000000
0.540556 0.320861 0.000000
0.540556 0.321149 0.000000
0.540556 0.321438 0.000000
0.540556 0.321726 0.000000
0.540556 0.322015 0.000000
0.540556 0.322304 0.000000
0.540556 0.322592 0.000000
0.540556 0.322881 0.000000
0.540556 0.323170 0.000000
0.540556 0.323458 0.000000
0.540556 0.323747 0.000000
0.540556 0.324036 0.000000
0.540556 0.324324 0.000000
0.540556 0.324613 0.000000
0.540556 0.324902 0.000000
0.540556 0.325190 0.000000
0.540556 0.325479 0.000000
0.540556 0.325768 0.000000
0.540556 0.326056 0.000000
0.540556 0.326345 0.000000
0.540556 0.326634 0.000000
0.540556 0.326922 0.000000
0.540556 0.327211 0.000000
0.540556 0.327500 0.000000
0.540556 0.327788 0.000000
0.540556 0.328077 0.000000
0.540556 0.328366 0.000000
0.540556 0.328654 0.000000
0.540556 0.328943 0.000000
0.540556 0.329232 0.000000
0.540556 0.329520 0.000000
0.540556 0.329809 0.000000
0.540556 0.330098 0.000000
0.540556 0.330386 0.000000
0.540556 0.330675 0.000000
0.540556 0.330964 0.000000
0.540556 0.331252 0.000000
0.540556 0.331541 0.000000
0.540556 0.331830 0.000000
0.540556 0.332118 0.000000
0.540556 0.332407 0.000000
0.540556 0.332695 0.000000
0.540556 0.332984 0.000000
0.540556 0.333273 0.000000
0.540556 0.333561 0.000000
0.540556 0.333850 0.000000
0.540556 0.334139 0.000000
0.540556 0.334427 0.000000
0.540556 0.334716 0.000000
0.540556 0.335005 0.000000
0.540556 0.335293 0.000000
0.540556 0.335582 0.000000
0.540556 0.335871 0.000000
0.540556 0.336159 0.000000
0.540556 0.336448 0.000000
0.540556 0.336737 0.000000
0.540556 0.337025 0.000000
0.540556 0.337314 0.000000
0.540556 0.337603 0.000000
0.540556 0.337891 0.000000
0.540556 0.338180 0.000000
0.540556 0.338469 0.000000
0.540556 0.338757 0.000000
0.540556 0.339046 0.000000
0.540556 0.339335 0.000000
0.540556 0.339623 0.000000
0.540556 0.339912 0.000000
0.540556 0.340201 0.000000
0.540556 0.340489 0.000000
0.540556 0.340778 0.000000
0.540556 0.341067 0.000000
0.540556 0.341355 0.000000
0.540556 0.341644 0.000000
0.540556 0.341933 0.000000
0.540556 0.342221 0.000000
0.540556 0.342510 0.000000
0.540556 0.342799 0.000000
0.540556 0.343087 0.000000
0.540556 0.343376 0.000000
0.540556 0.343665 0.000000
0.540556 0.343953 0.000000
0.540556 0.344242 0.000000
0.540556 0.344530 0.000000
0.540556 0.344819 0.000000
0.540556 0.345108 0.000000
0.540556 0.345396 0.000000
0.540556 0.345685 0.000000
0.540556 0.345974 0.000000
0.540556 0.346262 0.000000
0.540556 0.346551 0.000000
0.540556 0.346840 0.000000
0.540556 0.347128 0.000000
0.540556 0.347417 0.000000
0.540556 0.347706 0.000000
0.540556 0.347994 0.000000
0.540556 0.348283 0.000000
0.540556 0.348572 0.000000
0.540556 0.348860 0.000000
0.540556 0.349149 0.000000
0.540556 0.349438 0.000000
0.540556 0.349726 0.000000
0.540556 0.350015 0.000000
0.540556 0.350304 0.000000
0.540556 0.350592 0.000000
0.540556 0.350881 0.000000
0.540556 0.351170 0.000000
0.540556 0.351458 0.000000
0.540556 0.351747 0.000000
0.540556 0.352036 0.000000
0.540556 0.352324 0.000000
0.540556 0.352613 0.000000
0.540556 0.352902 0.000000
0.540556 0.353190 0.000000
0.540556 0.353479 0.000000
0.540556 0.353768 0.000000
0.540556 0.354056 0.000000
0.540556 0.354345 0.000000
0.540556 0.354634 0.000000
0.540556 0.354922 0.000000
0.540556 0.355211 0.000000
0.540556 0.355499 0.000000
0.540556 0.355788 0.000000
0.540556 0.356077 0.000000
0.540556 0.356365 0.000000
0.540556 0.356654 0.000000
0.540556 0.356943 0.000000
0.540556 0.357231 0.000000
0.540556 0.357520 0.000000
0.540556 0.357809 0.000000
0.540556 0.358097 0.000000
0.540556 0.358386 0.000000
0.540556 0.358675 0.000000
0.540556 0.358963 0.000000
0.540556 0.359252 0.000000
0.540556 0.359541 0.000000
0.540556 0.359829 0.000000
0.540556 0.360118 0.000000
0.540556 0.360407 0.000000
0.540556 0.360695 0.000000
0.540556 0.360984 0.000000
0.540556 0.361273 0.000000
0.540556 0.361561 0.000000
0.540556 0.361850 0.000000
0.540556 0.362139 0.000000
0.540556 0.362427 0.000000
0.540556 0.362716 0.000000
0.540556 0.363005 0.000000
0.540556 0.363293 0.000000
0.540556 0.363582 0.000000
0.540556 0.363871 0.000000
0.540556 0.364159 0.000000
0.540556 0.364448 0.000000
0.540556 0.364737 0.000000
0.540556 0.365025 0.000000
0.540556 0.365314 0.000000
0.540556 0.365603 0.000000
0.540556 0.365891 0.000000
0.540556 0.366180 0.000000
0.540556 0.366469 0.000000
0.540556 0.366757 0.000000
0.540556 0.367046 0.000000
0.540556 0.367334 0.000000
0.540556 0.367623 0.000000
0.540556 0.367912 0.000000
0.540556 0.368200 0.000001
0.540556 0.368489 0.000001
0.540556 0.368778 0.000001
0.540556 0.369066 0.000001
0.540556 0.369355 0.000001
0.540556 0.369644 0.000001
0.540556 0.369932 0.000001
0.540556 0.370221 0.000002
0.540556 0.370510 0.000002
0.540556 0.370798 0.000002
0.540556 0.371087 0.000003
0.540557 0.371376 0.000003
0.540557 0.371664 0.000003
0.540557 0.371953 0.000004
0.540557 0.372242 0.000005
0.540558 0.372530 0.000006
0.540558 0.372819 0.000007
0.540558 0.373108 0.000008
0.540559 0.373396 0.000009
0.540559 0.373685 0.000010
0.540560 0.373974 0.000012
0.540561 0.374262 0.000014
0.540562 0.374551 0.000017
0.540563 0.374840 0.000020
0.540564 0.375128 0.000023
0.540566 0.375417 0.000027
0.540567 0.375706 0.000031
0.540569 0.375994 0.000037
0.540572 0.376283 0.000043
0.540574 0.376572 0.000050
0.540578 0.376860 0.000059
0.540581 0.377149 0.000069
0.540586 0.377438 0.000080
0.540591 0.377726 0.000094
0.540597 0.378015 0.000110
0.540604 0.378303 0.000128
0.540612 0.378592 0.000150
0.540622 0.378881 0.000176
0.540633 0.379169 0.000205
0.540647 0.379458 0.000240
0.540662 0.379747 0.000281
0.540680 0.380035 0.000328
0.540701 0.380324 0.000384
0.540726 0.380613 0.000449
0.540755 0.380901 0.000524
0.540789 0.381190 0.000613
0.540829 0.381479 0.000716
0.540875 0.381767 0.000837
0.540929 0.382056 0.000979
0.540993 0.382345 0.001143
0.541067 0.382633 0.001336
0.541153 0.382922 0.001561
0.541254 0.383211 0.001823
0.541372 0.383499 0.002129
0.541510 0.383788 0.002486
0.541670 0.384077 0.002901
0.541857 0.384365 0.003386
0.542075 0.384654 0.003949
0.542328 0.384943 0.004605
0.542623 0.385231 0.005367
0.542966 0.385520 0.006252
0.543364 0.385809 0.007279
0.543825 0.386097 0.008468
0.544359 0.386386 0.009843
0.544975 0.386675 0.011430
0.545686 0.386963 0.013259
0.546504 0.387252 0.015362
0.547443 0.387541 0.017773
0.548517 0.387829 0.020528
0.549741 0.388118 0.023667
0.551132 0.388407 0.027229
0.552704 0.388695 0.031254
0.554473 0.388984 0.035779
0.556453 0.389273 0.040839
0.558656 0.389561 0.046463
0.561090 0.389850 0.052672
0.563761 0.390138 0.059480
0.566669 0.390427 0.066884
0.569809 0.390716 0.074871
0.573169 0.391004 0.083410
0.576732 0.391293 0.092455
0.580474 0.391582 0.101943
0.584365 0.391870 0.111797
0.588371 0.392159 0.121928
0.592452 0.392448 0.132237
0.596568 0.392736 0.142621
0.600679 0.393025 0.152976
0.604745 0.393314 0.163201
0.608728 0.393602 0.173201
0.612595 0.393891 0.182892
0.616317 0.394180 0.192202
0.619872 0.394468 0.201072
0.623241 0.394757 0.209459
0.626412 0.395046 0.217332
0.629377 0.395334 0.224673
0.632133 0.395623 0.231477
0.634682 0.395912 0.237747
0.637028 0.396200 0.243495
0.639179 0.396489 0.248741
0.641142 0.396778 0.253509
0.642929 0.397066 0.257825
0.644551 0.397355 0.261718
0.646019 0.397644 0.265221
0.647345 0.397932 0.268362
0.648542 0.398221 0.271173
0.649621 0.398510 0.273682
0.650591 0.398798 0.275919
0.651465 0.399087 0.277908
0.652251 0.399376 0.279674
0.652958 0.399664 0.281241
0.653594 0.399953 0.282629
0.654167 0.400242 0.283858
0.654684 0.400530 0.284944
0.655151 0.400819 0.285903
0.655573 0.401108 0.286750
0.655956 0.401396 0.287497
0.656303 0.401685 0.288155
0.656619 0.401973 0.288735
0.656908 0.402262 0.289246
0.657173 0.402551 0.289696
0.657416 0.402839 0.290092
0.657640 0.403128 0.290440
0.657848 0.403417 0.290747
0.658040 0.403705 0.291016
0.658220 0.403994 0.291253
0.658388 0.404283 0.291461
0.658546 0.404571 0.291644
0.658695 0.404860 0.291804
0.658837 0.405149 0.291945
0.658971 0.405437 0.292069
0.659100 0.405726 0.292178
0.659223 0.406015 0.292274
0.659341 0.406303 0.292357
0.659456 0.406592 0.292431
0.659566 0.406881 0.292496
0.659674 0.407169 0.292552
0.659779 0.407458 0.292602
0.659881 0.407747 0.292645
0.659981 0.408035 0.292684
0.660079 0.408324 0.292717
0.660175 0.408613 0.292746
0.660270 0.408901 0.292772
0.660364 0.409190 0.292795
0.660457 0.409479 0.292814
0.660548 0.409767 0.292832
0.660639 0.410056 0.292847
0.660729 0.410345 0.292860
0.660818 0.410633 0.292871
0.660907 0.410922 0.292882
0.660995 0.411211 0.292890
0.661083 0.411499 0.292898
0.661170 0.411788 0.292905
0.661257 0.412077 0.292910
0.661344 0.412365 0.292915
0.661430 0.412654 0.292920
0.661516 0.412942 0.292924
0.661602 0.413231 0.292927
0.661688 0.413520 0.292930
0.661773 0.413808 0.292932
0.661859 0.414097 0.292934
0.661944 0.414386 0.292936
0.662029 0.414674 0.292938
0.662114 0.414963 0.292939
0.662199 0.415252 0.292940
0.662284 0.415540 0.292941
0.662369 0.415829 0.292942
0.662454 0.416118 0.292942
0.662539 0.416406 0.292943
0.662623 0.416695 0.292943
0.662708 0.416984 0.292943
0.662793 0.417272 0.292944
0.662877 0.417561 0.292944
0.662962 0.417850 0.292944
0.663047 0.418138 0.292944
0.663131 0.418427 0.292944
0.663216 0.418716 0.292944
0.663300 0.419004 0.292944
0.663385 0.419293 0.292944
0.663469 0.419582 0.292943
0.663554 0.419870 0.292943
0.663638 0.420159 0.292943
0.663723 0.420448 0.292943
0.663807 0.420736 0.292943
0.663892 0.421025 0.292942
0.663976 0.421314 0.292942
0.664060 0.421602 0.292942
0.664145 0.421891 0.292942
0.664229 0.422180 0.292941
0.664314 0.422468 0.292941
0.664398 0.422757 0.292941
0.664483 0.423046 0.292940
0.664567 0.423334 0.292940
0.664652 0.423623 0.292940
0.664736 0.423912 0.292940
0.664820 0.424200 0.292939
0.664905 0.424489 0.292939
0.664989 0.424777 0.292939
0.665074 0.425066 0.292938
0.665158 0.425355 0.292938
0.665243 0.425643 0.292938
0.665327 0.425932 0.292938
0.665412 0.426221 0.292937
0.665496 0.426509 0.292937
0.665580 0.426798 0.292937
0.665665 0.427087 0.292936
0.665749 0.427375 0.292936
0.665834 0.427664 0.292936
0.665918 0.427953 0.292936
0.666003 0.428241 0.292935
0.666087 0.428530 0.292935
0.666171 0.428819 0.292935
0.666256 0.429107 0.292934
0.666340 0.429396 0.292934
0.666425 0.429685 0.292934
0.666509 0.429973 0.292934
0.666594 0.430262 0.292933
0.666678 0.430551 0.292933
0.666763 0.430839 0.292933
0.666847 0.431128 0.292933
0.666931 0.431417 0.292932
0.667016 0.431705 0.292932
0.667100 0.431994 0.292932
0.667185 0.432283 0.292931
0.667269 0.432571 0.292931
0.667354 0.432860 0.292931
0.667438 0.433149 0.292931
0.667523 0.433437 0.292930
0.667607 0.433726 0.292930
0.667691 0.434015 0.292930
0.667776 0.434303 0.292930
0.667860 0.434592 0.292929
0.667945 0.434881 0.292929
0.668029 0.435169 0.292929
0.668114 0.435458 0.292929
0.668198 0.435746 0.292928
0.668283 0.436035 0.292928
0.668367 0.436324 0.292928
0.668451 0.436612 0.292928
0.668536 0.436901 0.292927
0.668620 0.437190 0.292927
0.668705 0.437478 0.292927
0.668789 0.437767 0.292927
0.668874 0.438056 0.292927
0.668958 0.438344 0.292926
0.669043 0.438633 0.292926
0.669127 0.438922 0.292926
0.669212 0.439210 0.292926
0.669296 0.439499 0.292925
0.669380 0.439788 0.292925
0.669465 0.440076 0.292925
0.669549 0.440365 0.292925
0.669634 0.440654 0.292925
0.669718 0.440942 0.292924
0.669803 0.441231 0.292924
0.669887 0.441520 0.292924
0.669972 0.441808 0.292924
0.670056 0.442097 0.292923
0.670141 0.442386 0.292923
0.670225 0.442674 0.292923
0.670310 0.442963 0.292923
0.670394 0.443252 0.292923
0.670478 0.443540 0.292922
0.670563 0.443829 0.292922
0.670647 0.444118 0.292922
0.670732 0.444406 0.292922
0.670816 0.444695 0.292922
0.670901 0.444984 0.292921
0.670985 0.445272 0.292921
0.671070 0.445561 0.292921
0.671154 0.445850 0.292921
0.671239 0.446138 0.292921
0.671323 0.446427 0.292920
0.671408 0.446716 0.292920
0.671492 0.447004 0.292920
0.671576 0.447293 0.292920
0.671661 0.447581 0.292920
0.671745 0.447870 0.292919
0.671830 0.448159 0.292919
0.671914 0.448447 0.292919
0.671999 0.448736 0.292919
0.672083 0.449025 0.292919
0.672168 0.449313 0.292918
0.672252 0.449602 0.292918
0.672337 0.449891 0.292918
0.672421 0.450179 0.292918
0.672506 0.450468 0.292918
0.672590 0.450757 0.292918
0.672675 0.451045 0.292917
0.672759 0.451334 0.292917
0.672844 0.451623 0.292917
0.672928 0.451911 0.292917
0.673012 0.452200 0.292917
0.673097 0.452489 0.292916
0.673181 0.452777 0.292916
0.673266 0.453066 0.292916
0.673350 0.453355 0.292916
0.673435 0.453643 0.292916
0.673519 0.453932 0.292916
0.673604 0.454221 0.292915
0.673688 0.454509 0.292915
0.673773 0.454798 0.292915
0.673857 0.455087 0.292915
0.673942 0.455375 0.292915
0.674026 0.455664 0.292915
0.674111 0.455953 0.292914
0.674195 0.456241 0.292914
0.674280 0.456530 0.292914
0.674364 0.456819 0.292914
0.674449 0.457107 0.292914
0.674533 0.457396 0.292914
0.674618 0.457685 0.292913
0.674702 0.457973 0.292913
0.674786 0.458262 0.292913
0.674871 0.458550 0.292913
0.674955 0.458839 0.292913
0.675040 0.459128 0.292913
0.675124 0.459416 0.292913
0.675209 0.459705 0.292912
0.675293 0.459994 0.292912
0.675378 0.460282 0.292912
0.675462 0.460571 0.292912
0.675547 0.460860 0.292912
0.675631 0.461148 0.292912
0.675716 0.461437 0.292911
0.675800 0.461726 0.292911
0.675885 0.462014 0.292911
0.675969 0.462303 0.292911
0.676054 0.462592 0.292911
0.676138 0.462880 0.292911
0.676223 0.463169 0.292911
0.676307 0.463458 0.292910
0.676392 0.463746 0.292910
0.676476 0.464035 0.292910
0.676561 0.464324 0.292910
0.676645 0.464612 0.292910
0.676730 0.464901 0.292910
0.676814 0.465190 0.292910
0.676899 0.465478 0.292909
0.676983 0.465767 0.292909
0.677068 0.466056 0.292909
0.677152 0.466344 0.292909
0.677237 0.466633 0.292909
0.677321 0.466922 0.292909
0.677405 0.467210 0.292909
0.677490 0.467499 0.292909
0.677574 0.467788 0.292908
0.677659 0.468076 0.292908
0.677743 0.468365 0.292908
0.677828 0.468654 0.292908
0.677912 0.468942 0.292908
0.677997 0.469231 0.292908
0.678081 0.469520 0.292908
0.678166 0.469808 0.292907
0.678250 0.470097 0.292907
0.678335 0.470385 0.292907
0.678419 0.470674 0.292907
0.678504 0.470963 0.292907
0.678588 0.471251 0.292907
0.678673 0.471540 0.292907
0.678757 0.471829 0.292907
0.678842 0.472117 0.292906
0.678926 0.472406 0.292906
0.679011 0.472695 0.292906
0.679095 0.472983 0.292906
0.679180 0.473272 0.292906
0.679264 0.473561 0.292906
0.679349 0.473849 0.292906
0.679433 0.474138 0.292906
0.679518 0.474427 0.292905
0.679602 0.474715 0.292905
0.679687 0.475004 0.292905
0.679771 0.475293 0.292905
0.679856 0.475581 0.292905
0.679940 0.475870 0.292905
0.680025 0.476159 0.292905
0.680109 0.476447 0.292905
0.680194 0.476736 0.292904
0.680278 0.477025 0.292904
0.680363 0.477313 0.292904
0.680447 0.477602 0.292904
0.680532 0.477891 0.292904
0.680616 0.478179 0.292904
0.680701 0.478468 0.292904
0.680785 0.478757 0.292904
0.680870 0.479045 0.292904
0.680954 0.479334 0.292903
0.681039 0.479623 0.292903
0.681123 0.479911 0.292903
0.681208 0.480200 0.292903
0.681292 0.480489 0.292903
0.681377 0.480777 0.292903
0.681461 0.481066 0.292903
0.681546 0.481354 0.292903
0.681630 0.481643 0.292903
0.681715 0.481932 0.292902
0.681799 0.482220 0.292902
0.681884 0.482509 0.292902
0.681968 0.482798 0.292902
0.682053 0.483086 0.292902
0.682137 0.483375 0.292902
0.682222 0.483664 0.292902
0.682306 0.483952 0.292902
0.682391 0.484241 0.292902
0.682475 0.484530 0.292902
0.682560 0.484818 0.292901
0.682644 0.485107 0.292901
0.682729 0.485396 0.292901
0.682813 0.485684 0.292901
0.682898 0.485973 0.292901
0.682982 0.486262 0.292901
0.683067 0.486550 0.292901
0.683151 0.486839 0.292901
0.683236 0.487128 0.292901
0.683320 0.487416 0.292901
0.683405 0.487705 0.292900
0.683489 0.487994 0.292900
0.683574 0.488282 0.292900
0.683658 0.488571 0.292900
0.683743 0.488860 0.292900
0.683827 0.489148 0.292900
0.683912 0.489437 0.292900
0.683996 0.489726 0.292900
0.684081 0.490014 0.292900
0.684165 0.490303 0.292900
0.684250 0.490592 0.292899
0.684334 0.490880 0.292899
0.684419 0.491169 0.292899
0.684503 0.491458 0.292899
0.684588 0.491746 0.292899
0.684672 0.492035 0.292899
0.684757 0.492324 0.292899
0.684841 0.492612 0.292899
0.684926 0.492901 0.292899
0.685010 0.493189 0.292899
0.685095 0.493478 0.292898
0.685179 0.493767 0.292898
0.685264 0.494055 0.292898
0.685348 0.494344 0.292898
0.685433 0.494633 0.292898
0.685517 0.494921 0.292898
0.685602 0.495210 0.292898
0.685686 0.495499 0.292898
0.685771 0.495787 0.292898
0.685855 0.496076 0.292898
0.685940 0.496365 0.292898
0.686024 0.496653 0.292898
0.686109 0.496942 0.292897
0.686193 0.497231 0.292897
0.686278 0.497519 0.292897
0.686362 0.497808 0.292897
0.686447 0.498097 0.292897
0.686531 0.498385 0.292897
0.686616 0.498674 0.292897
0.686700 0.498963 0.292897
0.686785 0.499251 0.292897
0.686869 0.499540 0.292897
0.686954 0.499829 0.292897
0.687038 0.500117 0.292896
0.687123 0.500406 0.292896
0.687207 0.500695 0.292896
0.687292 0.500983 0.292896
0.687376 0.501272 0.292896
0.687461 0.501561 0.292896
0.687545 0.501849 0.292896
0.687630 0.502138 0.292896
0.687714 0.502427 0.292896
0.687799 0.502715 0.292896
0.687883 0.503004 0.292896
0.687968 0.503293 0.292896
0.688052 0.503581 0.292895
0.688137 0.503870 0.292895
0.688221 0.504158 0.292895
0.688306 0.504447 0.292895
0.688390 0.504736 0.292895
0.688475 0.505024 0.292895
0.688559 0.505313 0.292895
0.688644 0.505602 0.292895
0.688728 0.505890 0.292895
0.688813 0.506179 0.292895
0.688897 0.506468 0.292895
0.688982 0.506756 0.292895
0.689066 0.507045 0.292895
0.689151 0.507334 0.292894
0.689235 0.507622 0.292894
0.689320 0.507911 0.292894
0.689404 0.508200 0.292894
0.689489 0.508488 0.292894
0.689573 0.508777 0.292894
0.689658 0.509066 0.292894
0.689742 0.509354 0.292894
0.689827 0.509643 0.292894
0.689911 0.509932 0.292894
0.689996 0.510220 0.292894
0.690080 0.510509 0.292894
0.690165 0.510798 0.292894
0.690249 0.511086 0.292894
0.690334 0.511375 0.292893
0.690418 0.511664 0.292893
0.690503 0.511952 0.292893
0.690587 0.512241 0.292893
0.690672 0.512530 0.292893
0.690756 0.512818 0.292893
0.690841 0.513107 0.292893
0.690925 0.513396 0.292893
0.691010 0.513684 0.292893
0.691095 0.513973 0.292893
0.691179 0.514262 0.292893
0.691264 0.514550 0.292893
0.691348 0.514839 0.292893
0.691433 0.515128 0.292893
0.691517 0.515416 0.292892
0.691602 0.515705 0.292892
0.691686 0.515993 0.292892
0.691771 0.516282 0.292892
0.691855 0.516571 0.292892
0.691940 0.516859 0.292892
0.692024 0.517148 0.292892
0.692109 0.517437 0.292892
0.692193 0.517725 0.292892
0.692278 0.518014 0.292892
0.692362 0.518303 0.292892
0.692447 0.518591 0.292892
0.692531 0.518880 0.292892
0.692616 0.519169 0.292892
0.692700 0.519457 0.292892
0.692785 0.519746 0.292891
0.692869 0.520035 0.292891
0.692954 0.520323 0.292891
0.693038 0.520612 0.292891
0.693123 0.520901 0.292891
0.693207 0.521189 0.292891
0.693292 0.521478 0.292891
0.693376 0.521767 0.292891
0.693461 0.522055 0.292891
0.693545 0.522344 0.292891
0.693630 0.522633 0.292891
0.693714 0.522921 0.292891
0.693799 0.523210 0.292891
0.693883 0.523499 0.292891
0.693968 0.523787 0.292891
0.694052 0.524076 0.292891
0.694137 0.524365 0.292890
0.694221 0.524653 0.292890
0.694306 0.524942 0.292890
0.694390 0.525231 0.292890
0.694475 0.525519 0.292890
0.694559 0.525808 0.292890
0.694644 0.526097 0.292890
0.694729 0.526385 0.292890
0.694813 0.526674 0.292890
0.694898 0.526962 0.292890
0.694982 0.527251 0.292890
0.695067 0.527540 0.292890
0.695151 0.527828 0.292890
0.695236 0.528117 0.292890
0.695320 0.528406 0.292890
0.695405 0.528694 0.292890
0.695489 0.528983 0.292889
0.695574 0.529272 0.292889
0.695658 0.529560 0.292889
0.695743 0.529849 0.292889
0.695827 0.530138 0.292889
0.695912 0.530426 0.292889
0.695996 0.530715 0.292889
0.696081 0.531004 0.292889
0.696165 0.531292 0.292889
0.696250 0.531581 0.292889
0.696334 0.531870 0.292889
0.696419 0.532158 0.292889
0.696503 0.532447 0.292889
0.696588 0.532736 0.292889
0.696672 0.533024 0.292889
0.696757 0.533313 0.292889
0.696841 0.533602 0.292889
0.696926 0.533890 0.292889
0.697010 0.534179 0.292888
0.697095 0.534468 0.292888
0.697179 0.534756 0.292888
0.697264 0.535045 0.292888
0.697348 0.535334 0.292888
0.697433 0.535622 0.292888
0.697518 0.535911 0.292888
0.697602 0.536200 0.292888
0.697687 0.536488 0.292888
0.697771 0.536777 0.292888
0.697856 0.537066 0.292888
0.697940 0.537354 0.292888
0.698025 0.537643 0.292888
0.698109 0.537932 0.292888
0.698194 0.538220 0.292888
0.698278 0.538509 0.292888
0.698363 0.538797 0.292888
0.698447 0.539086 0.292888
0.698532 0.539375 0.292888
0.698616 0.539663 0.292887
0.698701 0.539952 0.292887
0.698785 0.540241 0.292887
0.698870 0.540529 0.292887
0.698954 0.540818 0.292887
0.699039 0.541107 0.292887
0.699123 0.541395 0.292887
0.699208 0.541684 0.292887
0.699292 0.541973 0.292887
0.699377 0.542261 0.292887
0.699461 0.542550 0.292887
0.699546 0.542839 0.292887
0.699630 0.543127 0.292887
0.699715 0.543416 0.292887
0.699799 0.543705 0.292887
0.699884 0.543993 0.292887
0.699968 0.544282 0.292887
0.700053 0.544571 0.292887
0.700138 0.544859 0.292887
0.700222 0.545148 0.292887
0.700307 0.545437 0.292886
0.700391 0.545725 0.292886
0.700476 0.546014 0.292886
0.700560 0.546303 0.292886
0.700645 0.546591 0.292886
0.700729 0.546880 0.292886
0.700814 0.547169 0.292886
0.700898 0.547457 0.292886
0.700983 0.547746 0.292886
0.701067 0.548035 0.292886
0.701152 0.548323 0.292886
0.701236 0.548612 0.292886
0.701321 0.548901 0.292886
0.701405 0.549189 0.292886
0.701490 0.549478 0.292886
0.701574 0.549766 0.292886
0.701659 0.550055 0.292886
0.701743 0.550344 0.292886
0.701828 0.550632 0.292886
0.701912 0.550921 0.292886
0.701997 0.551210 0.292886
0.702081 0.551498 0.292885
0.702166 0.551787 0.292885
0.702250 0.552076 0.292885
0.702335 0.552364 0.292885
0.702420 0.552653 0.292885
0.702504 0.552942 0.292885
0.702589 0.553230 0.292885
0.702673 0.553519 0.292885
0.702758 0.553808 0.292885
0.702842 0.554096 0.292885
0.702927 0.554385 0.292885
0.703011 0.554674 0.292885
0.703096 0.554962 0.292885
0.703180 0.555251 0.292885
0.703265 0.555540 0.292885
0.703349 0.555828 0.292885
0.703434 0.556117 0.292885
0.703518 0.556406 0.292885
0.703603 0.556694 0.292885
0.703687 0.556983 0.292885
0.703772 0.557272 0.292885
0.703856 0.557560 0.292885
0.703941 0.557849 0.292885
0.704025 0.558138 0.292884
0.704110 0.558426 0.292884
0.704194 0.558715 0.292884
0.704279 0.559004 0.292884
0.704363 0.559292 0.292884
0.704448 0.559581 0.292884
0.704533 0.559870 0.292884
0.704617 0.560158 0.292884
0.704702 0.560447 0.292884
0.704786 0.560736 0.292884
0.704871 0.561024 0.292884
0.704955 0.561313 0.292884
0.705040 0.561601 0.292884
0.705124 0.561890 0.292884
0.705209 0.562179 0.292884
0.705293 0.562467 0.292884
0.705378 0.562756 0.292884
0.705462 0.563045 0.292884
0.705547 0.563333 0.292884
0.705631 0.563622 0.292884
0.705716 0.563911 0.292884
0.705800 0.564199 0.292884
0.705885 0.564488 0.292884
0.705969 0.564777 0.292884
0.706054 0.565065 0.292884
0.706138 0.565354 0.292883
0.706223 0.565643 0.292883
0.706307 0.565931 0.292883
0.706392 0.566220 0.292883
0.706477 0.566509 0.292883
0.706561 0.566797 0.292883
0.706646 0.567086 0.292883
0.706730 0.567375 0.292883
0.706815 0.567663 0.292883
0.706899 0.567952 0.292883
0.706984 0.568241 0.292883
0.707068 0.568529 0.292883
0.707153 0.568818 0.292883
0.707237 0.569107 0.292883
0.707322 0.569395 0.292883
0.707406 0.569684 0.292883
0.707491 0.569973 0.292883
0.707575 0.570261 0.292883
0.707660 0.570550 0.292883
0.707744 0.570839 0.292883
0.707829 0.571127 0.292883
0.707913 0.571416 0.292883
0.707998 0.571705 0.292883
0.708082 0.571993 0.292883
0.708167 0.572282 0.292883
0.708251 0.572570 0.292883
0.708336 0.572859 0.292883
0.708421 0.573148 0.292882
0.708505 0.573436 0.292882
0.708590 0.573725 0.292882
0.708674 0.574014 0.292882
0.708759 0.574302 0.292882
0.708843 0.574591 0.292882
0.708928 0.574880 0.292882
0.709012 0.575168 0.292882
0.709097 0.575457 0.292882
0.709181 0.575746 0.292882
0.709266 0.576034 0.292882
0.709350 0.576323 0.292882
0.709435 0.576612 0.292882
0.709519 0.576900 0.292882
0.709604 0.577189 0.292882
0.709688 0.577478 0.292882
0.709773 0.577766 0.292882
0.709857 0.578055 0.292882
0.709942 0.578344 0.292882
0.710026 0.578632 0.292882
0.710111 0.578921 0.292882
0.710195 0.579210 0.292882
0.710280 0.579498 0.292882
0.710365 0.579787 0.292882
0.710449 0.580076 0.292882
0.710534 0.580364 0.292882
0.710618 0.580653 0.292882
0.710703 0.580942 0.292882
0.710787 0.581230 0.292882
0.710872 0.581519 0.292881
0.710956 0.581808 0.292881
0.711041 0.582096 0.292881
0.711125 0.582385 0.292881
0.711210 0.582674 0.292881
0.711294 0.582962 0.292881
0.711379 0.583251 0.292881
0.711463 0.583540 0.292881
0.711548 0.583828 0.292881
0.711632 0.584117 0.292881
0.711717 0.584405 0.292881
0.711801 0.584694 0.292881
0.711886 0.584983 0.292881
0.711970 0.585271 0.292881
0.712055 0.585560 0.292881
0.712140 0.585849 0.292881
0.712224 0.586137 0.292881
0.712309 0.586426 0.292881
0.712393 0.586715 0.292881
0.712478 0.587003 0.292881
0.712562 0.587292 0.292881
0.712647 0.587581 0.292881
0.712731 0.587869 0.292881
0.712816 0.588158 0.292881
0.712900 0.588447 0.292881
0.712985 0.588735 0.292881
0.713069 0.589024 0.292881
0.713154 0.589313 0.292881
0.713238 0.589601 0.292881
0.713323 0.589890 0.292881
0.713407 0.590179 0.292881
0.713492 0.590467 0.292881
0.713576 0.590756 0.292880
0.713661 0.591045 0.292880
0.713746 0.591333 0.292880
0.713830 0.591622 0.292880
0.713915 0.591911 0.292880
0.713999 0.592199 0.292880
0.714084 0.592488 0.292880
0.714168 0.592777 0.292880
0.714253 0.593065 0.292880
0.714337 0.593354 0.292880
0.714422 0.593643 0.292880
0.714506 0.593931 0.292880
0.714591 0.594220 0.292880
0.714675 0.594509 0.292880
0.714760 0.594797 0.292880
0.714844 0.595086 0.292880
0.714929 0.595374 0.292880
0.715013 0.595663 0.292880
0.715098 0.595952 0.292880
0.715182 0.596240 0.292880
0.715267 0.596529 0.292880
0.715351 0.596818 0.292880
0.715436 0.597106 0.292880
0.715521 0.597395 0.292880
0.715605 0.597684 0.292880
0.715690 0.597972 0.292880
0.715774 0.598261 0.292880
0.715859 0.598550 0.292880
0.715943 0.598838 0.292880
0.716028 0.599127 0.292880
0.716112 0.599416 0.292880
0.716197 0.599704 0.292880
0.716281 0.599993 0.292880
0.716366 0.600282 0.292880
0.716450 0.600570 0.292880
0.716535 0.600859 0.292880
0.716619 0.601148 0.292879
0.716704 0.601436 0.292879
0.716788 0.601725 0.292879
0.716873 0.602014 0.292879
0.716957 0.602302 0.292879
0.717042 0.602591 0.292879
0.717127 0.602880 0.292879
0.717211 0.603168 0.292879
0.717296 0.603457 0.292879
0.717380 0.603746 0.292879
0.717465 0.604034 0.292879
0.717549 0.604323 0.292879
0.717634 0.604612 0.292879
0.717718 0.604900 0.292879
0.717803 0.605189 0.292879
0.717887 0.605478 0.292879
0.717972 0.605766 0.292879
0.718056 0.606055 0.292879
0.718141 0.606344 0.292879
0.718225 0.606632 0.292879
0.718310 0.606921 0.292879
0.718394 0.607209 0.292879
0.718479 0.607498 0.292879
0.718563 0.607787 0.292879
0.718648 0.608075 0.292879
0.718733 0.608364 0.292879
0.718817 0.608653 0.292879
0.718902 0.608941 0.292879
0.718986 0.609230 0.292879
0.719071 0.609519 0.292879
0.719155 0.609807 0.292879
0.719240 0.610096 0.292879
0.719324 0.610385 0.292879
0.719409 0.610673 0.292879
0.719493 0.610962 0.292879
0.719578 0.611251 0.292879
0.719662 0.611539 0.292879
0.719747 0.611828 0.292879
0.719831 0.612117 0.292879
0.719916 0.612405 0.292878
0.720000 0.612694 0.292878
0.720085 0.612983 0.292878
0.720169 0.613271 0.292878
0.720254 0.613560 0.292878
0.720339 0.613849 0.292878
0.720423 0.614137 0.292878
0.720508 0.614426 0.292878
0.720592 0.614715 0.292878
0.720677 0.615003 0.292878
0.720761 0.615292 0.292878
0.720846 0.615581 0.292878
0.720930 0.615869 0.292878
0.721015 0.616158 0.292878
0.721099 0.616447 0.292878
0.721184 0.616735 0.292878
0.721268 0.617024 0.292878
0.721353 0.617313 0.292878
0.721437 0.617601 0.292878
0.721522 0.617890 0.292878
0.721606 0.618178 0.292878
0.721691 0.618467 0.292878
0.721776 0.618756 0.292878
0.721860 0.619044 0.292878
0.721945 0.619333 0.292878
0.722029 0.619622 0.292878
0.722114 0.619910 0.292878
0.722198 0.620199 0.292878
0.722283 0.620488 0.292878
0.722367 0.620776 0.292878
0.722452 0.621065 0.292878
0.722536 0.621354 0.292878
0.722621 0.621642 0.292878
0.722705 0.621931 0.292878
0.722790 0.622220 0.292878
0.722874 0.622508 0.292878
0.722959 0.622797 0.292878
0.723043 0.623086 0.292878
0.723128 0.623374 0.292878
0.723212 0.623663 0.292878
0.723297 0.623952 0.292878
0.723382 0.624240 0.292878
0.723466 0.624529 0.292878
0.723551 0.624818 0.292878
0.723635 0.625106 0.292877
0.723720 0.625395 0.292877
0.723804 0.625684 0.292877
0.723889 0.625972 0.292877
0.723973 0.626261 0.292877
0.724058 0.626550 0.292877
0.724142 0.626838 0.292877
0.724227 0.627127 0.292877
0.724311 0.627416 0.292877
0.724396 0.627704 0.292877
0.724480 0.627993 0.292877
0.724565 0.628282 0.292877
0.724649 0.628570 0.292877
0.724734 0.628859 0.292877
0.724819 0.629148 0.292877
0.724903 0.629436 0.292877
0.724988 0.629725 0.292877
0.725072 0.630013 0.292877
0.725157 0.630302 0.292877
0.725241 0.630591 0.292877
0.725326 0.630879 0.292877
0.725410 0.631168 0.292877
0.725495 0.631457 0.292877
0.725579 0.631745 0.292877
0.725664 0.632034 0.292877
0.725748 0.632323 0.292877
0.725833 0.632611 0.292877
0.725917 0.632900 0.292877
0.726002 0.633189 0.292877
0.726086 0.633477 0.292877
0.726171 0.633766 0.292877
0.726255 0.634055 0.292877
0.726340 0.634343 0.292877
0.726425 0.634632 0.292877
0.726509 0.634921 0.292877
0.726594 0.635209 0.292877
0.726678 0.635498 0.292877
0.726763 0.635787 0.292877
0.726847 0.636075 0.292877
0.726932 0.636364 0.292877
0.727016 0.636653 0.292877
0.727101 0.636941 0.292877
0.727185 0.637230 0.292877
0.727270 0.637519 0.292877
0.727354 0.637807 0.292877
0.727439 0.638096 0.292877
0.727523 0.638385 0.292877
0.727608 0.638673 0.292877
0.727692 0.638962 0.292877
0.727777 0.639251 0.292877
0.727862 0.639539 0.292876
0.727946 0.639828 0.292876
0.728031 0.640117 0.292876
0.728115 0.640405 0.292876
0.728200 0.640694 0.292876
0.728284 0.640982 0.292876
0.728369 0.641271 0.292876
0.728453 0.641560 0.292876
0.728538 0.641848 0.292876
0.728622 0.642137 0.292876
0.728707 0.642426 0.292876
0.728791 0.642714 0.292876
0.728876 0.643003 0.292876
0.728960 0.643292 0.292876
0.729045 0.643580 0.292876
0.729129 0.643869 0.292876
0.729214 0.644158 0.292876
0.729299 0.644446 0.292876
0.729383 0.644735 0.292876
0.729468 0.645024 0.292876
0.729552 0.645312 0.292876
0.729637 0.645601 0.292876
0.729721 0.645890 0.292876
0.729806 0.646178 0.292876
0.729890 0.646467 0.292876
0.729975 0.646756 0.292876
0.730059 0.647044 0.292876
0.730144 0.647333 0.292876
0.730228 0.647622 0.292876
0.730313 0.647910 0.292876
0.730397 0.648199 0.292876
0.730482 0.648488 0.292876
0.730566 0.648776 0.292876
0.730651 0.649065 0.292876
0.730736 0.649354 0.292876
0.730820 0.649642 0.292876
0.730905 0.649931 0.292876
0.730989 0.650220 0.292876
0.731074 0.650508 0.292876
0.731158 0.650797 0.292876
0.731243 0.651086 0.292876
0.731327 0.651374 0.292876
0.731412 0.651663 0.292876
0.731496 0.651952 0.292876
0.731581 0.652240 0.292876
0.731665 0.652529 0.292876
0.731750 0.652817 0.292876
0.731834 0.653106 0.292876
0.731919 0.653395 0.292876
0.732004 0.653683 0.292876
0.732088 0.653972 0.292876
0.732173 0.654261 0.292876
0.732257 0.654549 0.292876
0.732342 0.654838 0.292876
0.732426 0.655127 0.292876
0.732511 0.655415 0.292876
0.732595 0.655704 0.292876
0.732680 0.655993 0.292875
0.732764 0.656281 0.292875
0.732849 0.656570 0.292875
0.732933 0.656859 0.292875
0.733018 0.657147 0.292875
0.733102 0.657436 0.292875
0.733187 0.657725 0.292875
0.733271 0.658013 0.292875
0.733356 0.658302 0.292875
0.733441 0.658591 0.292875
0.733525 0.658879 0.292875
0.733610 0.659168 0.292875
0.733694 0.659457 0.292875
0.733779 0.659745 0.292875
0.733863 0.660034 0.292875
0.733948 0.660323 0.292875
0.734032 0.660611 0.292875
0.734117 0.660900 0.292875
0.734201 0.661189 0.292875
0.734286 0.661477 0.292875
0.734370 0.661766 0.292875
0.734455 0.662055 0.292875
0.734539 0.662343 0.292875
0.734624 0.662632 0.292875
0.734708 0.662921 0.292875
0.734793 0.663209 0.292875
0.734878 0.663498 0.292875
0.734962 0.663786 0.292875
0.735047 0.664075 0.292875
0.735131 0.664364 0.292875
0.735216 0.664652 0.292875
0.735300 0.664941 0.292875
0.735385 0.665230 0.292875
0.735469 0.665518 0.292875
0.735554 0.665807 0.292875
0.735638 0.666096 0.292875
0.735723 0.666384 0.292875
0.735807 0.666673 0.292875
0.735892 0.666962 0.292875
0.735976 0.667250 0.292875
0.736061 0.667539 0.292875
0.736146 0.667828 0.292875
0.736230 0.668116 0.292875
0.736315 0.668405 0.292875
0.736399 0.668694 0.292875
0.736484 0.668982 0.292875
0.736568 0.669271 0.292875
0.736653 0.669560 0.292875
0.736737 0.669848 0.292875
0.736822 0.670137 0.292875
0.736906 0.670426 0.292875
0.736991 0.670714 0.292875
0.737075 0.671003 0.292875
0.737160 0.671292 0.292875
0.737244 0.671580 0.292875
0.737329 0.671869 0.292875
0.737413 0.672158 0.292875
0.737498 0.672446 0.292875
0.737583 0.672735 0.292875
0.737667 0.673024 0.292875
0.737752 0.673312 0.292875
0.737836 0.673601 0.292875
0.737921 0.673890 0.292875
0.738005 0.674178 0.292875
0.738090 0.674467 0.292875
0.738174 0.674756 0.292875
0.738259 0.675044 0.292875
0.738343 0.675333 0.292874
0.738428 0.675621 0.292874
0.738512 0.675910 0.292874
0.738597 0.676199 0.292874
0.738681 0.676487 0.292874
0.738766 0.676776 0.292874
0.738851 0.677065 0.292874
0.738935 0.677353 0.292874
0.739020 0.677642 0.292874
0.739104 0.677931 0.292874
0.739189 0.678219 0.292874
0.739273 0.678508 0.292874
0.739358 0.678797 0.292874
0.739442 0.679085 0.292874
0.739527 0.679374 0.292874
0.739611 0.679663 0.292874
0.739696 0.679951 0.292874
0.739780 0.680240 0.292874
0.739865 0.680529 0.292874
0.739949 0.680817 0.292874
0.740034 0.681106 0.292874
0.740118 0.681395 0.292874
0.740203 0.681683 0.292874
0.740288 0.681972 0.292874
0.740372 0.682261 0.292874
0.740457 0.682549 0.292874
0.740541 0.682838 0.292874
0.740626 0.683127 0.292874
0.740710 0.683415 0.292874
0.740795 0.683704 0.292874
0.740879 0.683993 0.292874
0.740964 0.684281 0.292874
0.741048 0.684570 0.292874
0.741133 0.684859 0.292874
0.741217 0.685147 0.292874
0.741302 0.685436 0.292874
0.741386 0.685725 0.292874
0.741471 0.686013 0.292874
0.741556 0.686302 0.292874
0.741640 0.686590 0.292874
0.741725 0.686879 0.292874
0.741809 0.687168 0.292874
0.741894 0.687456 0.292874
0.741978 0.687745 0.292874
0.742063 0.688034 0.292874
0.742147 0.688322 0.292874
0.742232 0.688611 0.292874
0.742316 0.688900 0.292874
0.742401 0.689188 0.292874
0.742485 0.689477 0.292874
0.742570 0.689766 0.292874
0.742654 0.690054 0.292874
0.742739 0.690343 0.292874
0.742824 0.690632 0.292874
0.742908 0.690920 0.292874
0.742993 0.691209 0.292874
0.743077 0.691498 0.292874
0.743162 0.691786 0.292874
0.743246 0.692075 0.292874
0.743331 0.692364 0.292874
0.743415 0.692652 0.292874
0.743500 0.692941 0.292874
0.743584 0.693230 0.292874
0.743669 0.693518 0.292874
0.743753 0.693807 0.292874
0.743838 0.694096 0.292874
0.743922 0.694384 0.292874
0.744007 0.694673 0.292874
0.744091 0.694962 0.292874
0.744176 0.695250 0.292874
0.744261 0.695539 0.292874
0.744345 0.695828 0.292874
0.744430 0.696116 0.292874
0.744514 0.696405 0.292874
0.744599 0.696694 0.292874
0.744683 0.696982 0.292874
0.744768 0.697271 0.292874
0.744852 0.697560 0.292874
0.744937 0.697848 0.292874
0.745021 0.698137 0.292874
0.745106 0.698425 0.292874
0.745190 0.698714 0.292873
0.745275 0.699003 0.292873
0.745359 0.699291 0.292873
0.745444 0.699580 0.292873
0.745529 0.699869 0.292873
0.745567 0.700000 0.292873
