0.141667 0.001452 -1.000000
0.141667 0.002178 -1.000000
0.141667 0.002904 -1.000000
0.141667 0.003630 -1.000000
0.141667 0.004356 -1.000000
0.141667 0.005082 -1.000000
0.141667 0.005808 -1.000000
0.141667 0.006534 -1.000000
0.141667 0.007260 -1.000000
0.141667 0.007986 -1.000000
0.141667 0.008711 -1.000000
0.141667 0.009437 -1.000000
0.141667 0.010163 -1.000000
0.141667 0.010889 -1.000000
0.141667 0.011615 -1.000000
0.141667 0.012341 -1.000000
0.141667 0.013067 -1.000000
0.141667 0.013793 -1.000000
0.141667 0.014519 -1.000000
0.141667 0.015245 -1.000000
0.141667 0.015971 -1.000000
0.141667 0.016697 -1.000000
0.141667 0.017423 -1.000000
0.141667 0.018149 -1.000000
0.141667 0.018875 -1.000000
0.141667 0.019601 -1.000000
0.141667 0.020327 -1.000000
0.141667 0.021053 -1.000000
0.141667 0.021779 -1.000000
0.141667 0.022505 -1.000000
0.141667 0.023231 -1.000000
0.141667 0.023957 -1.000000
0.141667 0.024682 -1.000000
0.141667 0.025408 -1.000000
0.141667 0.026134 -1.000000
0.141667 0.026860 -1.000000
0.141667 0.027586 -1.000000
0.141667 0.028312 -1.000000
0.141667 0.029038 -1.000000
0.141667 0.029764 -1.000000
0.141667 0.030490 -1.000000
0.141667 0.031216 -1.000000
0.141667 0.031942 -1.000000
0.141667 0.032668 -1.000000
0.141667 0.033394 -1.000000
0.141667 0.034120 -1.000000
0.141667 0.034846 -1.000000
0.141667 0.035572 -1.000000
0.141667 0.036298 -1.000000
0.141667 0.037024 -1.000000
0.141667 0.037750 -1.000000
0.141667 0.038476 -1.000000
0.141667 0.039202 -1.000000
0.141667 0.039928 -1.000000
0.141667 0.040654 -1.000000
0.141667 0.041379 -1.000000
0.141667 0.042105 -1.000000
0.141667 0.042831 -1.000000
0.141667 0.043557 -1.000000
0.141667 0.044283 -1.000000
0.141667 0.045009 -1.000000
0.141667 0.045735 -1.000000
0.141667 0.046461 -1.000000
0.141667 0.047187 -1.000000
0.141667 0.047913 -1.000000
0.141667 0.048639 -1.000000
0.141667 0.049365 -1.000000
0.141667 0.050091 -1.000000
0.141667 0.050817 -1.000000
0.141667 0.051543 -1.000000
0.141667 0.052269 -1.000000
0.141667 0.052995 -1.000000
0.141667 0.053721 -1.000000
0.141667 0.054447 -1.000000
0.141667 0.055173 -1.000000
0.141667 0.055899 -1.000000
0.141667 0.056625 -1.000000
0.141667 0.057350 -1.000000
0.141667 0.058076 -1.000000
0.141667 0.058802 -1.000000
0.141667 0.059528 -1.000000
0.141667 0.060254 -1.000000
0.141667 0.060980 -1.000000
0.141667 0.061706 -1.000000
0.141667 0.062432 -1.000000
0.141667 0.063158 -1.000000
0.141667 0.063884 -1.000000
0.141667 0.064610 -1.000000
0.141667 0.065336 -1.000000
0.141667 0.066062 -1.000000
0.141667 0.066788 -1.000000
0.141667 0.067514 -1.000000
0.141667 0.068240 -1.000000
0.141667 0.068966 -1.000000
0.141667 0.069692 -1.000000
0.141667 0.070418 -1.000000
0.141667 0.071144 -1.000000
0.141667 0.071870 -1.000000
0.141667 0.072596 -1.000000
0.141667 0.073321 -1.000000
0.141667 0.074047 -1.000000
0.141667 0.074773 -1.000000
0.141667 0.075499 -1.000000
0.141667 0.076225 -1.000000
0.141667 0.076951 -1.000000
0.141667 0.077677 -1.000000
0.141667 0.078403 -1.000000
0.141667 0.079129 -1.000000
0.141667 0.079855 -1.000000
0.141667 0.080581 -1.000000
0.141667 0.081307 -1.000000
0.141667 0.082033 -1.000000
0.141667 0.082759 -1.000000
0.141667 0.083485 -1.000000
0.141667 0.084211 -1.000000
0.141667 0.084937 -1.000000
0.141667 0.085663 -1.000000
0.141667 0.086389 -1.000000
0.141667 0.087115 -1.000000
0.141667 0.087841 -1.000000
0.141667 0.088567 -1.000000
0.141667 0.089293 -1.000000
0.141667 0.090018 -1.000000
0.141667 0.090744 -1.000000
0.141667 0.091470 -1.000000
0.141667 0.092196 -1.000000
0.141667 0.092922 -1.000000
0.141667 0.093648 -1.000000
0.141667 0.094374 -1.000000
0.141667 0.095100 -1.000000
0.141667 0.095826 -1.000000
0.141667 0.096552 -1.000000
0.141667 0.097278 -1.000000
0.141667 0.098004 -1.000000
0.141667 0.098730 -1.000000
0.141667 0.099456 -1.000000
0.141667 0.100182 -1.000000
0.141667 0.100908 -1.000000
0.141667 0.101634 -1.000000
0.141667 0.102360 -1.000000
0.141667 0.103086 -1.000000
0.141667 0.103812 -1.000000
0.141667 0.104538 -1.000000
0.141667 0.105264 -1.000000
0.141667 0.105989 -1.000000
0.141667 0.106715 -1.000000
0.141667 0.107441 -1.000000
0.141667 0.108167 -1.000000
0.141667 0.108893 -1.000000
0.141667 0.109619 -1.000000
0.141667 0.110345 -1.000000
0.141667 0.111071 -1.000000
0.141667 0.111797 -1.000000
0.141667 0.112523 -1.000000
0.141667 0.113249 -1.000000
0.141667 0.113975 -1.000000
0.141667 0.114701 -1.000000
0.141667 0.115427 -1.000000
0.141667 0.116153 -1.000000
0.141667 0.116879 -1.000000
0.141667 0.117605 -1.000000
0.141667 0.118331 -1.000000
0.141667 0.119057 -1.000000
0.141667 0.119783 -1.000000
0.141667 0.120509 -0.999999
0.141667 0.121235 -0.999999
0.141667 0.121961 -0.999998
0.141667 0.122686 -0.999997
0.141667 0.123412 -0.999996
0.141667 0.124138 -0.999995
0.141667 0.124864 -0.999992
0.141667 0.125590 -0.999989
0.141667 0.126316 -0.999985
0.141667 0.127042 -0.999979
0.141667 0.127768 -0.999971
0.141667 0.128494 -0.999960
0.141667 0.129220 -0.999946
0.141667 0.129946 -0.999927
0.141667 0.130672 -0.999903
0.141667 0.131398 -0.999872
0.141667 0.132124 -0.999833
0.141667 0.132850 -0.999783
0.141667 0.133576 -0.999721
0.141667 0.134302 -0.999643
0.141667 0.135028 -0.999547
0.141667 0.135754 -0.999430
0.141667 0.136480 -0.999287
0.141667 0.137206 -0.999115
0.141667 0.137932 -0.998909
0.141667 0.138657 -0.998663
0.141667 0.139383 -0.998374
0.141667 0.140109 -0.998034
0.141667 0.140835 -0.997639
0.141667 0.141561 -0.997181
0.141667 0.142287 -0.996655
0.141667 0.143013 -0.996054
0.141667 0.143739 -0.995371
0.141667 0.144465 -0.994601
0.141667 0.145191 -0.993736
0.141667 0.145917 -0.992772
0.141667 0.146643 -0.991700
0.141667 0.147369 -0.990518
0.141667 0.148095 -0.989219
0.141667 0.148821 -0.987799
0.141667 0.149547 -0.986254
0.141667 0.150273 -0.984580
0.141667 0.150999 -0.982776
0.141667 0.151725 -0.980839
0.141667 0.152451 -0.978767
0.141667 0.153177 -0.976559
0.141667 0.153903 -0.974216
0.141667 0.154629 -0.971738
0.141667 0.155354 -0.969126
0.141667 0.156080 -0.966381
0.141667 0.156806 -0.963505
0.141667 0.157532 -0.960502
0.141667 0.158258 -0.957373
0.141667 0.158984 -0.954122
0.141667 0.159710 -0.950753
0.141667 0.160436 -0.947269
0.141667 0.161162 -0.943675
0.141667 0.161888 -0.939975
0.141667 0.162614 -0.936173
0.141667 0.163340 -0.932274
0.141667 0.164066 -0.928283
0.141667 0.164792 -0.924203
0.141667 0.165518 -0.920040
0.141667 0.166244 -0.915798
0.141667 0.166970 -0.911481
0.141667 0.167696 -0.907095
0.141667 0.168422 -0.902643
0.141667 0.169148 -0.898131
0.141667 0.169874 -0.893561
0.141667 0.170600 -0.888938
0.141667 0.171325 -0.884266
0.141667 0.172051 -0.879550
0.141667 0.172777 -0.874791
0.141667 0.173503 -0.869995
0.141667 0.174229 -0.865164
0.141667 0.174955 -0.860302
0.141667 0.175681 -0.855411
0.141667 0.176407 -0.850495
0.141667 0.177133 -0.845557
0.141667 0.177859 -0.840599
0.141667 0.178585 -0.835624
0.141667 0.179311 -0.830635
0.141667 0.180037 -0.825632
0.141667 0.180763 -0.820620
0.141667 0.181489 -0.815600
0.141667 0.182215 -0.810573
0.141667 0.182941 -0.805542
0.141667 0.183667 -0.800508
0.141667 0.184393 -0.795474
0.141667 0.185119 -0.790440
0.141667 0.185845 -0.785409
0.141667 0.186571 -0.780381
0.141667 0.187297 -0.775358
0.141667 0.188022 -0.770341
0.141667 0.188748 -0.765331
0.141667 0.189474 -0.760330
0.141667 0.190200 -0.755338
0.141667 0.190926 -0.750357
0.141667 0.191652 -0.745386
0.141667 0.192378 -0.740428
0.141667 0.193104 -0.735483
0.141667 0.193830 -0.730551
0.141667 0.194556 -0.725633
0.141667 0.195282 -0.720731
0.141667 0.196008 -0.715844
0.141667 0.196734 -0.710973
0.141667 0.197460 -0.706118
0.141667 0.198186 -0.701281
0.141667 0.198912 -0.696461
0.141667 0.199638 -0.691659
0.141667 0.200000 -0.686876
