0.280185 0.000236 0.000000
0.280185 0.000341 0.000000
0.280185 0.000444 0.000000
0.280185 0.000545 0.000000
0.280185 0.000645 0.000000
0.280185 0.000746 0.000000
0.280185 0.000846 0.000000
0.280185 0.000945 0.000000
0.280185 0.001044 0.000000
0.280185 0.001142 0.000000
0.280185 0.001241 0.000000
0.280185 0.001339 0.000000
0.280185 0.001437 0.000000
0.280185 0.001535 0.000000
0.280185 0.001632 0.000000
0.280185 0.001730 0.000000
0.280185 0.001828 0.000000
0.280185 0.001925 0.000000
0.280185 0.002022 0.000000
0.280185 0.002119 0.000000
0.280185 0.002216 0.000000
0.280185 0.002313 0.000000
0.280185 0.002410 0.000000
0.280185 0.002507 0.000000
0.280185 0.002604 0.000000
0.280185 0.002701 0.000000
0.280185 0.002798 0.000000
0.280185 0.002894 0.000000
0.280185 0.002991 0.000000
0.280185 0.003088 0.000000
0.280185 0.003184 0.000000
0.280185 0.003281 0.000000
0.280185 0.003378 0.000000
0.280185 0.003474 0.000000
0.280185 0.003571 0.000000
0.280185 0.003667 0.000000
0.280185 0.003764 0.000000
0.280185 0.003860 0.000000
0.280185 0.003957 0.000000
0.280185 0.004053 0.000000
0.280185 0.004150 0.000000
0.280185 0.004246 0.000000
0.280185 0.004343 0.000000
0.280185 0.004439 0.000000
0.280185 0.004536 0.000000
0.280185 0.004632 0.000000
0.280185 0.004729 0.000000
0.280185 0.004825 0.000000
0.280185 0.004922 0.000000
0.280185 0.005018 0.000000
0.280185 0.005115 0.000000
0.280185 0.005211 0.000000
0.280185 0.005308 0.000000
0.280185 0.005404 0.000000
0.280185 0.005501 0.000000
0.280185 0.005597 0.000000
0.280185 0.005694 0.000000
0.280185 0.005790 0.000000
0.280185 0.005887 0.000000
0.280185 0.005983 0.000000
0.280185 0.006079 0.000000
0.280185 0.006176 0.000000
0.280185 0.006272 0.000000
0.280185 0.006369 0.000000
0.280185 0.006465 0.000000
0.280185 0.006562 0.000000
0.280185 0.006658 0.000000
0.280185 0.006755 0.000000
0.280185 0.006851 0.000000
0.280185 0.006948 0.000000
0.280185 0.007044 0.000000
0.280185 0.007141 0.000000
0.280185 0.007237 0.000000
0.280185 0.007333 0.000000
0.280185 0.007430 0.000000
0.280185 0.007526 0.000000
0.280185 0.007623 0.000000
0.280185 0.007719 0.000000
0.280185 0.007816 0.000000
0.280185 0.007912 0.000000
0.280185 0.008009 0.000000
0.280185 0.008105 0.000000
0.280185 0.008202 0.000000
0.280185 0.008298 0.000000
0.280185 0.008394 0.000000
0.280185 0.008491 0.000000
0.280185 0.008587 0.000000
0.280185 0.008684 0.000000
0.280185 0.008780 0.000000
0.280185 0.008877 0.000000
0.280185 0.008973 0.000000
0.280185 0.009070 0.000000
0.280185 0.009166 0.000000
0.280185 0.009263 0.000000
0.280185 0.009359 0.000000
0.280185 0.009456 0.000000
0.280185 0.009552 0.000000
0.280185 0.009648 0.000000
0.280185 0.009745 0.000000
0.280185 0.009841 0.000000
0.280185 0.009938 0.000000
0.280185 0.010034 0.000000
0.280185 0.010131 0.000000
0.280185 0.010227 0.000000
0.280185 0.010324 0.000000
0.280185 0.010420 0.000000
0.280185 0.010517 0.000000
0.280185 0.010613 0.000000
0.280185 0.010709 0.000000
0.280185 0.010806 0.000000
0.280185 0.010902 0.000000
0.280185 0.010999 0.000000
0.280185 0.011095 0.000000
0.280185 0.011192 0.000000
0.280185 0.011288 0.000000
0.280185 0.011385 0.000000
0.280185 0.011481 0.000000
0.280185 0.011578 0.000000
0.280185 0.011674 0.000000
0.280185 0.011770 0.000000
0.280185 0.011867 0.000000
0.280185 0.011963 0.000000
0.280185 0.012060 0.000000
0.280185 0.012156 0.000000
0.280185 0.012253 0.000000
0.280185 0.012349 0.000000
0.280185 0.012446 0.000000
0.280185 0.012542 0.000000
0.280185 0.012639 0.000000
0.280185 0.012735 0.000000
0.280185 0.012832 0.000000
0.280185 0.012928 0.000000
0.280185 0.013024 0.000000
0.280185 0.013121 0.000000
0.280185 0.013217 0.000000
0.280185 0.013314 0.000000
0.280185 0.013410 0.000000
0.280185 0.013507 0.000000
0.280185 0.013603 0.000000
0.280185 0.013700 0.000000
0.280185 0.013796 0.000000
0.280185 0.013893 0.000000
0.280185 0.013989 0.000000
0.280185 0.014085 0.000000
0.280185 0.014182 0.000000
0.280185 0.014278 0.000000
0.280185 0.014375 0.000000
0.280185 0.014471 0.000000
0.280185 0.014568 0.000000
0.280185 0.014664 0.000000
0.280185 0.014761 0.000000
0.280185 0.014857 0.000000
0.280185 0.014954 0.000000
0.280185 0.015050 0.000000
0.280185 0.015146 0.000000
0.280185 0.015243 0.000000
0.280185 0.015339 0.000000
0.280185 0.015436 0.000000
0.280185 0.015532 0.000000
0.280185 0.015629 0.000000
0.280185 0.015725 0.000000
0.280185 0.015822 0.000000
0.280185 0.015918 0.000000
0.280185 0.016015 0.000000
0.280185 0.016111 0.000000
0.280185 0.016208 0.000000
0.280185 0.016304 0.000000
0.280185 0.016400 0.000000
0.280185 0.016497 0.000000
0.280185 0.016593 0.000000
0.280185 0.016690 0.000000
0.280185 0.016786 0.000000
0.280185 0.016883 0.000000
0.280185 0.016979 0.000000
0.280185 0.017076 0.000000
0.280185 0.017172 0.000000
0.280185 0.017269 0.000000
0.280185 0.017365 0.000000
0.280185 0.017461 0.000000
0.280185 0.017558 0.000000
0.280185 0.017654 0.000000
0.280185 0.017751 0.000000
0.280185 0.017847 0.000000
0.280185 0.017944 0.000000
0.280185 0.018040 0.000000
0.280185 0.018137 0.000000
0.280185 0.018233 0.000000
0.280185 0.018330 0.000000
0.280185 0.018426 0.000000
0.280185 0.018523 0.000000
0.280185 0.018619 0.000000
0.280185 0.018715 0.000000
0.280185 0.018812 0.000000
0.280185 0.018908 0.000000
0.280185 0.019005 0.000000
0.280185 0.019101 0.000000
0.280185 0.019198 0.000000
0.280185 0.019294 0.000000
0.280185 0.019391 0.000000
0.280185 0.019487 0.000000
0.280185 0.019584 0.000000
0.280185 0.019680 0.000000
0.280185 0.019776 0.000000
0.280185 0.019873 0.000000
0.280185 0.019969 0.000000
0.280185 0.020066 0.000000
0.280185 0.020162 0.000000
0.280185 0.020259 0.000000
0.280185 0.020355 0.000000
0.280185 0.020452 0.000000
0.280185 0.020548 0.000000
0.280185 0.020645 0.000000
0.280185 0.020741 0.000000
0.280185 0.020837 0.000000
0.280185 0.020934 0.000000
0.280185 0.021030 0.000000
0.280185 0.021127 0.000000
0.280185 0.021223 0.000000
0.280185 0.021320 0.000000
0.280185 0.021416 0.000000
0.280185 0.021513 0.000000
0.280185 0.021609 0.000000
0.280185 0.021706 0.000000
0.280185 0.021802 0.000000
0.280185 0.021899 0.000000
0.280185 0.021995 0.000000
0.280185 0.022091 0.000000
0.280185 0.022188 0.000000
0.280185 0.022284 0.000000
0.280185 0.022381 0.000000
0.280185 0.022477 0.000000
0.280185 0.022574 0.000000
0.280185 0.022670 0.000000
0.280185 0.022767 0.000000
0.280185 0.022863 0.000000
0.280185 0.022960 0.000000
0.280185 0.023056 0.000000
0.280185 0.023152 0.000000
0.280185 0.023249 0.000000
0.280185 0.023345 0.000000
0.280185 0.023442 0.000000
0.280185 0.023538 0.000000
0.280185 0.023635 0.000000
0.280185 0.023731 0.000000
0.280185 0.023828 0.000000
0.280185 0.023924 0.000000
0.280185 0.024021 0.000000
0.280185 0.024117 0.000000
0.280185 0.024213 0.000000
0.280185 0.024310 0.000000
0.280185 0.024406 0.000000
0.280185 0.024503 0.000000
0.280185 0.024599 0.000000
0.280185 0.024696 0.000000
0.280185 0.024792 0.000000
0.280185 0.024889 0.000000
0.280185 0.024985 0.000000
0.280185 0.025082 0.000000
0.280185 0.025178 0.000000
0.280185 0.025275 0.000000
0.280185 0.025371 0.000000
0.280185 0.025467 0.000000
0.280185 0.025564 0.000000
0.280185 0.025660 0.000000
0.280185 0.025757 0.000000
0.280185 0.025853 0.000000
0.280185 0.025950 0.000000
0.280185 0.026046 0.000000
0.280185 0.026143 0.000000
0.280185 0.026239 0.000000
0.280185 0.026336 0.000000
0.280185 0.026432 0.000000
0.280185 0.026528 0.000000
0.280185 0.026625 0.000000
0.280185 0.026721 0.000000
0.280185 0.026818 0.000000
0.280185 0.026914 0.000000
0.280185 0.027011 0.000000
0.280185 0.027107 0.000000
0.280185 0.027204 0.000000
0.280185 0.027300 0.000000
0.280185 0.027397 0.000000
0.280185 0.027493 0.000000
0.280185 0.027590 0.000000
0.280185 0.027686 0.000000
0.280185 0.027782 0.000000
0.280185 0.027879 0.000000
0.280185 0.027975 0.000000
0.280185 0.028072 0.000000
0.280185 0.028168 0.000000
0.280185 0.028265 0.000000
0.280185 0.028361 0.000000
0.280185 0.028458 0.000000
0.280185 0.028554 0.000000
0.280185 0.028651 0.000000
0.280185 0.028747 0.000000
0.280185 0.028843 0.000000
0.280185 0.028940 0.000000
0.280185 0.029036 0.000000
0.280185 0.029133 0.000000
0.280185 0.029229 0.000000
0.280185 0.029326 0.000000
0.280185 0.029422 0.000000
0.280185 0.029519 0.000000
0.280185 0.029615 0.000000
0.280185 0.029712 0.000000
0.280185 0.029808 0.000000
0.280185 0.029904 0.000000
0.280185 0.030001 0.000000
0.280185 0.030097 0.000000
0.280185 0.030194 0.000000
0.280185 0.030290 0.000000
0.280185 0.030387 0.000000
0.280185 0.030483 0.000000
0.280185 0.030580 0.000000
0.280185 0.030676 0.000000
0.280185 0.030773 0.000000
0.280185 0.030869 0.000000
0.280185 0.030966 0.000000
0.280185 0.031062 0.000000
0.280185 0.031158 0.000000
0.280185 0.031255 0.000000
0.280185 0.031351 0.000000
0.280185 0.031448 0.000000
0.280185 0.031544 0.000000
0.280185 0.031641 0.000000
0.280185 0.031737 0.000000
0.280185 0.031834 0.000000
0.280185 0.031930 0.000000
0.280185 0.032027 0.000000
0.280185 0.032123 0.000000
0.280185 0.032219 0.000000
0.280185 0.032316 0.000000
0.280185 0.032412 0.000000
0.280185 0.032509 0.000000
0.280185 0.032605 0.000000
0.280185 0.032702 0.000000
0.280185 0.032798 0.000000
0.280185 0.032895 0.000000
0.280185 0.032991 0.000000
0.280185 0.033088 0.000000
0.280185 0.033184 0.000000
0.280185 0.033280 0.000000
0.280185 0.033377 0.000000
0.280185 0.033473 0.000000
0.280185 0.033570 0.000000
0.280185 0.033666 0.000000
0.280185 0.033763 0.000000
0.280185 0.033859 0.000000
0.280185 0.033956 0.000000
0.280185 0.034052 0.000000
0.280185 0.034149 0.000000
0.280185 0.034245 0.000000
0.280185 0.034342 0.000000
0.280185 0.034438 0.000000
0.280185 0.034534 0.000000
0.280185 0.034631 0.000000
0.280185 0.034727 0.000000
0.280185 0.034824 0.000000
0.280185 0.034920 0.000000
0.280185 0.035017 0.000000
0.280185 0.035113 0.000000
0.280185 0.035210 0.000000
0.280185 0.035306 0.000000
0.280185 0.035403 0.000000
0.280185 0.035499 0.000000
0.280185 0.035595 0.000000
0.280185 0.035692 0.000000
0.280185 0.035788 0.000000
0.280185 0.035885 0.000000
0.280185 0.035981 0.000000
0.280185 0.036078 0.000000
0.280185 0.036174 0.000000
0.280185 0.036271 0.000000
0.280185 0.036367 0.000000
0.280185 0.036464 0.000000
0.280185 0.036560 0.000000
0.280185 0.036657 0.000000
0.280185 0.036753 0.000000
0.280185 0.036849 0.000000
0.280185 0.036946 0.000000
0.280185 0.037042 0.000000
0.280185 0.037139 0.000000
0.280185 0.037235 0.000000
0.280185 0.037332 0.000000
0.280185 0.037428 0.000000
0.280185 0.037525 0.000000
0.280185 0.037621 0.000000
0.280185 0.037718 0.000000
0.280185 0.037814 0.000000
0.280185 0.037910 0.000000
0.280185 0.038007 0.000000
0.280185 0.038103 0.000000
0.280185 0.038200 0.000000
0.280185 0.038296 0.000000
0.280185 0.038393 0.000000
0.280185 0.038489 0.000000
0.280185 0.038586 0.000000
0.280185 0.038682 0.000000
0.280185 0.038779 0.000000
0.280185 0.038875 0.000000
0.280185 0.038971 0.000000
0.280185 0.039068 0.000000
0.280185 0.039164 0.000000
0.280185 0.039261 0.000000
0.280185 0.039357 0.000000
0.280185 0.039454 0.000000
0.280185 0.039550 0.000000
0.280185 0.039647 0.000000
0.280185 0.039743 0.000000
0.280185 0.039840 0.000000
0.280185 0.039936 0.000000
0.280185 0.040033 0.000000
0.280185 0.040129 0.000000
0.280185 0.040225 0.000000
0.280185 0.040322 0.000000
0.280185 0.040418 0.000000
0.280185 0.040515 0.000000
0.280185 0.040611 0.000000
0.280185 0.040708 0.000000
0.280185 0.040804 0.000000
0.280185 0.040901 0.000000
0.280185 0.040997 0.000000
0.280185 0.041094 0.000000
0.280185 0.041190 0.000000
0.280185 0.041286 0.000000
0.280185 0.041383 0.000000
0.280185 0.041479 0.000000
0.280185 0.041576 0.000000
0.280185 0.041672 0.000000
0.280185 0.041769 0.000000
0.280185 0.041865 0.000000
0.280185 0.041962 0.000000
0.280185 0.042058 0.000000
0.280185 0.042155 0.000000
0.280185 0.042251 0.000000
0.280185 0.042347 0.000000
0.280185 0.042444 0.000000
0.280185 0.042540 0.000000
0.280185 0.042637 0.000000
0.280185 0.042733 0.000000
0.280185 0.042830 0.000000
0.280185 0.042926 0.000000
0.280185 0.043023 0.000000
0.280185 0.043119 0.000000
0.280185 0.043216 0.000000
0.280185 0.043312 0.000000
0.280185 0.043409 0.000000
0.280185 0.043505 0.000000
0.280185 0.043601 0.000000
0.280185 0.043698 0.000000
0.280185 0.043794 0.000000
0.280185 0.043891 0.000000
0.280185 0.043987 0.000000
0.280185 0.044084 0.000000
0.280185 0.044180 0.000000
0.280185 0.044277 0.000000
0.280185 0.044373 0.000000
0.280185 0.044470 0.000000
0.280185 0.044566 0.000000
0.280185 0.044662 0.000000
0.280185 0.044759 0.000000
0.280185 0.044855 0.000000
0.280185 0.044952 0.000000
0.280185 0.045048 0.000000
0.280185 0.045145 0.000000
0.280185 0.045241 0.000000
0.280185 0.045338 0.000000
0.280185 0.045434 0.000000
0.280185 0.045531 0.000000
0.280185 0.045627 0.000000
0.280185 0.045724 0.000000
0.280185 0.045820 0.000000
0.280185 0.045916 0.000000
0.280185 0.046013 0.000000
0.280185 0.046109 0.000000
0.280185 0.046206 0.000000
0.280185 0.046302 0.000000
0.280185 0.046399 0.000000
0.280185 0.046495 0.000000
0.280185 0.046592 0.000000
0.280185 0.046688 0.000000
0.280185 0.046785 0.000000
0.280185 0.046881 0.000000
0.280185 0.046977 0.000000
0.280185 0.047074 0.000000
0.280185 0.047170 0.000000
0.280185 0.047267 0.000000
0.280185 0.047363 0.000000
0.280185 0.047460 0.000000
0.280185 0.047556 0.000000
0.280185 0.047653 0.000000
0.280185 0.047749 0.000000
0.280185 0.047846 0.000000
0.280185 0.047942 0.000000
0.280185 0.048038 0.000000
0.280185 0.048135 0.000000
0.280185 0.048231 0.000000
0.280185 0.048328 0.000000
0.280185 0.048424 0.000000
0.280185 0.048521 0.000000
0.280185 0.048617 0.000000
0.280185 0.048714 0.000000
0.280185 0.048810 0.000000
0.280185 0.048907 0.000000
0.280185 0.049003 0.000000
0.280185 0.049100 0.000000
0.280185 0.049196 0.000000
0.280185 0.049292 0.000000
0.280185 0.049389 0.000000
0.280185 0.049485 0.000000
0.280185 0.049582 0.000000
0.280185 0.049678 0.000000
0.280185 0.049775 0.000000
0.280185 0.049871 0.000000
0.280185 0.049968 0.000000
0.280185 0.050064 0.000000
0.280185 0.050161 0.000000
0.280185 0.050257 0.000000
0.280185 0.050353 0.000000
0.280185 0.050450 0.000000
0.280185 0.050546 0.000000
0.280185 0.050643 0.000000
0.280185 0.050739 0.000000
0.280185 0.050836 0.000000
0.280185 0.050932 0.000000
0.280185 0.051029 0.000000
0.280185 0.051125 0.000000
0.280185 0.051222 0.000000
0.280185 0.051318 0.000000
0.280185 0.051414 0.000000
0.280185 0.051511 0.000000
0.280185 0.051607 0.000000
0.280185 0.051704 0.000000
0.280185 0.051800 0.000000
0.280185 0.051897 0.000000
0.280185 0.051993 0.000000
0.280185 0.052090 0.000000
0.280185 0.052186 0.000000
0.280185 0.052283 0.000000
0.280185 0.052379 0.000000
0.280185 0.052476 0.000000
0.280185 0.052572 0.000000
0.280185 0.052668 0.000000
0.280185 0.052765 0.000000
0.280185 0.052861 0.000000
0.280185 0.052958 0.000000
0.280185 0.053054 0.000000
0.280185 0.053151 0.000000
0.280185 0.053247 0.000000
0.280185 0.053344 0.000000
0.280185 0.053440 0.000000
0.280185 0.053537 0.000000
0.280185 0.053633 0.000000
0.280185 0.053729 0.000000
0.280185 0.053826 0.000000
0.280185 0.053922 0.000000
0.280185 0.054019 0.000000
0.280185 0.054115 0.000000
0.280185 0.054212 0.000000
0.280185 0.054308 0.000000
0.280185 0.054405 0.000000
0.280185 0.054501 0.000000
0.280185 0.054598 0.000000
0.280185 0.054694 0.000000
0.280185 0.054791 0.000000
0.280185 0.054887 0.000000
0.280185 0.054983 0.000000
0.280185 0.055080 0.000000
0.280185 0.055176 0.000000
0.280185 0.055273 0.000000
0.280185 0.055369 0.000000
0.280185 0.055466 0.000000
0.280185 0.055562 0.000000
0.280185 0.055659 0.000000
0.280185 0.055755 0.000000
0.280185 0.055852 0.000000
0.280185 0.055948 0.000000
0.280185 0.056044 0.000000
0.280185 0.056141 0.000000
0.280185 0.056237 0.000000
0.280185 0.056334 0.000000
0.280185 0.056430 0.000000
0.280185 0.056527 0.000000
0.280185 0.056623 0.000000
0.280185 0.056720 0.000000
0.280185 0.056816 0.000000
0.280185 0.056913 0.000000
0.280185 0.057009 0.000000
0.280185 0.057105 0.000000
0.280185 0.057202 0.000000
0.280185 0.057298 0.000000
0.280185 0.057395 0.000000
0.280185 0.057491 0.000000
0.280185 0.057588 0.000000
0.280185 0.057684 0.000000
0.280185 0.057781 0.000000
0.280185 0.057877 0.000000
0.280185 0.057974 0.000000
0.280185 0.058070 0.000000
0.280185 0.058167 0.000000
0.280185 0.058263 0.000000
0.280185 0.058359 0.000000
0.280185 0.058456 0.000000
0.280185 0.058552 0.000000
0.280185 0.058649 0.000000
0.280185 0.058745 0.000000
0.280185 0.058842 0.000000
0.280185 0.058938 0.000000
0.280185 0.059035 0.000000
0.280185 0.059131 0.000000
0.280185 0.059228 0.000000
0.280185 0.059324 0.000000
0.280185 0.059420 0.000000
0.280185 0.059517 0.000000
0.280185 0.059613 0.000000
0.280185 0.059710 0.000000
0.280185 0.059806 0.000000
0.280185 0.059903 0.000000
0.280185 0.059999 0.000000
0.280185 0.060096 0.000000
0.280185 0.060192 0.000000
0.280185 0.060289 0.000000
0.280185 0.060385 0.000000
0.280185 0.060481 0.000000
0.280185 0.060578 0.000000
0.280185 0.060674 0.000000
0.280185 0.060771 0.000000
0.280185 0.060867 0.000000
0.280185 0.060964 0.000000
0.280185 0.061060 0.000000
0.280185 0.061157 0.000000
0.280185 0.061253 0.000000
0.280185 0.061350 0.000000
0.280185 0.061446 0.000000
0.280185 0.061543 0.000000
0.280185 0.061639 0.000000
0.280185 0.061735 0.000000
0.280185 0.061832 0.000000
0.280185 0.061928 0.000000
0.280185 0.062025 0.000000
0.280185 0.062121 0.000000
0.280185 0.062218 0.000000
0.280185 0.062314 0.000000
0.280185 0.062411 0.000000
0.280185 0.062507 0.000000
0.280185 0.062604 0.000000
0.280185 0.062700 0.000000
0.280185 0.062796 0.000000
0.280185 0.062893 0.000000
0.280185 0.062989 0.000000
0.280185 0.063086 0.000000
0.280185 0.063182 0.000000
0.280185 0.063279 0.000000
0.280185 0.063375 0.000000
0.280185 0.063472 0.000000
0.280185 0.063568 0.000000
0.280185 0.063665 0.000000
0.280185 0.063761 0.000000
0.280185 0.063858 0.000000
0.280185 0.063954 0.000000
0.280185 0.064050 0.000000
0.280185 0.064147 0.000000
0.280185 0.064243 0.000000
0.280185 0.064340 0.000000
0.280185 0.064436 0.000000
0.280185 0.064533 0.000000
0.280185 0.064629 0.000000
0.280185 0.064726 0.000000
0.280185 0.064822 0.000000
0.280185 0.064919 0.000000
0.280185 0.065015 0.000000
0.280185 0.065111 0.000000
0.280185 0.065208 0.000000
0.280185 0.065304 0.000000
0.280185 0.065401 0.000000
0.280185 0.065497 0.000000
0.280185 0.065594 0.000000
0.280185 0.065690 0.000000
0.280185 0.065787 0.000000
0.280185 0.065883 0.000000
0.280185 0.065980 0.000000
0.280185 0.066076 0.000000
0.280185 0.066172 0.000000
0.280185 0.066269 0.000000
0.280185 0.066365 0.000000
0.280185 0.066462 0.000000
0.280185 0.066558 0.000000
0.280185 0.066655 0.000000
0.280185 0.066751 0.000000
0.280185 0.066848 0.000000
0.280185 0.066944 0.000000
0.280185 0.067041 0.000000
0.280185 0.067137 0.000000
0.280185 0.067234 0.000000
0.280185 0.067330 0.000000
0.280185 0.067426 0.000000
0.280185 0.067523 0.000000
0.280185 0.067619 0.000000
0.280185 0.067716 0.000000
0.280185 0.067812 0.000000
0.280185 0.067909 0.000000
0.280185 0.068005 0.000000
0.280185 0.068102 0.000000
0.280185 0.068198 0.000000
0.280185 0.068295 0.000000
0.280185 0.068391 0.000000
0.280185 0.068487 0.000000
0.280185 0.068584 0.000000
0.280185 0.068680 0.000000
0.280185 0.068777 0.000000
0.280185 0.068873 0.000000
0.280185 0.068970 0.000000
0.280185 0.069066 0.000000
0.280185 0.069163 0.000000
0.280185 0.069259 0.000000
0.280185 0.069356 0.000000
0.280185 0.069452 0.000000
0.280185 0.069548 0.000000
0.280185 0.069645 0.000000
0.280185 0.069741 0.000000
0.280185 0.069838 0.000000
0.280185 0.069934 0.000000
0.280185 0.070031 0.000000
0.280185 0.070127 0.000000
0.280185 0.070224 0.000000
0.280185 0.070320 0.000000
0.280185 0.070417 0.000000
0.280185 0.070513 0.000000
0.280185 0.070610 0.000000
0.280185 0.070706 0.000000
0.280185 0.070802 0.000000
0.280185 0.070899 0.000000
0.280185 0.070995 0.000000
0.280185 0.071092 0.000000
0.280185 0.071188 0.000000
0.280185 0.071285 0.000000
0.280185 0.071381 0.000000
0.280185 0.071478 0.000000
0.280185 0.071574 0.000000
0.280185 0.071671 0.000000
0.280185 0.071767 0.000000
0.280185 0.071863 0.000000
0.280185 0.071960 0.000000
0.280185 0.072056 0.000000
0.280185 0.072153 0.000000
0.280185 0.072249 0.000000
0.280185 0.072346 0.000000
0.280185 0.072442 0.000000
0.280185 0.072539 0.000000
0.280185 0.072635 0.000000
0.280185 0.072732 0.000000
0.280185 0.072828 0.000000
0.280185 0.072925 0.000000
0.280185 0.073021 0.000000
0.280185 0.073117 0.000000
0.280185 0.073214 0.000000
0.280185 0.073310 0.000000
0.280185 0.073407 0.000000
0.280185 0.073503 0.000000
0.280185 0.073600 0.000000
0.280185 0.073696 0.000000
0.280185 0.073793 0.000000
0.280185 0.073889 0.000000
0.280185 0.073986 0.000000
0.280185 0.074082 0.000000
0.280185 0.074178 0.000000
0.280185 0.074275 0.000000
0.280185 0.074371 0.000000
0.280185 0.074468 0.000000
0.280185 0.074564 0.000000
0.280185 0.074661 0.000000
0.280185 0.074757 0.000000
0.280185 0.074854 0.000000
0.280185 0.074950 0.000000
0.280185 0.075047 0.000000
0.280185 0.075143 0.000000
0.280185 0.075239 0.000000
0.280185 0.075336 0.000000
0.280185 0.075432 0.000000
0.280185 0.075529 0.000000
0.280185 0.075625 0.000000
0.280185 0.075722 0.000000
0.280185 0.075818 0.000000
0.280185 0.075915 0.000000
0.280185 0.076011 0.000000
0.280185 0.076108 0.000000
0.280185 0.076204 0.000000
0.280185 0.076301 0.000000
0.280185 0.076397 0.000000
0.280185 0.076493 0.000000
0.280185 0.076590 0.000000
0.280185 0.076686 0.000000
0.280185 0.076783 0.000000
0.280185 0.076879 0.000000
0.280185 0.076976 0.000000
0.280185 0.077072 0.000000
0.280185 0.077169 0.000000
0.280185 0.077265 0.000000
0.280185 0.077362 0.000000
0.280185 0.077458 0.000000
0.280185 0.077554 0.000000
0.280185 0.077651 0.000000
0.280185 0.077747 0.000000
0.280185 0.077844 0.000000
0.280185 0.077940 0.000000
0.280185 0.078037 0.000000
0.280185 0.078133 0.000000
0.280185 0.078230 0.000000
0.280185 0.078326 0.000000
0.280185 0.078423 0.000000
0.280185 0.078519 0.000000
0.280185 0.078615 0.000000
0.280185 0.078712 0.000000
0.280185 0.078808 0.000000
0.280185 0.078905 0.000000
0.280185 0.079001 0.000000
0.280185 0.079098 0.000000
0.280185 0.079194 0.000000
0.280185 0.079291 0.000000
0.280185 0.079387 0.000000
0.280185 0.079484 0.000000
0.280185 0.079580 0.000000
0.280185 0.079677 0.000000
0.280185 0.079773 0.000000
0.280185 0.079869 0.000000
0.280185 0.079966 0.000000
0.280185 0.080062 0.000000
0.280185 0.080159 0.000000
0.280185 0.080255 0.000000
0.280185 0.080352 0.000000
0.280185 0.080448 0.000000
0.280185 0.080545 0.000000
0.280185 0.080641 0.000000
0.280185 0.080738 0.000000
0.280185 0.080834 0.000000
0.280185 0.080930 0.000000
0.280185 0.081027 0.000000
0.280185 0.081123 0.000000
0.280185 0.081220 0.000000
0.280185 0.081316 0.000000
0.280185 0.081413 0.000000
0.280185 0.081509 0.000000
0.280185 0.081606 0.000000
0.280185 0.081702 0.000000
0.280185 0.081799 0.000000
0.280185 0.081895 0.000000
0.280185 0.081992 0.000000
0.280185 0.082088 0.000000
0.280185 0.082184 0.000000
0.280185 0.082281 0.000000
0.280185 0.082377 0.000000
0.280185 0.082474 0.000000
0.280185 0.082570 0.000000
0.280185 0.082667 0.000000
0.280185 0.082763 0.000000
0.280185 0.082860 0.000000
0.280185 0.082956 0.000000
0.280185 0.083053 0.000000
0.280185 0.083149 0.000000
0.280185 0.083245 0.000000
0.280185 0.083342 0.000000
0.280185 0.083438 0.000000
0.280185 0.083535 0.000000
0.280185 0.083631 0.000000
0.280185 0.083728 0.000000
0.280185 0.083824 0.000000
0.280185 0.083921 0.000000
0.280185 0.084017 0.000000
0.280185 0.084114 0.000000
0.280185 0.084210 0.000000
0.280185 0.084306 0.000000
0.280185 0.084403 0.000000
0.280185 0.084499 0.000000
0.280185 0.084596 0.000000
0.280185 0.084692 0.000000
0.280185 0.084789 0.000000
0.280185 0.084885 0.000000
0.280185 0.084982 0.000000
0.280185 0.085078 0.000000
0.280185 0.085175 0.000000
0.280185 0.085271 0.000000
0.280185 0.085368 0.000000
0.280185 0.085464 0.000000
0.280185 0.085560 0.000000
0.280185 0.085657 0.000000
0.280185 0.085753 0.000000
0.280185 0.085850 0.000000
0.280185 0.085946 0.000000
0.280185 0.086043 0.000000
0.280185 0.086139 0.000000
0.280185 0.086236 0.000000
0.280185 0.086332 0.000000
0.280185 0.086429 0.000000
0.280185 0.086525 0.000000
0.280185 0.086621 0.000000
0.280185 0.086718 0.000000
0.280185 0.086814 0.000000
0.280185 0.086911 0.000000
0.280185 0.087007 0.000000
0.280185 0.087104 0.000000
0.280185 0.087200 0.000000
0.280185 0.087297 0.000000
0.280185 0.087393 0.000000
0.280185 0.087490 0.000000
0.280185 0.087586 0.000000
0.280185 0.087682 0.000000
0.280185 0.087779 0.000000
0.280185 0.087875 0.000000
0.280185 0.087972 0.000000
0.280185 0.088068 0.000000
0.280185 0.088165 0.000000
0.280185 0.088261 0.000000
0.280185 0.088358 0.000000
0.280185 0.088454 0.000000
0.280185 0.088551 0.000000
0.280185 0.088647 0.000000
0.280185 0.088744 0.000000
0.280185 0.088840 0.000000
0.280185 0.088936 0.000000
0.280185 0.089033 0.000000
0.280185 0.089129 0.000000
0.280185 0.089226 0.000000
0.280185 0.089322 0.000000
0.280185 0.089419 0.000000
0.280185 0.089515 0.000000
0.280185 0.089612 0.000000
0.280185 0.089708 0.000000
0.280185 0.089805 0.000000
0.280185 0.089901 0.000000
0.280185 0.089997 0.000000
0.280185 0.090094 0.000000
0.280185 0.090190 0.000000
0.280185 0.090287 0.000000
0.280185 0.090383 0.000000
0.280185 0.090480 0.000000
0.280185 0.090576 0.000000
0.280185 0.090673 0.000000
0.280185 0.090769 0.000000
0.280185 0.090866 0.000000
0.280185 0.090962 0.000000
0.280185 0.091059 0.000000
0.280185 0.091155 0.000000
0.280185 0.091251 0.000000
0.280185 0.091348 0.000000
0.280185 0.091444 0.000000
0.280185 0.091541 0.000000
0.280185 0.091637 0.000000
0.280185 0.091734 0.000000
0.280185 0.091830 0.000000
0.280185 0.091927 0.000000
0.280185 0.092023 0.000000
0.280185 0.092120 0.000000
0.280185 0.092216 0.000000
0.280185 0.092312 0.000000
0.280185 0.092409 0.000000
0.280185 0.092505 0.000000
0.280185 0.092602 0.000000
0.280185 0.092698 0.000000
0.280185 0.092795 0.000000
0.280185 0.092891 0.000000
0.280185 0.092988 0.000000
0.280185 0.093084 0.000000
0.280185 0.093181 0.000000
0.280185 0.093277 0.000000
0.280185 0.093373 0.000000
0.280185 0.093470 0.000000
0.280185 0.093566 0.000000
0.280185 0.093663 0.000000
0.280185 0.093759 0.000000
0.280185 0.093856 0.000000
0.280185 0.093952 0.000000
0.280185 0.094049 0.000000
0.280185 0.094145 0.000000
0.280185 0.094242 0.000000
0.280185 0.094338 0.000000
0.280185 0.094435 0.000000
0.280185 0.094531 0.000000
0.280185 0.094627 0.000000
0.280185 0.094724 0.000000
0.280185 0.094820 0.000000
0.280185 0.094917 0.000000
0.280185 0.095013 0.000000
0.280185 0.095110 0.000000
0.280185 0.095206 0.000000
0.280185 0.095303 0.000000
0.280185 0.095399 0.000000
0.280185 0.095496 0.000000
0.280185 0.095592 0.000000
0.280185 0.095688 0.000000
0.280185 0.095785 0.000000
0.280185 0.095881 0.000000
0.280185 0.095978 0.000000
0.280185 0.096074 0.000000
0.280185 0.096171 0.000000
0.280185 0.096267 0.000000
0.280185 0.096364 0.000000
0.280185 0.096460 0.000000
0.280185 0.096557 0.000000
0.280185 0.096653 0.000000
0.280185 0.096749 0.000000
0.280185 0.096846 0.000000
0.280185 0.096942 0.000000
0.280185 0.097039 0.000000
0.280185 0.097135 0.000000
0.280185 0.097232 0.000000
0.280185 0.097328 0.000000
0.280185 0.097425 0.000000
0.280185 0.097521 0.000000
0.280185 0.097618 0.000000
0.280185 0.097714 0.000000
0.280185 0.097811 0.000000
0.280185 0.097907 0.000000
0.280185 0.098003 0.000000
0.280185 0.098100 0.000000
0.280185 0.098196 0.000000
0.280185 0.098293 0.000000
0.280185 0.098389 0.000000
0.280185 0.098486 0.000000
0.280185 0.098582 0.000000
0.280185 0.098679 0.000000
0.280185 0.098775 0.000000
0.280185 0.098872 0.000000
0.280185 0.098968 0.000000
0.280185 0.099064 0.000000
0.280185 0.099161 0.000000
0.280185 0.099257 0.000000
0.280185 0.099354 0.000000
0.280185 0.099450 0.000000
0.280185 0.099547 0.000000
0.280185 0.099643 0.000000
0.280185 0.099740 0.000000
0.280185 0.099836 0.000000
0.280185 0.099933 0.000000
0.280185 0.100029 0.000000
0.280185 0.100126 0.000000
0.280185 0.100222 0.000000
0.280185 0.100318 0.000000
0.280185 0.100415 0.000000
0.280185 0.100511 0.000000
0.280185 0.100608 0.000000
0.280185 0.100704 0.000000
0.280185 0.100801 0.000000
0.280185 0.100897 0.000000
0.280185 0.100994 0.000000
0.280185 0.101090 0.000000
0.280185 0.101187 0.000000
0.280185 0.101283 0.000000
0.280185 0.101379 0.000000
0.280185 0.101476 0.000000
0.280185 0.101572 0.000000
0.280185 0.101669 0.000000
0.280185 0.101765 0.000000
0.280185 0.101862 0.000000
0.280185 0.101958 0.000000
0.280185 0.102055 0.000000
0.280185 0.102151 0.000000
0.280185 0.102248 0.000000
0.280185 0.102344 0.000000
0.280185 0.102440 0.000000
0.280185 0.102537 0.000000
0.280185 0.102633 0.000000
0.280185 0.102730 0.000000
0.280185 0.102826 0.000000
0.280185 0.102923 0.000000
0.280185 0.103019 0.000000
0.280185 0.103116 0.000000
0.280185 0.103212 0.000000
0.280185 0.103309 0.000000
0.280185 0.103405 0.000000
0.280185 0.103502 0.000000
0.280185 0.103598 0.000000
0.280185 0.103694 0.000000
0.280185 0.103791 0.000000
0.280185 0.103887 0.000000
0.280185 0.103984 0.000000
0.280185 0.104080 0.000000
0.280185 0.104177 0.000000
0.280185 0.104273 0.000000
0.280185 0.104370 0.000000
0.280185 0.104466 0.000000
0.280185 0.104563 0.000000
0.280185 0.104659 0.000000
0.280185 0.104755 0.000000
0.280185 0.104852 0.000000
0.280185 0.104948 0.000000
0.280185 0.105045 0.000000
0.280185 0.105141 0.000000
0.280185 0.105238 0.000000
0.280185 0.105334 0.000000
0.280185 0.105431 0.000000
0.280185 0.105527 0.000000
0.280185 0.105624 0.000000
0.280185 0.105720 0.000000
0.280185 0.105816 0.000000
0.280185 0.105913 0.000000
0.280185 0.106009 0.000000
0.280185 0.106106 0.000000
0.280185 0.106202 0.000000
0.280185 0.106299 0.000000
0.280185 0.106395 0.000000
0.280185 0.106492 0.000000
0.280185 0.106588 0.000000
0.280185 0.106685 0.000000
0.280185 0.106781 0.000000
0.280185 0.106878 0.000000
0.280185 0.106974 0.000000
0.280185 0.107070 0.000000
0.280185 0.107167 0.000000
0.280185 0.107263 0.000000
0.280185 0.107360 0.000000
0.280185 0.107456 0.000000
0.280185 0.107553 0.000000
0.280185 0.107649 0.000000
0.280185 0.107746 0.000000
0.280185 0.107842 0.000000
0.280185 0.107939 0.000000
0.280185 0.108035 0.000000
0.280185 0.108131 0.000000
0.280185 0.108228 0.000000
0.280185 0.108324 0.000000
0.280185 0.108421 0.000000
0.280185 0.108517 0.000000
0.280185 0.108614 0.000000
0.280185 0.108710 0.000000
0.280185 0.108807 0.000000
0.280185 0.108903 0.000000
0.280185 0.109000 0.000000
0.280185 0.109096 0.000000
0.280185 0.109193 0.000000
0.280185 0.109289 0.000000
0.280185 0.109385 0.000000
0.280185 0.109482 0.000000
0.280185 0.109578 0.000000
0.280185 0.109675 0.000000
0.280185 0.109771 0.000000
0.280185 0.109868 0.000000
0.280185 0.109964 0.000000
0.280185 0.110061 0.000000
0.280185 0.110157 0.000000
0.280185 0.110254 0.000000
0.280185 0.110350 0.000000
0.280185 0.110446 0.000000
0.280185 0.110543 0.000000
0.280185 0.110639 0.000000
0.280185 0.110736 0.000000
0.280185 0.110832 0.000000
0.280185 0.110929 0.000000
0.280185 0.111025 0.000000
0.280185 0.111122 0.000000
0.280185 0.111218 0.000000
0.280185 0.111315 0.000000
0.280185 0.111411 0.000000
0.280185 0.111507 0.000000
0.280185 0.111604 0.000000
0.280185 0.111700 0.000000
0.280185 0.111797 0.000000
0.280185 0.111893 0.000000
0.280185 0.111990 0.000000
0.280185 0.112086 0.000000
0.280185 0.112183 0.000000
0.280185 0.112279 0.000000
0.280185 0.112376 0.000000
0.280185 0.112472 0.000000
0.280185 0.112569 0.000000
0.280185 0.112665 0.000000
0.280185 0.112761 0.000000
0.280185 0.112858 0.000000
0.280185 0.112954 0.000000
0.280185 0.113051 0.000000
0.280185 0.113147 0.000000
0.280185 0.113244 0.000000
0.280185 0.113340 0.000000
0.280185 0.113437 0.000000
0.280185 0.113533 0.000000
0.280185 0.113630 0.000000
0.280185 0.113726 0.000000
0.280185 0.113822 0.000000
0.280185 0.113919 0.000000
0.280185 0.114015 0.000000
0.280185 0.114112 0.000000
0.280185 0.114208 0.000000
0.280185 0.114305 0.000000
0.280185 0.114401 0.000000
0.280185 0.114498 0.000000
0.280185 0.114594 0.000000
0.280185 0.114691 0.000000
0.280185 0.114787 0.000000
0.280185 0.114883 0.000000
0.280185 0.114980 0.000000
0.280185 0.115076 0.000000
0.280185 0.115173 0.000000
0.280185 0.115269 0.000000
0.280185 0.115366 0.000000
0.280185 0.115462 0.000000
0.280185 0.115559 0.000000
0.280185 0.115655 0.000000
0.280185 0.115752 0.000000
0.280185 0.115848 0.000000
0.280185 0.115945 0.000000
0.280185 0.116041 0.000000
0.280185 0.116137 0.000000
0.280185 0.116234 0.000000
0.280185 0.116330 0.000000
0.280185 0.116427 0.000000
0.280185 0.116523 0.000000
0.280185 0.116620 0.000000
0.280185 0.116716 0.000000
0.280185 0.116813 0.000000
0.280185 0.116909 0.000000
0.280185 0.117006 0.000000
0.280185 0.117102 0.000000
0.280185 0.117198 0.000000
0.280185 0.117295 0.000000
0.280185 0.117391 0.000000
0.280185 0.117488 0.000000
0.280185 0.117584 0.000000
0.280185 0.117681 0.000000
0.280185 0.117777 0.000000
0.280185 0.117874 0.000000
0.280185 0.117970 0.000000
0.280185 0.118067 0.000000
0.280185 0.118163 0.000000
0.280185 0.118260 0.000000
0.280185 0.118356 0.000000
0.280185 0.118452 0.000000
0.280185 0.118549 0.000000
0.280185 0.118645 0.000000
0.280185 0.118742 0.000000
0.280185 0.118838 0.000000
0.280185 0.118935 0.000000
0.280185 0.119031 0.000000
0.280185 0.119128 0.000000
0.280185 0.119224 0.000000
0.280185 0.119321 0.000000
0.280185 0.119417 0.000000
0.280185 0.119513 0.000000
0.280185 0.119610 0.000000
0.280185 0.119706 0.000000
0.280185 0.119803 0.000000
0.280185 0.119899 0.000000
0.280185 0.119996 0.000000
0.280185 0.120092 0.000000
0.280185 0.120189 0.000000
0.280185 0.120285 0.000000
0.280185 0.120382 0.000000
0.280185 0.120478 0.000000
0.280185 0.120574 0.000000
0.280185 0.120671 0.000000
0.280185 0.120767 0.000000
0.280185 0.120864 0.000000
0.280185 0.120960 0.000000
0.280185 0.121057 0.000000
0.280185 0.121153 0.000000
0.280185 0.121250 0.000000
0.280185 0.121346 0.000000
0.280185 0.121443 0.000000
0.280185 0.121539 0.000000
0.280185 0.121636 0.000000
0.280185 0.121732 0.000000
0.280185 0.121828 0.000000
0.280185 0.121925 0.000000
0.280185 0.122021 0.000000
0.280185 0.122118 0.000000
0.280185 0.122214 0.000000
0.280185 0.122311 0.000000
0.280185 0.122407 0.000000
0.280185 0.122504 0.000000
0.280185 0.122600 0.000000
0.280185 0.122697 0.000000
0.280185 0.122793 0.000000
0.280185 0.122889 0.000000
0.280185 0.122986 0.000000
0.280185 0.123082 0.000000
0.280185 0.123179 0.000000
0.280185 0.123275 0.000000
0.280185 0.123372 0.000000
0.280185 0.123468 0.000000
0.280185 0.123565 0.000000
0.280185 0.123661 0.000000
0.280185 0.123758 0.000000
0.280185 0.123854 0.000000
0.280185 0.123950 0.000000
0.280185 0.124047 0.000000
0.280185 0.124143 0.000000
0.280185 0.124240 0.000000
0.280185 0.124336 0.000000
0.280185 0.124433 0.000000
0.280185 0.124529 0.000000
0.280185 0.124626 0.000000
0.280185 0.124722 0.000000
0.280185 0.124819 0.000000
0.280185 0.124915 0.000000
0.280185 0.125012 0.000000
0.280185 0.125108 0.000000
0.280185 0.125204 0.000000
0.280185 0.125301 0.000000
0.280185 0.125397 0.000000
0.280185 0.125494 0.000000
0.280185 0.125590 0.000000
0.280185 0.125687 0.000000
0.280185 0.125783 0.000000
0.280185 0.125880 0.000000
0.280185 0.125976 0.000000
0.280185 0.126073 0.000000
0.280185 0.126169 0.000000
0.280185 0.126265 0.000000
0.280185 0.126362 0.000000
0.280185 0.126458 0.000000
0.280185 0.126555 0.000000
0.280185 0.126651 0.000000
0.280185 0.126748 0.000000
0.280185 0.126844 0.000000
0.280185 0.126941 0.000000
0.280185 0.127037 0.000000
0.280185 0.127134 0.000000
0.280185 0.127230 0.000000
0.280185 0.127327 0.000000
0.280185 0.127423 0.000000
0.280185 0.127519 0.000000
0.280185 0.127616 0.000000
0.280185 0.127712 0.000000
0.280185 0.127809 0.000000
0.280185 0.127905 0.000000
0.280185 0.128002 0.000000
0.280185 0.128098 0.000000
0.280185 0.128195 0.000000
0.280185 0.128291 0.000000
0.280185 0.128388 0.000000
0.280185 0.128484 0.000000
0.280185 0.128580 0.000000
0.280185 0.128677 0.000000
0.280185 0.128773 0.000000
0.280185 0.128870 0.000000
0.280185 0.128966 0.000000
0.280185 0.129063 0.000000
0.280185 0.129159 0.000000
0.280185 0.129256 0.000000
0.280185 0.129352 0.000000
0.280185 0.129449 0.000000
0.280185 0.129545 0.000000
0.280185 0.129641 0.000000
0.280185 0.129738 0.000000
0.280185 0.129834 0.000000
0.280185 0.129931 0.000000
0.280185 0.130027 0.000000
0.280185 0.130124 0.000000
0.280185 0.130220 0.000000
0.280185 0.130317 0.000000
0.280185 0.130413 0.000000
0.280185 0.130510 0.000000
0.280185 0.130606 0.000000
0.280185 0.130703 0.000000
0.280185 0.130799 0.000000
0.280185 0.130895 0.000000
0.280185 0.130992 0.000000
0.280185 0.131088 0.000000
0.280185 0.131185 0.000000
0.280185 0.131281 0.000000
0.280185 0.131378 0.000000
0.280185 0.131474 0.000000
0.280185 0.131571 0.000000
0.280185 0.131667 0.000000
0.280185 0.131764 0.000000
0.280185 0.131860 0.000000
0.280185 0.131956 0.000000
0.280185 0.132053 0.000000
0.280185 0.132149 0.000000
0.280185 0.132246 0.000000
0.280185 0.132342 0.000000
0.280185 0.132439 0.000000
0.280185 0.132535 0.000000
0.280185 0.132632 0.000000
0.280185 0.132728 0.000000
0.280185 0.132825 0.000000
0.280185 0.132921 0.000000
0.280185 0.133017 0.000000
0.280185 0.133114 0.000000
0.280185 0.133210 0.000000
0.280185 0.133307 0.000000
0.280185 0.133403 0.000000
0.280185 0.133500 0.000000
0.280185 0.133596 0.000000
0.280185 0.133693 0.000000
0.280185 0.133789 0.000000
0.280185 0.133886 0.000000
0.280185 0.133982 0.000000
0.280185 0.134079 0.000000
0.280185 0.134175 0.000000
0.280185 0.134271 0.000000
0.280185 0.134368 0.000000
0.280185 0.134464 0.000000
0.280185 0.134561 0.000000
0.280185 0.134657 0.000000
0.280185 0.134754 0.000000
0.280185 0.134850 0.000000
0.280185 0.134947 0.000000
0.280185 0.135043 0.000000
0.280185 0.135140 0.000000
0.280185 0.135236 0.000000
0.280185 0.135332 0.000000
0.280185 0.135429 0.000000
0.280185 0.135525 0.000000
0.280185 0.135622 0.000000
0.280185 0.135718 0.000000
0.280185 0.135815 0.000000
0.280185 0.135911 0.000000
0.280185 0.136008 0.000000
0.280185 0.136104 0.000000
0.280185 0.136201 0.000000
0.280185 0.136297 0.000000
0.280185 0.136394 0.000000
0.280185 0.136490 0.000000
0.280185 0.136586 0.000000
0.280185 0.136683 0.000000
0.280185 0.136779 0.000000
0.280185 0.136876 0.000000
0.280185 0.136972 0.000000
0.280185 0.137069 0.000000
0.280185 0.137165 0.000000
0.280185 0.137262 0.000000
0.280185 0.137358 0.000000
0.280185 0.137455 0.000000
0.280185 0.137551 0.000000
0.280185 0.137647 0.000000
0.280185 0.137744 0.000000
0.280185 0.137840 0.000000
0.280185 0.137937 0.000000
0.280185 0.138033 0.000000
0.280185 0.138130 0.000000
0.280185 0.138226 0.000000
0.280185 0.138323 0.000000
0.280185 0.138419 0.000000
0.280185 0.138516 0.000000
0.280185 0.138612 0.000000
0.280185 0.138708 0.000000
0.280185 0.138805 0.000000
0.280185 0.138901 0.000000
0.280185 0.138998 0.000000
0.280185 0.139094 0.000000
0.280185 0.139191 0.000000
0.280185 0.139287 0.000000
0.280185 0.139384 0.000000
0.280185 0.139480 0.000000
0.280185 0.139577 0.000000
0.280185 0.139673 0.000000
0.280185 0.139770 0.000000
0.280185 0.139866 0.000000
0.280185 0.139962 0.000000
0.280185 0.140059 0.000000
0.280185 0.140155 0.000000
0.280185 0.140252 0.000000
0.280185 0.140348 0.000000
0.280185 0.140445 0.000000
0.280185 0.140541 0.000000
0.280185 0.140638 0.000000
0.280185 0.140734 0.000000
0.280185 0.140831 0.000000
0.280185 0.140927 0.000000
0.280185 0.141023 0.000000
0.280185 0.141120 0.000000
0.280185 0.141216 0.000000
0.280185 0.141313 0.000000
0.280185 0.141409 0.000000
0.280185 0.141506 0.000000
0.280185 0.141602 0.000000
0.280185 0.141699 0.000000
0.280185 0.141795 0.000000
0.280185 0.141892 0.000000
0.280185 0.141988 0.000000
0.280185 0.142084 0.000000
0.280185 0.142181 0.000000
0.280185 0.142277 0.000000
0.280185 0.142374 0.000000
0.280185 0.142470 0.000000
0.280185 0.142567 0.000000
0.280185 0.142663 0.000000
0.280185 0.142760 0.000000
0.280185 0.142856 0.000000
0.280185 0.142953 0.000000
0.280185 0.143049 0.000000
0.280185 0.143146 0.000000
0.280185 0.143242 0.000000
0.280185 0.143338 0.000000
0.280185 0.143435 0.000000
0.280185 0.143531 0.000000
0.280185 0.143628 0.000000
0.280185 0.143724 0.000000
0.280185 0.143821 0.000000
0.280185 0.143917 0.000000
0.280185 0.144014 0.000000
0.280185 0.144110 0.000000
0.280185 0.144207 0.000000
0.280185 0.144303 0.000000
0.280185 0.144399 0.000000
0.280185 0.144496 0.000000
0.280185 0.144592 0.000000
0.280185 0.144689 0.000000
0.280185 0.144785 0.000000
0.280185 0.144882 0.000000
0.280185 0.144978 0.000000
0.280185 0.145075 0.000000
0.280185 0.145171 0.000000
0.280185 0.145268 0.000000
0.280185 0.145364 0.000000
0.280185 0.145461 0.000000
0.280185 0.145557 0.000000
0.280185 0.145653 0.000000
0.280185 0.145750 0.000000
0.280185 0.145846 0.000000
0.280185 0.145943 0.000000
0.280185 0.146039 0.000000
0.280185 0.146136 0.000000
0.280185 0.146232 0.000000
0.280185 0.146329 0.000000
0.280185 0.146425 0.000000
0.280185 0.146522 0.000000
0.280185 0.146618 0.000000
0.280185 0.146714 0.000000
0.280185 0.146811 0.000000
0.280185 0.146907 0.000000
0.280185 0.147004 0.000000
0.280185 0.147100 0.000000
0.280185 0.147197 0.000000
0.280185 0.147293 0.000000
0.280185 0.147390 0.000000
0.280185 0.147486 0.000000
0.280185 0.147583 0.000000
0.280185 0.147679 0.000000
0.280185 0.147775 0.000000
0.280185 0.147872 0.000000
0.280185 0.147968 0.000000
0.280185 0.148065 0.000000
0.280185 0.148161 0.000000
0.280185 0.148258 0.000000
0.280185 0.148354 0.000000
0.280185 0.148451 0.000000
0.280185 0.148547 0.000000
0.280185 0.148644 0.000000
0.280185 0.148740 0.000000
0.280185 0.148837 0.000000
0.280185 0.148933 0.000000
0.280185 0.149029 0.000000
0.280185 0.149126 0.000000
0.280185 0.149222 0.000000
0.280185 0.149319 0.000000
0.280185 0.149415 0.000000
0.280185 0.149512 0.000000
0.280185 0.149608 0.000000
0.280185 0.149705 0.000000
0.280185 0.149801 0.000000
0.280185 0.149898 0.000000
0.280185 0.149994 0.000000
0.280185 0.150090 0.000000
0.280185 0.150187 0.000000
0.280185 0.150283 0.000000
0.280185 0.150380 0.000000
0.280185 0.150476 0.000000
0.280185 0.150573 0.000000
0.280185 0.150669 0.000000
0.280185 0.150766 0.000000
0.280185 0.150862 0.000000
0.280185 0.150959 0.000000
0.280185 0.151055 0.000000
0.280185 0.151151 0.000000
0.280185 0.151248 0.000000
0.280185 0.151344 0.000000
0.280185 0.151441 0.000000
0.280185 0.151537 0.000000
0.280185 0.151634 0.000000
0.280185 0.151730 0.000000
0.280185 0.151827 0.000000
0.280185 0.151923 0.000000
0.280185 0.152020 0.000000
0.280185 0.152116 0.000000
0.280185 0.152213 0.000000
0.280185 0.152309 0.000000
0.280185 0.152405 0.000000
0.280185 0.152502 0.000000
0.280185 0.152598 0.000000
0.280185 0.152695 0.000000
0.280185 0.152791 0.000000
0.280185 0.152888 0.000000
0.280185 0.152984 0.000000
0.280185 0.153081 0.000000
0.280185 0.153177 0.000000
0.280185 0.153274 0.000000
0.280185 0.153370 0.000000
0.280185 0.153466 0.000000
0.280185 0.153563 0.000000
0.280185 0.153659 0.000000
0.280185 0.153756 0.000000
0.280185 0.153852 0.000000
0.280185 0.153949 0.000000
0.280185 0.154045 0.000000
0.280185 0.154142 0.000000
0.280185 0.154238 0.000000
0.280185 0.154335 0.000000
0.280185 0.154431 0.000000
0.280185 0.154528 0.000000
0.280185 0.154624 0.000000
0.280185 0.154720 0.000000
0.280185 0.154817 0.000000
0.280185 0.154913 0.000000
0.280185 0.155010 0.000000
0.280185 0.155106 0.000000
0.280185 0.155203 0.000000
0.280185 0.155299 0.000000
0.280185 0.155396 0.000000
0.280185 0.155492 0.000000
0.280185 0.155589 0.000000
0.280185 0.155685 0.000000
0.280185 0.155781 0.000000
0.280185 0.155878 0.000000
0.280185 0.155974 0.000000
0.280185 0.156071 0.000000
0.280185 0.156167 0.000000
0.280185 0.156264 0.000000
0.280185 0.156360 0.000000
0.280185 0.156457 0.000000
0.280185 0.156553 0.000000
0.280185 0.156650 0.000000
0.280185 0.156746 0.000000
0.280185 0.156842 0.000000
0.280185 0.156939 0.000000
0.280185 0.157035 0.000000
0.280185 0.157132 0.000000
0.280185 0.157228 0.000000
0.280185 0.157325 0.000000
0.280185 0.157421 0.000000
0.280185 0.157518 0.000000
0.280185 0.157614 0.000000
0.280185 0.157711 0.000000
0.280185 0.157807 0.000000
0.280185 0.157904 0.000000
0.280185 0.158000 0.000000
0.280185 0.158096 0.000000
0.280185 0.158193 0.000000
0.280185 0.158289 0.000000
0.280185 0.158386 0.000000
0.280185 0.158482 0.000000
0.280185 0.158579 0.000000
0.280185 0.158675 0.000000
0.280185 0.158772 0.000000
0.280185 0.158868 0.000000
0.280185 0.158965 0.000000
0.280185 0.159061 0.000000
0.280185 0.159157 0.000000
0.280185 0.159254 0.000000
0.280185 0.159350 0.000000
0.280185 0.159447 0.000000
0.280185 0.159543 0.000000
0.280185 0.159640 0.000000
0.280185 0.159736 0.000001
0.280185 0.159833 0.000001
0.280185 0.159929 0.000001
0.280185 0.160026 0.000001
0.280185 0.160122 0.000001
0.280185 0.160218 0.000001
0.280185 0.160315 0.000001
0.280185 0.160411 0.000001
0.280185 0.160508 0.000001
0.280185 0.160604 0.000001
0.280185 0.160701 0.000001
0.280185 0.160797 0.000001
0.280185 0.160894 0.000001
0.280185 0.160990 0.000001
0.280185 0.161087 0.000001
0.280185 0.161183 0.000002
0.280185 0.161280 0.000002
0.280185 0.161376 0.000002
0.280185 0.161472 0.000002
0.280185 0.161569 0.000002
0.280185 0.161665 0.000002
0.280185 0.161762 0.000002
0.280185 0.161858 0.000003
0.280185 0.161955 0.000003
0.280185 0.162051 0.000003
0.280185 0.162148 0.000003
0.280185 0.162244 0.000003
0.280185 0.162341 0.000004
0.280185 0.162437 0.000004
0.280185 0.162533 0.000004
0.280185 0.162630 0.000005
0.280185 0.162726 0.000005
0.280185 0.162823 0.000005
0.280185 0.162919 0.000006
0.280185 0.163016 0.000006
0.280185 0.163112 0.000006
0.280185 0.163209 0.000007
0.280185 0.163305 0.000007
0.280185 0.163402 0.000008
0.280185 0.163498 0.000008
0.280185 0.163595 0.000009
0.280185 0.163691 0.000009
0.280185 0.163787 0.000010
0.280185 0.163884 0.000011
0.280185 0.163980 0.000011
0.280185 0.164077 0.000012
0.280185 0.164173 0.000013
0.280185 0.164270 0.000014
0.280185 0.164366 0.000015
0.280185 0.164463 0.000016
0.280185 0.164559 0.000017
0.280185 0.164656 0.000018
0.280185 0.164752 0.000019
0.280185 0.164848 0.000020
0.280185 0.164945 0.000021
0.280185 0.165041 0.000022
0.280185 0.165138 0.000024
0.280185 0.165234 0.000025
0.280185 0.165331 0.000027
0.280185 0.165427 0.000028
0.280185 0.165524 0.000030
0.280185 0.165620 0.000032
0.280185 0.165717 0.000034
0.280185 0.165813 0.000036
0.280185 0.165909 0.000038
0.280185 0.166006 0.000040
0.280185 0.166102 0.000042
0.280185 0.166199 0.000045
0.280185 0.166295 0.000047
0.280185 0.166392 0.000050
0.280185 0.166488 0.000053
0.280185 0.166585 0.000056
0.280185 0.166681 0.000059
0.280185 0.166778 0.000062
0.280185 0.166874 0.000066
0.280185 0.166971 0.000069
0.280185 0.167067 0.000073
0.280185 0.167163 0.000077
0.280185 0.167260 0.000081
0.280185 0.167356 0.000086
0.280185 0.167453 0.000090
0.280185 0.167549 0.000095
0.280185 0.167646 0.000100
0.280185 0.167742 0.000105
0.280185 0.167839 0.000111
0.280185 0.167935 0.000116
0.280185 0.168032 0.000122
0.280185 0.168128 0.000129
0.280185 0.168224 0.000135
0.280185 0.168321 0.000142
0.280185 0.168417 0.000149
0.280185 0.168514 0.000157
0.280185 0.168610 0.000165
0.280185 0.168707 0.000173
0.280185 0.168803 0.000181
0.280185 0.168900 0.000190
0.280185 0.168996 0.000199
0.280185 0.169093 0.000209
0.280185 0.169189 0.000219
0.280185 0.169285 0.000230
0.280185 0.169382 0.000240
0.280185 0.169478 0.000252
0.280185 0.169575 0.000263
0.280185 0.169671 0.000276
0.280185 0.169768 0.000288
0.280185 0.169864 0.000302
0.280185 0.169961 0.000315
0.280185 0.170057 0.000330
0.280185 0.170154 0.000345
0.280185 0.170250 0.000360
0.280185 0.170347 0.000376
0.280185 0.170443 0.000393
0.280185 0.170539 0.000410
0.280185 0.170636 0.000428
0.280185 0.170732 0.000446
0.280185 0.170829 0.000465
0.280185 0.170925 0.000485
0.280185 0.171022 0.000506
0.280185 0.171118 0.000527
0.280185 0.171215 0.000549
0.280185 0.171311 0.000572
0.280185 0.171408 0.000596
0.280185 0.171504 0.000620
0.280185 0.171600 0.000646
0.280185 0.171697 0.000672
0.280185 0.171793 0.000699
0.280185 0.171890 0.000727
0.280185 0.171986 0.000755
0.280185 0.172083 0.000785
0.280185 0.172179 0.000816
0.280185 0.172276 0.000847
0.280185 0.172372 0.000880
0.280185 0.172469 0.000914
0.280185 0.172565 0.000949
0.280185 0.172662 0.000984
0.280185 0.172758 0.001021
0.280185 0.172854 0.001059
0.280185 0.172951 0.001098
0.280185 0.173047 0.001139
0.280185 0.173144 0.001180
0.280185 0.173240 0.001223
0.280185 0.173337 0.001267
0.280185 0.173433 0.001312
0.280185 0.173530 0.001358
0.280185 0.173626 0.001406
0.280185 0.173723 0.001455
0.280185 0.173819 0.001506
0.280185 0.173915 0.001557
0.280185 0.174012 0.001610
0.280185 0.174108 0.001665
0.280185 0.174205 0.001721
0.280185 0.174301 0.001778
0.280185 0.174398 0.001837
0.280185 0.174494 0.001898
0.280185 0.174591 0.001959
0.280185 0.174687 0.002023
0.280185 0.174784 0.002088
0.280185 0.174880 0.002154
0.280185 0.174976 0.002223
0.280185 0.175073 0.002292
0.280185 0.175169 0.002364
0.280185 0.175266 0.002437
0.280185 0.175362 0.002512
0.280185 0.175459 0.002588
0.280185 0.175555 0.002667
0.280185 0.175652 0.002747
0.280185 0.175748 0.002828
0.280185 0.175845 0.002912
0.280185 0.175941 0.002997
0.280185 0.176038 0.003084
0.280185 0.176134 0.003173
0.280185 0.176230 0.003264
0.280185 0.176327 0.003357
0.280185 0.176423 0.003451
0.280185 0.176520 0.003548
0.280185 0.176616 0.003646
0.280185 0.176713 0.003747
0.280185 0.176809 0.003849
0.280185 0.176906 0.003953
0.280185 0.177002 0.004060
0.280185 0.177099 0.004168
0.280185 0.177195 0.004278
0.280185 0.177291 0.004390
0.280185 0.177388 0.004505
0.280185 0.177484 0.004621
0.280185 0.177581 0.004739
0.280185 0.177677 0.004860
0.280185 0.177774 0.004982
0.280185 0.177870 0.005107
0.280185 0.177967 0.005234
0.280185 0.178063 0.005363
0.280185 0.178160 0.005493
0.280185 0.178256 0.005627
0.280185 0.178352 0.005762
0.280185 0.178449 0.005899
0.280185 0.178545 0.006038
0.280185 0.178642 0.006180
0.280185 0.178738 0.006324
0.280185 0.178835 0.006470
0.280185 0.178931 0.006618
0.280185 0.179028 0.006768
0.280185 0.179124 0.006921
0.280185 0.179221 0.007075
0.280185 0.179317 0.007232
0.280185 0.179414 0.007391
0.280185 0.179510 0.007552
0.280185 0.179606 0.007715
0.280185 0.179703 0.007881
0.280185 0.179799 0.008048
0.280185 0.179896 0.008218
0.280185 0.179992 0.008390
0.280185 0.180089 0.008564
0.280185 0.180185 0.008741
0.280185 0.180282 0.008919
0.280185 0.180378 0.009100
0.280185 0.180475 0.009283
0.280185 0.180571 0.009468
0.280185 0.180667 0.009655
0.280185 0.180764 0.009844
0.280185 0.180860 0.010036
0.280185 0.180957 0.010229
0.280185 0.181053 0.010425
0.280185 0.181150 0.010623
0.280185 0.181246 0.010823
0.280185 0.181343 0.011025
0.280185 0.181439 0.011229
0.280185 0.181536 0.011436
0.280185 0.181632 0.011644
0.280185 0.181729 0.011855
0.280185 0.181825 0.012067
0.280185 0.181921 0.012282
0.280185 0.182018 0.012498
0.280185 0.182114 0.012717
0.280185 0.182211 0.012938
0.280185 0.182307 0.013161
0.280185 0.182404 0.013386
0.280185 0.182500 0.013613
0.280185 0.182597 0.013841
0.280185 0.182693 0.014072
0.280185 0.182790 0.014305
0.280185 0.182886 0.014540
0.280185 0.182982 0.014777
0.280185 0.183079 0.015015
0.280185 0.183175 0.015256
0.280185 0.183272 0.015498
0.280185 0.183368 0.015743
0.280185 0.183465 0.015989
0.280185 0.183561 0.016237
0.280185 0.183658 0.016487
0.280185 0.183754 0.016739
0.280185 0.183851 0.016993
0.280185 0.183947 0.017248
0.280185 0.184043 0.017506
0.280185 0.184140 0.017765
0.280185 0.184236 0.018025
0.280185 0.184333 0.018288
0.280185 0.184429 0.018552
0.280185 0.184526 0.018819
0.280185 0.184622 0.019086
0.280185 0.184719 0.019356
0.280185 0.184815 0.019627
0.280185 0.184912 0.019900
0.280185 0.185008 0.020175
0.280185 0.185105 0.020451
0.280185 0.185201 0.020728
0.280185 0.185297 0.021008
0.280185 0.185394 0.021289
0.280185 0.185490 0.021571
0.280185 0.185587 0.021856
0.280185 0.185683 0.022141
0.280185 0.185780 0.022428
0.280185 0.185876 0.022717
0.280185 0.185973 0.023007
0.280185 0.186069 0.023299
0.280185 0.186166 0.023592
0.280185 0.186262 0.023887
0.280185 0.186358 0.024183
0.280185 0.186455 0.024480
0.280185 0.186551 0.024779
0.280185 0.186648 0.025080
0.280185 0.186744 0.025381
0.280185 0.186841 0.025684
0.280185 0.186937 0.025989
0.280185 0.187034 0.026294
0.280185 0.187130 0.026601
0.280185 0.187227 0.026909
0.280185 0.187323 0.027219
0.280185 0.187419 0.027530
0.280185 0.187516 0.027842
0.280185 0.187612 0.028155
0.280185 0.187709 0.028470
0.280185 0.187805 0.028786
0.280185 0.187902 0.029102
0.280185 0.187998 0.029421
0.280185 0.188095 0.029740
0.280185 0.188191 0.030060
0.280185 0.188288 0.030382
0.280185 0.188384 0.030704
0.280185 0.188481 0.031028
0.280185 0.188577 0.031353
0.280185 0.188673 0.031679
0.280185 0.188770 0.032006
0.280185 0.188866 0.032334
0.280185 0.188963 0.032663
0.280185 0.189059 0.032993
0.280185 0.189156 0.033324
0.280185 0.189252 0.033656
0.280185 0.189349 0.033989
0.280185 0.189445 0.034323
0.280185 0.189542 0.034658
0.280185 0.189638 0.034994
0.280185 0.189734 0.035331
0.280185 0.189831 0.035668
0.280185 0.189927 0.036007
0.280185 0.190024 0.036346
0.280185 0.190120 0.036687
0.280185 0.190217 0.037028
0.280185 0.190313 0.037370
0.280185 0.190410 0.037713
0.280185 0.190506 0.038056
0.280185 0.190603 0.038401
0.280185 0.190699 0.038746
0.280185 0.190796 0.039092
0.280185 0.190892 0.039439
0.280185 0.190988 0.039786
0.280185 0.191085 0.040134
0.280185 0.191181 0.040483
0.280185 0.191278 0.040833
0.280185 0.191374 0.041183
0.280185 0.191471 0.041535
0.280185 0.191567 0.041886
0.280185 0.191664 0.042239
0.280185 0.191760 0.042592
0.280185 0.191857 0.042946
0.280185 0.191953 0.043300
0.280185 0.192049 0.043655
0.280185 0.192146 0.044011
0.280185 0.192242 0.044367
0.280185 0.192339 0.044724
0.280185 0.192435 0.045081
0.280185 0.192532 0.045439
0.280185 0.192628 0.045798
0.280185 0.192725 0.046157
0.280185 0.192821 0.046517
0.280185 0.192918 0.046877
0.280185 0.193014 0.047237
0.280185 0.193110 0.047599
0.280185 0.193207 0.047960
0.280185 0.193303 0.048323
0.280185 0.193400 0.048685
0.280185 0.193496 0.049048
0.280185 0.193593 0.049412
0.280185 0.193689 0.049776
0.280185 0.193786 0.050141
0.280185 0.193882 0.050506
0.280185 0.193979 0.050871
0.280185 0.194075 0.051237
0.280185 0.194172 0.051603
0.280185 0.194268 0.051970
0.280185 0.194364 0.052337
0.280185 0.194461 0.052704
0.280185 0.194557 0.053072
0.280185 0.194654 0.053440
0.280185 0.194750 0.053809
0.280185 0.194847 0.054178
0.280185 0.194943 0.054547
0.280185 0.195040 0.054917
0.280185 0.195136 0.055286
0.280185 0.195233 0.055657
0.280185 0.195329 0.056027
0.280185 0.195425 0.056398
0.280185 0.195522 0.056769
0.280185 0.195618 0.057141
0.280185 0.195715 0.057512
0.280185 0.195811 0.057884
0.280185 0.195908 0.058257
0.280185 0.196004 0.058629
0.280185 0.196101 0.059002
0.280185 0.196197 0.059375
0.280185 0.196294 0.059748
0.280185 0.196390 0.060122
0.280185 0.196486 0.060496
0.280185 0.196583 0.060870
0.280185 0.196679 0.061244
0.280185 0.196776 0.061618
0.280185 0.196872 0.061993
0.280185 0.196969 0.062368
0.280185 0.197065 0.062743
0.280185 0.197162 0.063118
0.280185 0.197258 0.063493
0.280185 0.197355 0.063869
0.280185 0.197451 0.064244
0.280185 0.197548 0.064620
0.280185 0.197644 0.064996
0.280185 0.197740 0.065372
0.280185 0.197837 0.065749
0.280185 0.197933 0.066125
0.280185 0.198030 0.066502
0.280185 0.198126 0.066879
0.280185 0.198223 0.067255
0.280185 0.198319 0.067632
0.280185 0.198416 0.068009
0.280185 0.198512 0.068387
0.280185 0.198609 0.068764
0.280185 0.198705 0.069141
0.280185 0.198801 0.069519
0.280185 0.198898 0.069896
0.280185 0.198994 0.070274
0.280185 0.199091 0.070652
0.280185 0.199187 0.071030
0.280185 0.199284 0.071408
0.280185 0.199380 0.071786
0.280185 0.199477 0.072164
0.280185 0.199573 0.072542
0.280185 0.199670 0.072920
0.280185 0.199766 0.073298
0.280185 0.199863 0.073676
0.280185 0.199959 0.074054
0.280185 0.200055 0.074433
0.280185 0.200152 0.074811
0.280185 0.200248 0.075189
0.280185 0.200345 0.075568
0.280185 0.200441 0.075946
0.280185 0.200538 0.076325
0.280185 0.200634 0.076703
0.280185 0.200731 0.077082
0.280185 0.200827 0.077460
0.280185 0.200924 0.077838
0.280185 0.201020 0.078217
0.280185 0.201116 0.078595
0.280185 0.201213 0.078974
0.280185 0.201309 0.079352
0.280185 0.201406 0.079730
0.280185 0.201502 0.080109
0.280185 0.201599 0.080487
0.280185 0.201695 0.080865
0.280185 0.201792 0.081244
0.280185 0.201888 0.081622
0.280185 0.201985 0.082000
0.280185 0.202081 0.082378
0.280185 0.202177 0.082756
0.280185 0.202274 0.083135
0.280185 0.202370 0.083513
0.280185 0.202467 0.083891
0.280185 0.202563 0.084268
0.280185 0.202660 0.084646
0.280185 0.202756 0.085024
0.280185 0.202853 0.085402
0.280185 0.202949 0.085779
0.280185 0.203046 0.086157
0.280185 0.203142 0.086535
0.280185 0.203239 0.086912
0.280185 0.203335 0.087289
0.280185 0.203431 0.087667
0.280185 0.203528 0.088044
0.280185 0.203624 0.088421
0.280185 0.203721 0.088798
0.280185 0.203817 0.089175
0.280185 0.203914 0.089552
0.280185 0.204010 0.089928
0.280185 0.204107 0.090305
0.280185 0.204203 0.090682
0.280185 0.204300 0.091058
0.280185 0.204396 0.091434
0.280185 0.204492 0.091810
0.280185 0.204589 0.092187
0.280185 0.204685 0.092563
0.280185 0.204782 0.092938
0.280185 0.204878 0.093314
0.280185 0.204975 0.093690
0.280185 0.205071 0.094065
0.280185 0.205168 0.094441
0.280185 0.205264 0.094816
0.280185 0.205361 0.095191
0.280185 0.205457 0.095566
0.280185 0.205553 0.095941
0.280185 0.205650 0.096316
0.280185 0.205746 0.096690
0.280185 0.205843 0.097065
0.280185 0.205939 0.097439
0.280185 0.206036 0.097813
0.280185 0.206132 0.098187
0.280185 0.206229 0.098561
0.280185 0.206325 0.098935
0.280185 0.206422 0.099308
0.280185 0.206518 0.099682
0.280185 0.206615 0.100055
0.280185 0.206711 0.100428
0.280185 0.206807 0.100801
0.280185 0.206904 0.101174
0.280185 0.207000 0.101547
0.280185 0.207097 0.101919
0.280185 0.207193 0.102291
0.280185 0.207290 0.102663
0.280185 0.207386 0.103035
0.280185 0.207483 0.103407
0.280185 0.207579 0.103779
0.280185 0.207676 0.104150
0.280185 0.207772 0.104522
0.280185 0.207868 0.104893
0.280185 0.207965 0.105264
0.280185 0.208061 0.105635
0.280185 0.208158 0.106005
0.280185 0.208254 0.106376
0.280185 0.208351 0.106746
0.280185 0.208447 0.107116
0.280185 0.208544 0.107486
0.280185 0.208640 0.107855
0.280185 0.208737 0.108225
0.280185 0.208833 0.108594
0.280185 0.208930 0.108963
0.280185 0.209026 0.109332
0.280185 0.209122 0.109701
0.280185 0.209219 0.110069
0.280185 0.209315 0.110438
0.280185 0.209412 0.110806
0.280185 0.209508 0.111174
0.280185 0.209605 0.111542
0.280185 0.209701 0.111909
0.280185 0.209798 0.112277
0.280185 0.209894 0.112644
0.280185 0.209991 0.113011
0.280185 0.210087 0.113377
0.280185 0.210183 0.113744
0.280185 0.210280 0.114110
0.280185 0.210376 0.114476
0.280185 0.210473 0.114842
0.280185 0.210569 0.115208
0.280185 0.210666 0.115574
0.280185 0.210762 0.115939
0.280185 0.210859 0.116304
0.280185 0.210955 0.116669
0.280185 0.211052 0.117033
0.280185 0.211148 0.117398
0.280185 0.211244 0.117762
0.280185 0.211341 0.118126
0.280185 0.211437 0.118490
0.280185 0.211534 0.118853
0.280185 0.211630 0.119217
0.280185 0.211727 0.119580
0.280185 0.211823 0.119943
0.280185 0.211920 0.120306
0.280185 0.212016 0.120668
0.280185 0.212113 0.121030
0.280185 0.212209 0.121392
0.280185 0.212306 0.121754
0.280185 0.212402 0.122116
0.280185 0.212498 0.122477
0.280185 0.212595 0.122838
0.280185 0.212691 0.123199
0.280185 0.212788 0.123560
0.280185 0.212884 0.123920
0.280185 0.212981 0.124280
0.280185 0.213077 0.124640
0.280185 0.213174 0.125000
0.280185 0.213270 0.125359
0.280185 0.213367 0.125719
0.280185 0.213463 0.126078
0.280185 0.213559 0.126436
0.280185 0.213656 0.126795
0.280185 0.213752 0.127153
0.280185 0.213849 0.127511
0.280185 0.213945 0.127869
0.280185 0.214042 0.128227
0.280185 0.214138 0.128584
0.280185 0.214235 0.128941
0.280185 0.214331 0.129298
0.280185 0.214428 0.129655
0.280185 0.214524 0.130011
0.280185 0.214620 0.130367
0.280185 0.214717 0.130723
0.280185 0.214813 0.131079
0.280185 0.214910 0.131434
0.280185 0.215006 0.131790
0.280185 0.215103 0.132145
0.280185 0.215199 0.132499
0.280185 0.215296 0.132854
0.280185 0.215392 0.133208
0.280185 0.215489 0.133562
0.280185 0.215585 0.133916
0.280185 0.215682 0.134269
0.280185 0.215778 0.134622
0.280185 0.215874 0.134975
0.280185 0.215971 0.135328
0.280185 0.216067 0.135680
0.280185 0.216164 0.136033
0.280185 0.216260 0.136384
0.280185 0.216357 0.136736
0.280185 0.216453 0.137088
0.280185 0.216550 0.137439
0.280185 0.216646 0.137790
0.280185 0.216743 0.138140
0.280185 0.216839 0.138491
0.280185 0.216935 0.138841
0.280185 0.217032 0.139191
0.280185 0.217128 0.139541
0.280185 0.217225 0.139890
0.280185 0.217321 0.140239
0.280185 0.217418 0.140588
0.280185 0.217514 0.140937
0.280185 0.217611 0.141285
0.280185 0.217707 0.141633
0.280185 0.217804 0.141981
0.280185 0.217900 0.142329
0.280185 0.217997 0.142676
0.280185 0.218093 0.143023
0.280185 0.218189 0.143370
0.280185 0.218286 0.143717
0.280185 0.218382 0.144063
0.280185 0.218479 0.144409
0.280185 0.218575 0.144755
0.280185 0.218672 0.145100
0.280185 0.218768 0.145445
0.280185 0.218865 0.145790
0.280185 0.218961 0.146135
0.280185 0.219058 0.146480
0.280185 0.219154 0.146824
0.280185 0.219250 0.147168
0.280185 0.219347 0.147512
0.280185 0.219443 0.147855
0.280185 0.219540 0.148198
0.280185 0.219636 0.148541
0.280185 0.219733 0.148884
0.280185 0.219829 0.149226
0.280185 0.219926 0.149568
0.280185 0.220022 0.149910
0.280185 0.220119 0.150251
0.280185 0.220215 0.150593
0.280185 0.220311 0.150934
0.280185 0.220408 0.151274
0.280185 0.220504 0.151615
0.280185 0.220601 0.151955
0.280185 0.220697 0.152295
0.280185 0.220794 0.152635
0.280185 0.220890 0.152974
0.280185 0.220987 0.153313
0.280185 0.221083 0.153652
0.280185 0.221180 0.153991
0.280185 0.221276 0.154329
0.280185 0.221373 0.154667
0.280185 0.221469 0.155005
0.280185 0.221565 0.155342
0.280185 0.221662 0.155680
0.280185 0.221758 0.156017
0.280185 0.221855 0.156353
0.280185 0.221951 0.156690
0.280185 0.222048 0.157026
0.280185 0.222144 0.157362
0.280185 0.222241 0.157697
0.280185 0.222337 0.158033
0.280185 0.222434 0.158368
0.280185 0.222530 0.158703
0.280185 0.222626 0.159037
0.280185 0.222723 0.159371
0.280185 0.222819 0.159705
0.280185 0.222916 0.160039
0.280185 0.223012 0.160372
0.280185 0.223109 0.160706
0.280185 0.223205 0.161038
0.280185 0.223302 0.161371
0.280185 0.223398 0.161703
0.280185 0.223495 0.162035
0.280185 0.223591 0.162367
0.280185 0.223687 0.162699
0.280185 0.223784 0.163030
0.280185 0.223880 0.163361
0.280185 0.223977 0.163691
0.280185 0.224073 0.164022
0.280185 0.224170 0.164352
0.280185 0.224266 0.164682
0.280185 0.224363 0.165011
0.280185 0.224459 0.165340
0.280185 0.224556 0.165669
0.280185 0.224652 0.165998
0.280185 0.224749 0.166327
0.280185 0.224845 0.166655
0.280185 0.224941 0.166983
0.280185 0.225038 0.167310
0.280185 0.225134 0.167637
0.280185 0.225231 0.167965
0.280185 0.225327 0.168291
0.280185 0.225424 0.168618
0.280185 0.225520 0.168944
0.280185 0.225617 0.169270
0.280185 0.225713 0.169595
0.280185 0.225810 0.169921
0.280185 0.225906 0.170246
0.280185 0.226002 0.170571
0.280185 0.226099 0.170895
0.280185 0.226195 0.171219
0.280185 0.226292 0.171543
0.280185 0.226388 0.171867
0.280185 0.226485 0.172190
0.280185 0.226581 0.172513
0.280185 0.226678 0.172836
0.280185 0.226774 0.173159
0.280185 0.226871 0.173481
0.280185 0.226967 0.173803
0.280185 0.227064 0.174125
0.280185 0.227160 0.174446
0.280185 0.227256 0.174767
0.280185 0.227353 0.175088
0.280185 0.227449 0.175408
0.280185 0.227546 0.175729
0.280185 0.227642 0.176049
0.280185 0.227739 0.176368
0.280185 0.227835 0.176688
0.280185 0.227932 0.177007
0.280185 0.228028 0.177326
0.280185 0.228125 0.177644
0.280185 0.228221 0.177962
0.280185 0.228317 0.178280
0.280185 0.228414 0.178598
0.280185 0.228510 0.178915
0.280185 0.228607 0.179233
0.280185 0.228703 0.179549
0.280185 0.228800 0.179866
0.280185 0.228896 0.180182
0.280185 0.228993 0.180498
0.280185 0.229089 0.180814
0.280185 0.229186 0.181129
0.280185 0.229282 0.181444
0.280185 0.229378 0.181759
0.280185 0.229475 0.182074
0.280185 0.229571 0.182388
0.280185 0.229668 0.182702
0.280185 0.229764 0.183015
0.280185 0.229861 0.183329
0.280185 0.229957 0.183642
0.280185 0.230054 0.183955
0.280185 0.230150 0.184267
0.280185 0.230247 0.184579
0.280185 0.230343 0.184891
0.280185 0.230440 0.185203
0.280185 0.230536 0.185514
0.280185 0.230632 0.185825
0.280185 0.230729 0.186136
0.280185 0.230825 0.186446
0.280185 0.230922 0.186757
0.280185 0.231018 0.187066
0.280185 0.231115 0.187376
0.280185 0.231211 0.187685
0.280185 0.231308 0.187994
0.280185 0.231404 0.188303
0.280185 0.231501 0.188611
0.280185 0.231597 0.188919
0.280185 0.231693 0.189227
0.280185 0.231790 0.189535
0.280185 0.231886 0.189842
0.280185 0.231983 0.190149
0.280185 0.232079 0.190456
0.280185 0.232176 0.190762
0.280185 0.232272 0.191068
0.280185 0.232369 0.191374
0.280185 0.232465 0.191679
0.280185 0.232562 0.191984
0.280185 0.232658 0.192289
0.280185 0.232754 0.192594
0.280185 0.232851 0.192898
0.280185 0.232947 0.193202
0.280185 0.233044 0.193506
0.280185 0.233140 0.193809
0.280185 0.233237 0.194112
0.280185 0.233333 0.194415
0.280185 0.233430 0.194718
0.280185 0.233526 0.195020
0.280185 0.233623 0.195322
0.280185 0.233719 0.195623
0.280185 0.233816 0.195925
0.280185 0.233912 0.196226
0.280185 0.234008 0.196526
0.280185 0.234105 0.196827
0.280185 0.234201 0.197127
0.280185 0.234298 0.197427
0.280185 0.234394 0.197726
0.280185 0.234491 0.198025
0.280185 0.234587 0.198324
0.280185 0.234684 0.198623
0.280185 0.234780 0.198921
0.280185 0.234877 0.199219
0.280185 0.234973 0.199517
0.280185 0.235069 0.199814
0.280185 0.235166 0.200111
0.280185 0.235262 0.200408
0.280185 0.235359 0.200704
0.280185 0.235455 0.201001
0.280185 0.235552 0.201296
0.280185 0.235648 0.201592
0.280185 0.235745 0.201887
0.280185 0.235841 0.202182
0.280185 0.235938 0.202477
0.280185 0.236034 0.202771
0.280185 0.236131 0.203065
0.280185 0.236227 0.203359
0.280185 0.236323 0.203652
0.280185 0.236420 0.203946
0.280185 0.236516 0.204238
0.280185 0.236613 0.204531
0.280185 0.236709 0.204823
0.280185 0.236806 0.205115
0.280185 0.236902 0.205407
0.280185 0.236999 0.205698
0.280185 0.237095 0.205989
0.280185 0.237192 0.206279
0.280185 0.237288 0.206570
0.280185 0.237384 0.206860
0.280185 0.237481 0.207149
0.280185 0.237577 0.207439
0.280185 0.237674 0.207728
0.280185 0.237770 0.208017
0.280185 0.237867 0.208305
0.280185 0.237963 0.208593
0.280185 0.238060 0.208881
0.280185 0.238156 0.209169
0.280185 0.238253 0.209456
0.280185 0.238349 0.209743
0.280185 0.238445 0.210030
0.280185 0.238542 0.210316
0.280185 0.238638 0.210602
0.280185 0.238735 0.210887
0.280185 0.238831 0.211173
0.280185 0.238928 0.211458
0.280185 0.239024 0.211742
0.280185 0.239121 0.212027
0.280185 0.239217 0.212311
0.280185 0.239314 0.212595
0.280185 0.239410 0.212878
0.280185 0.239507 0.213161
0.280185 0.239603 0.213444
0.280185 0.239699 0.213726
0.280185 0.239796 0.214008
0.280185 0.239892 0.214290
0.280185 0.239989 0.214572
0.280185 0.240085 0.214853
0.280185 0.240182 0.215134
0.280185 0.240278 0.215414
0.280185 0.240375 0.215695
0.280185 0.240471 0.215974
0.280185 0.240568 0.216254
0.280185 0.240664 0.216533
0.280185 0.240760 0.216812
0.280185 0.240857 0.217091
0.280185 0.240953 0.217369
0.280185 0.241050 0.217647
0.280185 0.241146 0.217924
0.280185 0.241243 0.218202
0.280185 0.241339 0.218479
0.280185 0.241436 0.218755
0.280185 0.241532 0.219032
0.280185 0.241629 0.219308
0.280185 0.241725 0.219583
0.280185 0.241821 0.219858
0.280185 0.241918 0.220133
0.280185 0.242014 0.220408
0.280185 0.242111 0.220682
0.280185 0.242207 0.220956
0.280185 0.242304 0.221230
0.280185 0.242400 0.221503
0.280185 0.242497 0.221776
0.280185 0.242593 0.222049
0.280185 0.242690 0.222321
0.280185 0.242786 0.222593
0.280185 0.242883 0.222865
0.280185 0.242979 0.223136
0.280185 0.243075 0.223407
0.280185 0.243172 0.223677
0.280185 0.243268 0.223948
0.280185 0.243365 0.224217
0.280185 0.243461 0.224487
0.280185 0.243558 0.224756
0.280185 0.243654 0.225025
0.280185 0.243751 0.225294
0.280185 0.243847 0.225562
0.280185 0.243944 0.225830
0.280185 0.244040 0.226097
0.280185 0.244136 0.226364
0.280185 0.244233 0.226631
0.280185 0.244329 0.226898
0.280185 0.244426 0.227164
0.280185 0.244522 0.227429
0.280185 0.244619 0.227695
0.280185 0.244715 0.227960
0.280185 0.244812 0.228225
0.280185 0.244908 0.228489
0.280185 0.245005 0.228753
0.280185 0.245101 0.229017
0.280185 0.245198 0.229280
0.280185 0.245294 0.229543
0.280185 0.245390 0.229805
0.280185 0.245487 0.230068
0.280185 0.245583 0.230329
0.280185 0.245680 0.230591
0.280185 0.245776 0.230852
0.280185 0.245873 0.231113
0.280185 0.245969 0.231373
0.280185 0.246066 0.231633
0.280185 0.246162 0.231893
0.280185 0.246259 0.232152
0.280185 0.246355 0.232411
0.280185 0.246451 0.232670
0.280185 0.246548 0.232928
0.280185 0.246644 0.233186
0.280185 0.246741 0.233444
0.280185 0.246837 0.233701
0.280185 0.246934 0.233958
0.280185 0.247030 0.234214
0.280185 0.247127 0.234470
0.280185 0.247223 0.234726
0.280185 0.247320 0.234981
0.280185 0.247416 0.235236
0.280185 0.247512 0.235490
0.280185 0.247609 0.235744
0.280185 0.247705 0.235998
0.280185 0.247802 0.236252
0.280185 0.247898 0.236505
0.280185 0.247995 0.236757
0.280185 0.248091 0.237010
0.280185 0.248188 0.237261
0.280185 0.248284 0.237513
0.280185 0.248381 0.237764
0.280185 0.248477 0.238015
0.280185 0.248574 0.238265
0.280185 0.248670 0.238515
0.280185 0.248766 0.238765
0.280185 0.248863 0.239014
0.280185 0.248959 0.239263
0.280185 0.249056 0.239511
0.280185 0.249152 0.239759
0.280185 0.249249 0.240007
0.280185 0.249345 0.240254
0.280185 0.249442 0.240501
0.280185 0.249538 0.240747
0.280185 0.249635 0.240993
0.280185 0.249731 0.241239
0.280185 0.249827 0.241484
0.280185 0.249924 0.241729
0.280185 0.250020 0.241973
0.280185 0.250117 0.242217
0.280185 0.250213 0.242461
0.280185 0.250310 0.242704
0.280185 0.250406 0.242947
0.280185 0.250503 0.243189
0.280185 0.250599 0.243431
0.280185 0.250696 0.243673
0.280185 0.250792 0.243914
0.280185 0.250888 0.244155
0.280185 0.250985 0.244395
0.280185 0.251081 0.244635
0.280185 0.251178 0.244874
0.280185 0.251274 0.245113
0.280185 0.251371 0.245352
0.280185 0.251467 0.245590
0.280185 0.251564 0.245828
0.280185 0.251660 0.246066
0.280185 0.251757 0.246303
0.280185 0.251853 0.246539
0.280185 0.251950 0.246775
0.280185 0.252046 0.247011
0.280185 0.252142 0.247246
0.280185 0.252239 0.247481
0.280185 0.252335 0.247715
0.280185 0.252432 0.247949
0.280185 0.252528 0.248183
0.280185 0.252625 0.248416
0.280185 0.252721 0.248648
0.280185 0.252818 0.248881
0.280185 0.252914 0.249112
0.280185 0.253011 0.249344
0.280185 0.253107 0.249575
0.280185 0.253203 0.249805
0.280185 0.253300 0.250035
0.280185 0.253396 0.250265
0.280185 0.253493 0.250494
0.280185 0.253589 0.250722
0.280185 0.253686 0.250950
0.280185 0.253782 0.251178
0.280185 0.253879 0.251405
0.280185 0.253975 0.251632
0.280185 0.254072 0.251859
0.280185 0.254168 0.252084
0.280185 0.254265 0.252310
0.280185 0.254361 0.252535
0.280185 0.254457 0.252759
0.280185 0.254554 0.252983
0.280185 0.254650 0.253207
0.280185 0.254747 0.253430
0.280185 0.254843 0.253653
0.280185 0.254940 0.253875
0.280185 0.255036 0.254096
0.280185 0.255133 0.254317
0.280185 0.255229 0.254538
0.280185 0.255326 0.254758
0.280185 0.255422 0.254978
0.280185 0.255518 0.255197
0.280185 0.255615 0.255416
0.280185 0.255711 0.255634
0.280185 0.255808 0.255852
0.280185 0.255904 0.256069
0.280185 0.256001 0.256286
0.280185 0.256097 0.256503
0.280185 0.256194 0.256718
0.280185 0.256290 0.256934
0.280185 0.256387 0.257148
0.280185 0.256483 0.257363
0.280185 0.256579 0.257577
0.280185 0.256676 0.257790
0.280185 0.256772 0.258003
0.280185 0.256869 0.258215
0.280185 0.256965 0.258427
0.280185 0.257062 0.258638
0.280185 0.257158 0.258849
0.280185 0.257255 0.259059
0.280185 0.257351 0.259269
0.280185 0.257448 0.259478
0.280185 0.257544 0.259686
0.280185 0.257641 0.259895
0.280185 0.257737 0.260102
0.280185 0.257833 0.260309
0.280185 0.257930 0.260516
0.280185 0.258026 0.260722
0.280185 0.258123 0.260927
0.280185 0.258219 0.261132
0.280185 0.258316 0.261337
0.280185 0.258412 0.261540
0.280185 0.258509 0.261744
0.280185 0.258605 0.261947
0.280185 0.258702 0.262149
0.280185 0.258798 0.262350
0.280185 0.258894 0.262552
0.280185 0.258991 0.262752
0.280185 0.259087 0.262952
0.280185 0.259184 0.263152
0.280185 0.259280 0.263350
0.280185 0.259377 0.263549
0.280185 0.259473 0.263747
0.280185 0.259570 0.263944
0.280185 0.259666 0.264140
0.280185 0.259763 0.264337
0.280185 0.259859 0.264532
0.280185 0.259956 0.264727
0.280185 0.260052 0.264921
0.280185 0.260148 0.265115
0.280185 0.260245 0.265308
0.280185 0.260341 0.265501
0.280185 0.260438 0.265693
0.280185 0.260534 0.265884
0.280185 0.260631 0.266075
0.280185 0.260727 0.266265
0.280185 0.260824 0.266455
0.280185 0.260920 0.266644
0.280185 0.261017 0.266833
0.280185 0.261113 0.267021
0.280185 0.261209 0.267208
0.280185 0.261306 0.267394
0.280185 0.261402 0.267581
0.280185 0.261499 0.267766
0.280185 0.261595 0.267951
0.280185 0.261692 0.268135
0.280185 0.261788 0.268319
0.280185 0.261885 0.268502
0.280185 0.261981 0.268684
0.280185 0.262078 0.268866
0.280185 0.262174 0.269047
0.280185 0.262270 0.269227
0.280185 0.262367 0.269407
0.280185 0.262463 0.269587
0.280185 0.262560 0.269765
0.280185 0.262656 0.269943
0.280185 0.262753 0.270121
0.280185 0.262849 0.270297
0.280185 0.262946 0.270473
0.280185 0.263042 0.270649
0.280185 0.263139 0.270823
0.280185 0.263235 0.270998
0.280185 0.263332 0.271171
0.280185 0.263428 0.271344
0.280185 0.263524 0.271516
0.280185 0.263621 0.271688
0.280185 0.263717 0.271858
0.280185 0.263814 0.272029
0.280185 0.263910 0.272198
0.280185 0.264007 0.272367
0.280185 0.264103 0.272535
0.280185 0.264200 0.272703
0.280185 0.264296 0.272870
0.280185 0.264393 0.273036
0.280185 0.264489 0.273201
0.280185 0.264585 0.273366
0.280185 0.264682 0.273530
0.280185 0.264778 0.273694
0.280185 0.264875 0.273856
0.280185 0.264971 0.274019
0.280185 0.265068 0.274180
0.280185 0.265164 0.274341
0.280185 0.265261 0.274501
0.280185 0.265357 0.274660
0.280185 0.265454 0.274819
0.280185 0.265550 0.274977
0.280185 0.265646 0.275134
0.280185 0.265743 0.275290
0.280185 0.265839 0.275446
0.280185 0.265936 0.275601
0.280185 0.266032 0.275756
0.280185 0.266129 0.275909
0.280185 0.266225 0.276062
0.280185 0.266322 0.276214
0.280185 0.266418 0.276366
0.280185 0.266515 0.276517
0.280185 0.266611 0.276667
0.280185 0.266708 0.276816
0.280185 0.266804 0.276965
0.280185 0.266900 0.277113
0.280185 0.266997 0.277260
0.280185 0.267093 0.277407
0.280185 0.267190 0.277552
0.280185 0.267286 0.277697
0.280185 0.267383 0.277842
0.280185 0.267479 0.277985
0.280185 0.267576 0.278128
0.280185 0.267672 0.278270
0.280185 0.267769 0.278411
0.280185 0.267865 0.278552
0.280185 0.267961 0.278692
0.280185 0.268058 0.278831
0.280185 0.268154 0.278969
0.280185 0.268251 0.279107
0.280185 0.268347 0.279243
0.280185 0.268444 0.279380
0.280185 0.268540 0.279515
0.280185 0.268637 0.279649
0.280185 0.268733 0.279783
0.280185 0.268830 0.279916
0.280185 0.268926 0.280049
0.280185 0.269023 0.280180
0.280185 0.269119 0.280311
0.280185 0.269215 0.280441
0.280185 0.269312 0.280570
0.280185 0.269408 0.280699
0.280185 0.269505 0.280826
0.280185 0.269601 0.280953
0.280185 0.269698 0.281079
0.280185 0.269794 0.281205
0.280185 0.269891 0.281329
0.280185 0.269987 0.281453
0.280185 0.270084 0.281576
0.280185 0.270180 0.281699
0.280185 0.270276 0.281820
0.280185 0.270373 0.281941
0.280185 0.270469 0.282061
0.280185 0.270566 0.282180
0.280185 0.270662 0.282299
0.280185 0.270759 0.282416
0.280185 0.270855 0.282533
0.280185 0.270952 0.282649
0.280185 0.271048 0.282765
0.280185 0.271145 0.282879
0.280185 0.271241 0.282993
0.280185 0.271337 0.283106
0.280185 0.271434 0.283218
0.280185 0.271530 0.283330
0.280185 0.271627 0.283440
0.280185 0.271723 0.283550
0.280185 0.271820 0.283659
0.280185 0.271916 0.283767
0.280185 0.272013 0.283875
0.280185 0.272109 0.283982
0.280185 0.272206 0.284088
0.280185 0.272302 0.284193
0.280185 0.272399 0.284297
0.280185 0.272495 0.284401
0.280185 0.272591 0.284503
0.280185 0.272688 0.284605
0.280185 0.272784 0.284707
0.280185 0.272881 0.284807
0.280185 0.272977 0.284907
0.280185 0.273074 0.285006
0.280185 0.273170 0.285104
0.280185 0.273267 0.285201
0.280185 0.273363 0.285298
0.280185 0.273460 0.285394
0.280185 0.273556 0.285489
0.280185 0.273652 0.285583
0.280185 0.273749 0.285676
0.280185 0.273845 0.285769
0.280185 0.273942 0.285861
0.280185 0.274038 0.285952
0.280185 0.274135 0.286042
0.280185 0.274231 0.286132
0.280185 0.274328 0.286221
0.280185 0.274424 0.286309
0.280185 0.274521 0.286396
0.280185 0.274617 0.286483
0.280185 0.274713 0.286568
0.280185 0.274810 0.286653
0.280185 0.274906 0.286738
0.280185 0.275003 0.286821
0.280185 0.275099 0.286904
0.280185 0.275196 0.286986
0.280185 0.275292 0.287067
0.280185 0.275389 0.287148
0.280185 0.275485 0.287227
0.280185 0.275582 0.287306
0.280185 0.275678 0.287384
0.280185 0.275775 0.287462
0.280185 0.275871 0.287539
0.280185 0.275967 0.287615
0.280185 0.276064 0.287690
0.280185 0.276160 0.287764
0.280185 0.276257 0.287838
0.280185 0.276353 0.287911
0.280185 0.276450 0.287983
0.280185 0.276546 0.288055
0.280185 0.276643 0.288126
0.280185 0.276739 0.288196
0.280185 0.276836 0.288265
0.280185 0.276932 0.288334
0.280185 0.277028 0.288402
0.280185 0.277125 0.288469
0.280185 0.277221 0.288536
0.280185 0.277318 0.288601
0.280185 0.277414 0.288667
0.280185 0.277511 0.288731
0.280185 0.277607 0.288795
0.280185 0.277704 0.288858
0.280185 0.277800 0.288920
0.280185 0.277897 0.288982
0.280185 0.277993 0.289043
0.280185 0.278090 0.289103
0.280185 0.278186 0.289163
0.280185 0.278282 0.289222
0.280185 0.278379 0.289280
0.280185 0.278475 0.289337
0.280185 0.278572 0.289394
0.280185 0.278668 0.289451
0.280185 0.278765 0.289506
0.280185 0.278861 0.289561
0.280185 0.278958 0.289615
0.280185 0.279054 0.289669
0.280185 0.279151 0.289722
0.280185 0.279247 0.289774
0.280185 0.279343 0.289826
0.280185 0.279440 0.289877
0.280185 0.279536 0.289928
0.280185 0.279633 0.289977
0.280185 0.279729 0.290027
0.280185 0.279826 0.290075
0.280185 0.279922 0.290123
0.280185 0.280019 0.290170
0.280185 0.280115 0.290217
0.280185 0.280212 0.290263
0.280185 0.280308 0.290309
0.280185 0.280404 0.290354
0.280185 0.280501 0.290398
0.280185 0.280597 0.290442
0.280185 0.280694 0.290485
0.280185 0.280790 0.290528
0.280185 0.280887 0.290570
0.280185 0.280983 0.290611
0.280185 0.281080 0.290652
0.280185 0.281176 0.290693
0.280185 0.281273 0.290732
0.280185 0.281369 0.290772
0.280185 0.281466 0.290810
0.280185 0.281562 0.290849
0.280185 0.281658 0.290886
0.280185 0.281755 0.290923
0.280185 0.281851 0.290960
0.280185 0.281948 0.290996
0.280185 0.282044 0.291031
0.280185 0.282141 0.291066
0.280185 0.282237 0.291101
0.280185 0.282334 0.291135
0.280185 0.282430 0.291168
0.280185 0.282527 0.291201
0.280185 0.282623 0.291234
0.280185 0.282719 0.291266
0.280185 0.282816 0.291297
0.280185 0.282912 0.291328
0.280185 0.283009 0.291359
0.280185 0.283105 0.291389
0.280185 0.283202 0.291419
0.280185 0.283298 0.291448
0.280185 0.283395 0.291476
0.280185 0.283491 0.291505
0.280185 0.283588 0.291533
0.280185 0.283684 0.291560
0.280185 0.283780 0.291587
0.280185 0.283877 0.291613
0.280185 0.283973 0.291639
0.280185 0.284070 0.291665
0.280185 0.284166 0.291690
0.280185 0.284263 0.291715
0.280185 0.284359 0.291739
0.280185 0.284456 0.291764
0.280185 0.284552 0.291787
0.280185 0.284649 0.291810
0.280185 0.284745 0.291833
0.280185 0.284842 0.291856
0.280185 0.284938 0.291878
0.280185 0.285034 0.291899
0.280185 0.285131 0.291921
0.280185 0.285227 0.291942
0.280185 0.285324 0.291962
0.280185 0.285420 0.291982
0.280185 0.285517 0.292002
0.280185 0.285613 0.292022
0.280185 0.285710 0.292041
0.280185 0.285806 0.292060
0.280185 0.285903 0.292078
0.280185 0.285999 0.292096
0.280185 0.286095 0.292114
0.280185 0.286192 0.292132
0.280185 0.286288 0.292149
0.280185 0.286385 0.292166
0.280185 0.286481 0.292182
0.280185 0.286578 0.292198
0.280185 0.286674 0.292214
0.280185 0.286771 0.292230
0.280185 0.286867 0.292245
0.280185 0.286964 0.292260
0.280185 0.287060 0.292275
0.280185 0.287157 0.292289
0.280185 0.287253 0.292304
0.280185 0.287349 0.292318
0.280185 0.287446 0.292331
0.280185 0.287542 0.292345
0.280185 0.287639 0.292358
0.280185 0.287735 0.292371
0.280185 0.287832 0.292383
0.280185 0.287928 0.292396
0.280185 0.288025 0.292408
0.280185 0.288121 0.292420
0.280185 0.288218 0.292431
0.280185 0.288314 0.292443
0.280185 0.288410 0.292454
0.280185 0.288507 0.292465
0.280185 0.288603 0.292475
0.280185 0.288700 0.292486
0.280185 0.288796 0.292496
0.280185 0.288893 0.292506
0.280185 0.288989 0.292516
0.280185 0.289086 0.292526
0.280185 0.289182 0.292535
0.280185 0.289279 0.292544
0.280185 0.289375 0.292553
0.280185 0.289471 0.292562
0.280185 0.289568 0.292571
0.280185 0.289664 0.292579
0.280185 0.289761 0.292588
0.280185 0.289857 0.292596
0.280185 0.289954 0.292604
0.280185 0.290050 0.292611
0.280185 0.290147 0.292619
0.280185 0.290243 0.292626
0.280185 0.290340 0.292634
0.280185 0.290436 0.292641
0.280185 0.290533 0.292648
0.280185 0.290629 0.292654
0.280185 0.290725 0.292661
0.280185 0.290822 0.292667
0.280185 0.290918 0.292674
0.280185 0.291015 0.292680
0.280185 0.291111 0.292686
0.280185 0.291208 0.292692
0.280185 0.291304 0.292698
0.280185 0.291401 0.292703
0.280185 0.291497 0.292709
0.280185 0.291594 0.292714
0.280185 0.291690 0.292719
0.280185 0.291786 0.292724
0.280185 0.291883 0.292729
0.280185 0.291979 0.292734
0.280185 0.292076 0.292739
0.280185 0.292172 0.292743
0.280185 0.292269 0.292748
0.280185 0.292365 0.292752
0.280185 0.292462 0.292757
0.280185 0.292558 0.292761
0.280185 0.292655 0.292765
0.280185 0.292751 0.292769
0.280185 0.292847 0.292773
0.280185 0.292944 0.292777
0.280185 0.293040 0.292780
0.280185 0.293137 0.292784
0.280185 0.293233 0.292787
0.280185 0.293330 0.292791
0.280185 0.293426 0.292794
0.280185 0.293523 0.292797
0.280185 0.293619 0.292800
0.280185 0.293716 0.292803
0.280185 0.293812 0.292806
0.280185 0.293909 0.292809
0.280185 0.294005 0.292812
0.280185 0.294101 0.292815
0.280185 0.294198 0.292818
0.280185 0.294294 0.292820
0.280185 0.294391 0.292823
0.280185 0.294487 0.292825
0.280185 0.294584 0.292828
0.280185 0.294680 0.292830
0.280185 0.294777 0.292832
0.280185 0.294873 0.292834
0.280185 0.294970 0.292837
0.280185 0.295066 0.292839
0.280185 0.295162 0.292841
0.280185 0.295259 0.292843
0.280185 0.295355 0.292844
0.280185 0.295452 0.292846
0.280185 0.295548 0.292848
0.280185 0.295645 0.292850
0.280185 0.295741 0.292852
0.280185 0.295838 0.292853
0.280185 0.295934 0.292855
0.280185 0.296031 0.292856
0.280185 0.296127 0.292858
0.280185 0.296224 0.292859
0.280185 0.296320 0.292861
0.280185 0.296416 0.292862
0.280185 0.296513 0.292863
0.280185 0.296609 0.292865
0.280185 0.296706 0.292866
0.280185 0.296802 0.292867
0.280185 0.296899 0.292868
0.280185 0.296995 0.292870
0.280185 0.297092 0.292871
0.280185 0.297188 0.292872
0.280185 0.297285 0.292873
0.280185 0.297381 0.292874
0.280185 0.297477 0.292875
0.280185 0.297574 0.292876
0.280185 0.297670 0.292877
0.280185 0.297767 0.292877
0.280185 0.297863 0.292878
0.280185 0.297960 0.292879
0.280185 0.298056 0.292880
0.280185 0.298153 0.292881
0.280185 0.298249 0.292881
0.280185 0.298346 0.292882
0.280185 0.298442 0.292883
0.280185 0.298538 0.292883
0.280185 0.298635 0.292884
0.280185 0.298731 0.292885
0.280185 0.298828 0.292885
0.280185 0.298924 0.292886
0.280185 0.299021 0.292886
0.280185 0.299117 0.292887
0.280185 0.299214 0.292887
0.280185 0.299310 0.292888
0.280185 0.299407 0.292888
0.280185 0.299503 0.292889
0.280185 0.299600 0.292889
0.280185 0.299696 0.292890
0.280185 0.299792 0.292890
0.280185 0.299889 0.292890
0.280185 0.299985 0.292891
0.280185 0.300000 0.292891
