0.360556 0.000376 0.000000
0.360556 0.000697 0.000000
0.360556 0.001003 0.000000
0.360556 0.001301 0.000000
0.360556 0.001596 0.000000
0.360556 0.001888 0.000000
0.360556 0.002179 0.000000
0.360556 0.002468 0.000000
0.360556 0.002758 0.000000
0.360556 0.003047 0.000000
0.360556 0.003336 0.000000
0.360556 0.003625 0.000000
0.360556 0.003914 0.000000
0.360556 0.004202 0.000000
0.360556 0.004491 0.000000
0.360556 0.004780 0.000000
0.360556 0.005068 0.000000
0.360556 0.005357 0.000000
0.360556 0.005646 0.000000
0.360556 0.005934 0.000000
0.360556 0.006223 0.000000
0.360556 0.006512 0.000000
0.360556 0.006800 0.000000
0.360556 0.007089 0.000000
0.360556 0.007378 0.000000
0.360556 0.007666 0.000000
0.360556 0.007955 0.000000
0.360556 0.008244 0.000000
0.360556 0.008532 0.000000
0.360556 0.008821 0.000000
0.360556 0.009110 0.000000
0.360556 0.009398 0.000000
0.360556 0.009687 0.000000
0.360556 0.009976 0.000000
0.360556 0.010264 0.000000
0.360556 0.010553 0.000000
0.360556 0.010842 0.000000
0.360556 0.011130 0.000000
0.360556 0.011419 0.000000
0.360556 0.011708 0.000000
0.360556 0.011996 0.000000
0.360556 0.012285 0.000000
0.360556 0.012574 0.000000
0.360556 0.012862 0.000000
0.360556 0.013151 0.000000
0.360556 0.013439 0.000000
0.360556 0.013728 0.000000
0.360556 0.014017 0.000000
0.360556 0.014305 0.000000
0.360556 0.014594 0.000000
0.360556 0.014883 0.000000
0.360556 0.015171 0.000000
0.360556 0.015460 0.000000
0.360556 0.015749 0.000000
0.360556 0.016037 0.000000
0.360556 0.016326 0.000000
0.360556 0.016615 0.000000
0.360556 0.016903 0.000000
0.360556 0.017192 0.000000
0.360556 0.017481 0.000000
0.360556 0.017769 0.000000
0.360556 0.018058 0.000000
0.360556 0.018347 0.000000
0.360556 0.018635 0.000000
0.360556 0.018924 0.000000
0.360556 0.019213 0.000000
0.360556 0.019501 0.000000
0.360556 0.019790 0.000000
0.360556 0.020079 0.000000
0.360556 0.020367 0.000000
0.360556 0.020656 0.000000
0.360556 0.020945 0.000000
0.360556 0.021233 0.000000
0.360556 0.021522 0.000000
0.360556 0.021811 0.000000
0.360556 0.022099 0.000000
0.360556 0.022388 0.000000
0.360556 0.022677 0.000000
0.360556 0.022965 0.000000
0.360556 0.023254 0.000000
0.360556 0.023543 0.000000
0.360556 0.023831 0.000000
0.360556 0.024120 0.000000
0.360556 0.024408 0.000000
0.360556 0.024697 0.000000
0.360556 0.024986 0.000000
0.360556 0.025274 0.000000
0.360556 0.025563 0.000000
0.360556 0.025852 0.000000
0.360556 0.026140 0.000000
0.360556 0.026429 0.000000
0.360556 0.026718 0.000000
0.360556 0.027006 0.000000
0.360556 0.027295 0.000000
0.360556 0.027584 0.000000
0.360556 0.027872 0.000000
0.360556 0.028161 0.000000
0.360556 0.028450 0.000000
0.360556 0.028738 0.000000
0.360556 0.029027 0.000000
0.360556 0.029316 0.000000
0.360556 0.029604 0.000000
0.360556 0.029893 0.000000
0.360556 0.030182 0.000000
0.360556 0.030470 0.000000
0.360556 0.030759 0.000000
0.360556 0.031048 0.000000
0.360556 0.031336 0.000000
0.360556 0.031625 0.000000
0.360556 0.031914 0.000000
0.360556 0.032202 0.000000
0.360556 0.032491 0.000000
0.360556 0.032780 0.000000
0.360556 0.033068 0.000000
0.360556 0.033357 0.000000
0.360556 0.033646 0.000000
0.360556 0.033934 0.000000
0.360556 0.034223 0.000000
0.360556 0.034512 0.000000
0.360556 0.034800 0.000000
0.360556 0.035089 0.000000
0.360556 0.035378 0.000000
0.360556 0.035666 0.000000
0.360556 0.035955 0.000000
0.360556 0.036243 0.000000
0.360556 0.036532 0.000000
0.360556 0.036821 0.000000
0.360556 0.037109 0.000000
0.360556 0.037398 0.000000
0.360556 0.037687 0.000000
0.360556 0.037975 0.000000
0.360556 0.038264 0.000000
0.360556 0.038553 0.000000
0.360556 0.038841 0.000000
0.360556 0.039130 0.000000
0.360556 0.039419 0.000000
0.360556 0.039707 0.000000
0.360556 0.039996 0.000000
0.360556 0.040285 0.000000
0.360556 0.040573 0.000000
0.360556 0.040862 0.000000
0.360556 0.041151 0.000000
0.360556 0.041439 0.000000
0.360556 0.041728 0.000000
0.360556 0.042017 0.000000
0.360556 0.042305 0.000000
0.360556 0.042594 0.000000
0.360556 0.042883 0.000000
0.360556 0.043171 0.000000
0.360556 0.043460 0.000000
0.360556 0.043749 0.000000
0.360556 0.044037 0.000000
0.360556 0.044326 0.000000
0.360556 0.044615 0.000000
0.360556 0.044903 0.000000
0.360556 0.045192 0.000000
0.360556 0.045481 0.000000
0.360556 0.045769 0.000000
0.360556 0.046058 0.000000
0.360556 0.046347 0.000000
0.360556 0.046635 0.000000
0.360556 0.046924 0.000000
0.360556 0.047212 0.000000
0.360556 0.047501 0.000000
0.360556 0.047790 0.000000
0.360556 0.048078 0.000000
0.360556 0.048367 0.000000
0.360556 0.048656 0.000000
0.360556 0.048944 0.000000
0.360556 0.049233 0.000000
0.360556 0.049522 0.000000
0.360556 0.049810 0.000000
0.360556 0.050099 0.000000
0.360556 0.050388 0.000000
0.360556 0.050676 0.000000
0.360556 0.050965 0.000000
0.360556 0.051254 0.000000
0.360556 0.051542 0.000000
0.360556 0.051831 0.000000
0.360556 0.052120 0.000000
0.360556 0.052408 0.000000
0.360556 0.052697 0.000000
0.360556 0.052986 0.000000
0.360556 0.053274 0.000000
0.360556 0.053563 0.000000
0.360556 0.053852 0.000000
0.360556 0.054140 0.000000
0.360556 0.054429 0.000000
0.360556 0.054718 0.000000
0.360556 0.055006 0.000000
0.360556 0.055295 0.000000
0.360556 0.055584 0.000000
0.360556 0.055872 0.000000
0.360556 0.056161 0.000000
0.360556 0.056450 0.000000
0.360556 0.056738 0.000000
0.360556 0.057027 0.000000
0.360556 0.057316 0.000000
0.360556 0.057604 0.000000
0.360556 0.057893 0.000000
0.360556 0.058182 0.000000
0.360556 0.058470 0.000000
0.360556 0.058759 0.000000
0.360556 0.059047 0.000000
0.360556 0.059336 0.000000
0.360556 0.059625 0.000000
0.360556 0.059913 0.000000
0.360556 0.060202 0.000000
0.360556 0.060491 0.000000
0.360556 0.060779 0.000000
0.360556 0.061068 0.000000
0.360556 0.061357 0.000000
0.360556 0.061645 0.000000
0.360556 0.061934 0.000000
0.360556 0.062223 0.000000
0.360556 0.062511 0.000000
0.360556 0.062800 0.000000
0.360556 0.063089 0.000000
0.360556 0.063377 0.000000
0.360556 0.063666 0.000000
0.360556 0.063955 0.000000
0.360556 0.064243 0.000000
0.360556 0.064532 0.000000
0.360556 0.064821 0.000000
0.360556 0.065109 0.000000
0.360556 0.065398 0.000000
0.360556 0.065687 0.000000
0.360556 0.065975 0.000000
0.360556 0.066264 0.000000
0.360556 0.066553 0.000000
0.360556 0.066841 0.000000
0.360556 0.067130 0.000000
0.360556 0.067419 0.000000
0.360556 0.067707 0.000000
0.360556 0.067996 0.000000
0.360556 0.068285 0.000000
0.360556 0.068573 0.000000
0.360556 0.068862 0.000000
0.360556 0.069151 0.000000
0.360556 0.069439 0.000000
0.360556 0.069728 0.000000
0.360556 0.070017 0.000000
0.360556 0.070305 0.000000
0.360556 0.070594 0.000000
0.360556 0.070882 0.000000
0.360556 0.071171 0.000000
0.360556 0.071460 0.000000
0.360556 0.071748 0.000000
0.360556 0.072037 0.000000
0.360556 0.072326 0.000000
0.360556 0.072614 0.000000
0.360556 0.072903 0.000000
0.360556 0.073192 0.000000
0.360556 0.073480 0.000000
0.360556 0.073769 0.000000
0.360556 0.074058 0.000000
0.360556 0.074346 0.000000
0.360556 0.074635 0.000000
0.360556 0.074924 0.000000
0.360556 0.075212 0.000000
0.360556 0.075501 0.000000
0.360556 0.075790 0.000000
0.360556 0.076078 0.000000
0.360556 0.076367 0.000000
0.360556 0.076656 0.000000
0.360556 0.076944 0.000000
0.360556 0.077233 0.000000
0.360556 0.077522 0.000000
0.360556 0.077810 0.000000
0.360556 0.078099 0.000000
0.360556 0.078388 0.000000
0.360556 0.078676 0.000000
0.360556 0.078965 0.000000
0.360556 0.079254 0.000000
0.360556 0.079542 0.000000
0.360556 0.079831 0.000000
0.360556 0.080120 0.000000
0.360556 0.080408 0.000000
0.360556 0.080697 0.000000
0.360556 0.080986 0.000000
0.360556 0.081274 0.000000
0.360556 0.081563 0.000000
0.360556 0.081851 0.000000
0.360556 0.082140 0.000000
0.360556 0.082429 0.000000
0.360556 0.082717 0.000000
0.360556 0.083006 0.000000
0.360556 0.083295 0.000000
0.360556 0.083583 0.000000
0.360556 0.083872 0.000000
0.360556 0.084161 0.000000
0.360556 0.084449 0.000000
0.360556 0.084738 0.000000
0.360556 0.085027 0.000000
0.360556 0.085315 0.000000
0.360556 0.085604 0.000000
0.360556 0.085893 0.000000
0.360556 0.086181 0.000000
0.360556 0.086470 0.000000
0.360556 0.086759 0.000000
0.360556 0.087047 0.000000
0.360556 0.087336 0.000000
0.360556 0.087625 0.000000
0.360556 0.087913 0.000000
0.360556 0.088202 0.000000
0.360556 0.088491 0.000000
0.360556 0.088779 0.000000
0.360556 0.089068 0.000000
0.360556 0.089357 0.000000
0.360556 0.089645 0.000000
0.360556 0.089934 0.000000
0.360556 0.090223 0.000000
0.360556 0.090511 0.000000
0.360556 0.090800 0.000000
0.360556 0.091089 0.000000
0.360556 0.091377 0.000000
0.360556 0.091666 0.000000
0.360556 0.091955 0.000000
0.360556 0.092243 0.000000
0.360556 0.092532 0.000000
0.360556 0.092821 0.000000
0.360556 0.093109 0.000000
0.360556 0.093398 0.000000
0.360556 0.093686 0.000000
0.360556 0.093975 0.000000
0.360556 0.094264 0.000000
0.360556 0.094552 0.000000
0.360556 0.094841 0.000000
0.360556 0.095130 0.000000
0.360556 0.095418 0.000000
0.360556 0.095707 0.000000
0.360556 0.095996 0.000000
0.360556 0.096284 0.000000
0.360556 0.096573 0.000000
0.360556 0.096862 0.000000
0.360556 0.097150 0.000000
0.360556 0.097439 0.000000
0.360556 0.097728 0.000000
0.360556 0.098016 0.000000
0.360556 0.098305 0.000000
0.360556 0.098594 0.000000
0.360556 0.098882 0.000000
0.360556 0.099171 0.000000
0.360556 0.099460 0.000000
0.360556 0.099748 0.000000
0.360556 0.100037 0.000000
0.360556 0.100326 0.000000
0.360556 0.100614 0.000000
0.360556 0.100903 0.000000
0.360556 0.101192 0.000000
0.360556 0.101480 0.000000
0.360556 0.101769 0.000000
0.360556 0.102058 0.000000
0.360556 0.102346 0.000000
0.360556 0.102635 0.000000
0.360556 0.102924 0.000000
0.360556 0.103212 0.000000
0.360556 0.103501 0.000000
0.360556 0.103790 0.000000
0.360556 0.104078 0.000000
0.360556 0.104367 0.000000
0.360556 0.104655 0.000000
0.360556 0.104944 0.000000
0.360556 0.105233 0.000000
0.360556 0.105521 0.000000
0.360556 0.105810 0.000000
0.360556 0.106099 0.000000
0.360556 0.106387 0.000000
0.360556 0.106676 0.000000
0.360556 0.106965 0.000000
0.360556 0.107253 0.000000
0.360556 0.107542 0.000000
0.360556 0.107831 0.000000
0.360556 0.108119 0.000000
0.360556 0.108408 0.000000
0.360556 0.108697 0.000000
0.360556 0.108985 0.000000
0.360556 0.109274 0.000000
0.360556 0.109563 0.000000
0.360556 0.109851 0.000000
0.360556 0.110140 0.000000
0.360556 0.110429 0.000000
0.360556 0.110717 0.000000
0.360556 0.111006 0.000000
0.360556 0.111295 0.000000
0.360556 0.111583 0.000000
0.360556 0.111872 0.000000
0.360556 0.112161 0.000000
0.360556 0.112449 0.000000
0.360556 0.112738 0.000000
0.360556 0.113027 0.000000
0.360556 0.113315 0.000000
0.360556 0.113604 0.000000
0.360556 0.113893 0.000000
0.360556 0.114181 0.000000
0.360556 0.114470 0.000000
0.360556 0.114759 0.000000
0.360556 0.115047 0.000000
0.360556 0.115336 0.000000
0.360556 0.115625 0.000000
0.360556 0.115913 0.000000
0.360556 0.116202 0.000000
0.360556 0.116490 0.000000
0.360556 0.116779 0.000000
0.360556 0.117068 0.000000
0.360556 0.117356 0.000000
0.360556 0.117645 0.000000
0.360556 0.117934 0.000000
0.360556 0.118222 0.000000
0.360556 0.118511 0.000000
0.360556 0.118800 0.000000
0.360556 0.119088 0.000000
0.360556 0.119377 0.000000
0.360556 0.119666 0.000000
0.360556 0.119954 0.000000
0.360556 0.120243 0.000000
0.360556 0.120532 0.000000
0.360556 0.120820 0.000000
0.360556 0.121109 0.000000
0.360556 0.121398 0.000000
0.360556 0.121686 0.000000
0.360556 0.121975 0.000000
0.360556 0.122264 0.000000
0.360556 0.122552 0.000000
0.360556 0.122841 0.000000
0.360556 0.123130 0.000000
0.360556 0.123418 0.000000
0.360556 0.123707 0.000000
0.360556 0.123996 0.000000
0.360556 0.124284 0.000000
0.360556 0.124573 0.000000
0.360556 0.124862 0.000000
0.360556 0.125150 0.000000
0.360556 0.125439 0.000000
0.360556 0.125728 0.000000
0.360556 0.126016 0.000000
0.360556 0.126305 0.000000
0.360556 0.126594 0.000000
0.360556 0.126882 0.000000
0.360556 0.127171 0.000000
0.360556 0.127459 0.000000
0.360556 0.127748 0.000000
0.360556 0.128037 0.000000
0.360556 0.128325 0.000000
0.360556 0.128614 0.000000
0.360556 0.128903 0.000000
0.360556 0.129191 0.000000
0.360556 0.129480 0.000000
0.360556 0.129769 0.000000
0.360556 0.130057 0.000000
0.360556 0.130346 0.000000
0.360556 0.130635 0.000000
0.360556 0.130923 0.000000
0.360556 0.131212 0.000000
0.360556 0.131501 0.000000
0.360556 0.131789 0.000000
0.360556 0.132078 0.000000
0.360556 0.132367 0.000000
0.360556 0.132655 0.000000
0.360556 0.132944 0.000000
0.360556 0.133233 0.000000
0.360556 0.133521 0.000000
0.360556 0.133810 0.000000
0.360556 0.134099 0.000000
0.360556 0.134387 0.000000
0.360556 0.134676 0.000000
0.360556 0.134965 0.000000
0.360556 0.135253 0.000000
0.360556 0.135542 0.000000
0.360556 0.135831 0.000000
0.360556 0.136119 0.000000
0.360556 0.136408 0.000000
0.360556 0.136697 0.000000
0.360556 0.136985 0.000000
0.360556 0.137274 0.000000
0.360556 0.137563 0.000000
0.360556 0.137851 0.000000
0.360556 0.138140 0.000000
0.360556 0.138429 0.000000
0.360556 0.138717 0.000000
0.360556 0.139006 0.000000
0.360556 0.139294 0.000000
0.360556 0.139583 0.000000
0.360556 0.139872 0.000000
0.360556 0.140160 0.000000
0.360556 0.140449 0.000000
0.360556 0.140738 0.000000
0.360556 0.141026 0.000000
0.360556 0.141315 0.000000
0.360556 0.141604 0.000000
0.360556 0.141892 0.000000
0.360556 0.142181 0.000000
0.360556 0.142470 0.000000
0.360556 0.142758 0.000000
0.360556 0.143047 0.000000
0.360556 0.143336 0.000000
0.360556 0.143624 0.000000
0.360556 0.143913 0.000000
0.360556 0.144202 0.000000
0.360556 0.144490 0.000000
0.360556 0.144779 0.000000
0.360556 0.145068 0.000000
0.360556 0.145356 0.000000
0.360556 0.145645 0.000000
0.360556 0.145934 0.000000
0.360556 0.146222 0.000000
0.360556 0.146511 0.000000
0.360556 0.146800 0.000000
0.360556 0.147088 0.000000
0.360556 0.147377 0.000000
0.360556 0.147666 0.000000
0.360556 0.147954 0.000000
0.360556 0.148243 0.000000
0.360556 0.148532 0.000000
0.360556 0.148820 0.000000
0.360556 0.149109 0.000000
0.360556 0.149398 0.000000
0.360556 0.149686 0.000000
0.360556 0.149975 0.000000
0.360556 0.150263 0.000000
0.360556 0.150552 0.000000
0.360556 0.150841 0.000000
0.360556 0.151129 0.000000
0.360556 0.151418 0.000000
0.360556 0.151707 0.000000
0.360556 0.151995 0.000000
0.360556 0.152284 0.000000
0.360556 0.152573 0.000000
0.360556 0.152861 0.000000
0.360556 0.153150 0.000000
0.360556 0.153439 0.000000
0.360556 0.153727 0.000000
0.360556 0.154016 0.000000
0.360556 0.154305 0.000000
0.360556 0.154593 0.000000
0.360556 0.154882 0.000000
0.360556 0.155171 0.000000
0.360556 0.155459 0.000000
0.360556 0.155748 0.000000
0.360556 0.156037 0.000000
0.360556 0.156325 0.000000
0.360556 0.156614 0.000000
0.360556 0.156903 0.000000
0.360556 0.157191 0.000000
0.360556 0.157480 0.000000
0.360556 0.157769 0.000000
0.360556 0.158057 0.000000
0.360556 0.158346 0.000000
0.360556 0.158635 0.000000
0.360556 0.158923 0.000000
0.360556 0.159212 0.000000
0.360556 0.159501 0.000000
0.360556 0.159789 0.000000
0.360556 0.160078 0.000000
0.360556 0.160367 0.000000
0.360556 0.160655 0.000000
0.360556 0.160944 0.000000
0.360556 0.161233 0.000000
0.360556 0.161521 0.000000
0.360556 0.161810 0.000000
0.360556 0.162098 0.000000
0.360556 0.162387 0.000000
0.360556 0.162676 0.000000
0.360556 0.162964 0.000000
0.360556 0.163253 0.000000
0.360556 0.163542 0.000000
0.360556 0.163830 0.000000
0.360556 0.164119 0.000000
0.360556 0.164408 0.000000
0.360556 0.164696 0.000000
0.360556 0.164985 0.000000
0.360556 0.165274 0.000000
0.360556 0.165562 0.000000
0.360556 0.165851 0.000000
0.360556 0.166140 0.000000
0.360556 0.166428 0.000000
0.360556 0.166717 0.000000
0.360556 0.167006 0.000000
0.360556 0.167294 0.000000
0.360556 0.167583 0.000000
0.360556 0.167872 0.000000
0.360556 0.168160 0.000000
0.360556 0.168449 0.000000
0.360556 0.168738 0.000000
0.360556 0.169026 0.000000
0.360556 0.169315 0.000000
0.360556 0.169604 0.000000
0.360556 0.169892 0.000000
0.360556 0.170181 0.000000
0.360556 0.170470 0.000000
0.360556 0.170758 0.000000
0.360556 0.171047 0.000000
0.360556 0.171336 0.000000
0.360556 0.171624 0.000000
0.360556 0.171913 0.000000
0.360556 0.172202 0.000000
0.360556 0.172490 0.000000
0.360556 0.172779 0.000000
0.360556 0.173067 0.000000
0.360556 0.173356 0.000000
0.360556 0.173645 0.000000
0.360556 0.173933 0.000000
0.360556 0.174222 0.000000
0.360556 0.174511 0.000000
0.360556 0.174799 0.000000
0.360556 0.175088 0.000000
0.360556 0.175377 0.000000
0.360556 0.175665 0.000000
0.360556 0.175954 0.000000
0.360556 0.176243 0.000000
0.360556 0.176531 0.000000
0.360556 0.176820 0.000000
0.360556 0.177109 0.000000
0.360556 0.177397 0.000000
0.360556 0.177686 0.000000
0.360556 0.177975 0.000000
0.360556 0.178263 0.000000
0.360556 0.178552 0.000000
0.360556 0.178841 0.000000
0.360556 0.179129 0.000000
0.360556 0.179418 0.000000
0.360556 0.179707 0.000000
0.360556 0.179995 0.000000
0.360556 0.180284 0.000000
0.360556 0.180573 0.000000
0.360556 0.180861 0.000000
0.360556 0.181150 0.000000
0.360556 0.181439 0.000000
0.360556 0.181727 0.000000
0.360556 0.182016 0.000000
0.360556 0.182305 0.000000
0.360556 0.182593 0.000000
0.360556 0.182882 0.000000
0.360556 0.183171 0.000000
0.360556 0.183459 0.000000
0.360556 0.183748 0.000000
0.360556 0.184037 0.000000
0.360556 0.184325 0.000000
0.360556 0.184614 0.000000
0.360556 0.184902 0.000000
0.360556 0.185191 0.000000
0.360556 0.185480 0.000000
0.360556 0.185768 0.000000
0.360556 0.186057 0.000000
0.360556 0.186346 0.000000
0.360556 0.186634 0.000000
0.360556 0.186923 0.000000
0.360556 0.187212 0.000000
0.360556 0.187500 0.000000
0.360556 0.187789 0.000000
0.360556 0.188078 0.000000
0.360556 0.188366 0.000000
0.360556 0.188655 0.000000
0.360556 0.188944 0.000000
0.360556 0.189232 0.000000
0.360556 0.189521 0.000000
0.360556 0.189810 0.000000
0.360556 0.190098 0.000000
0.360556 0.190387 0.000000
0.360556 0.190676 0.000000
0.360556 0.190964 0.000000
0.360556 0.191253 0.000000
0.360556 0.191542 0.000000
0.360556 0.191830 0.000000
0.360556 0.192119 0.000000
0.360556 0.192408 0.000000
0.360556 0.192696 0.000000
0.360556 0.192985 0.000000
0.360556 0.193274 0.000000
0.360556 0.193562 0.000000
0.360556 0.193851 0.000000
0.360556 0.194140 0.000000
0.360556 0.194428 0.000000
0.360556 0.194717 0.000000
0.360556 0.195006 0.000000
0.360556 0.195294 0.000000
0.360556 0.195583 0.000000
0.360556 0.195871 0.000000
0.360556 0.196160 0.000000
0.360556 0.196449 0.000000
0.360556 0.196737 0.000000
0.360556 0.197026 0.000000
0.360556 0.197315 0.000000
0.360556 0.197603 0.000000
0.360556 0.197892 0.000000
0.360556 0.198181 0.000000
0.360556 0.198469 0.000000
0.360556 0.198758 0.000000
0.360556 0.199047 0.000000
0.360556 0.199335 0.000000
0.360556 0.199624 0.000000
0.360556 0.199913 0.000000
0.360556 0.200201 0.000000
0.360556 0.200490 0.000000
0.360556 0.200779 0.000000
0.360556 0.201067 0.000000
0.360556 0.201356 0.000000
0.360556 0.201645 0.000000
0.360556 0.201933 0.000000
0.360556 0.202222 0.000000
0.360556 0.202511 0.000000
0.360556 0.202799 0.000000
0.360556 0.203088 0.000000
0.360556 0.203377 0.000000
0.360556 0.203665 0.000000
0.360556 0.203954 0.000000
0.360556 0.204243 0.000000
0.360556 0.204531 0.000000
0.360556 0.204820 0.000000
0.360556 0.205109 0.000000
0.360556 0.205397 0.000000
0.360556 0.205686 0.000000
0.360556 0.205975 0.000000
0.360556 0.206263 0.000000
0.360556 0.206552 0.000000
0.360556 0.206841 0.000000
0.360556 0.207129 0.000000
0.360556 0.207418 0.000000
0.360556 0.207706 0.000000
0.360556 0.207995 0.000000
0.360556 0.208284 0.000000
0.360556 0.208572 0.000000
0.360556 0.208861 0.000000
0.360556 0.209150 0.000000
0.360556 0.209438 0.000000
0.360556 0.209727 0.000000
0.360556 0.210016 0.000000
0.360556 0.210304 0.000000
0.360556 0.210593 0.000000
0.360556 0.210882 0.000000
0.360556 0.211170 0.000000
0.360556 0.211459 0.000000
0.360556 0.211748 0.000000
0.360556 0.212036 0.000000
0.360556 0.212325 0.000000
0.360556 0.212614 0.000000
0.360556 0.212902 0.000000
0.360556 0.213191 0.000000
0.360556 0.213480 0.000000
0.360556 0.213768 0.000000
0.360556 0.214057 0.000000
0.360556 0.214346 0.000000
0.360556 0.214634 0.000000
0.360556 0.214923 0.000000
0.360556 0.215212 0.000000
0.360556 0.215500 0.000000
0.360556 0.215789 0.000000
0.360556 0.216078 0.000000
0.360556 0.216366 0.000000
0.360556 0.216655 0.000000
0.360556 0.216944 0.000000
0.360556 0.217232 0.000000
0.360556 0.217521 0.000000
0.360556 0.217810 0.000000
0.360556 0.218098 0.000000
0.360556 0.218387 0.000000
0.360556 0.218675 0.000000
0.360556 0.218964 0.000000
0.360556 0.219253 0.000000
0.360556 0.219541 0.000000
0.360556 0.219830 0.000000
0.360556 0.220119 0.000000
0.360556 0.220407 0.000000
0.360556 0.220696 0.000000
0.360556 0.220985 0.000000
0.360556 0.221273 0.000000
0.360556 0.221562 0.000000
0.360556 0.221851 0.000000
0.360556 0.222139 0.000000
0.360556 0.222428 0.000000
0.360556 0.222717 0.000000
0.360556 0.223005 0.000000
0.360556 0.223294 0.000000
0.360556 0.223583 0.000000
0.360556 0.223871 0.000000
0.360556 0.224160 0.000000
0.360556 0.224449 0.000000
0.360556 0.224737 0.000000
0.360556 0.225026 0.000000
0.360556 0.225315 0.000000
0.360556 0.225603 0.000000
0.360556 0.225892 0.000000
0.360556 0.226181 0.000000
0.360556 0.226469 0.000000
0.360556 0.226758 0.000000
0.360556 0.227047 0.000000
0.360556 0.227335 0.000000
0.360556 0.227624 0.000000
0.360556 0.227913 0.000000
0.360556 0.228201 0.000000
0.360556 0.228490 0.000000
0.360556 0.228779 0.000000
0.360556 0.229067 0.000000
0.360556 0.229356 0.000000
0.360556 0.229645 0.000000
0.360556 0.229933 0.000000
0.360556 0.230222 0.000000
0.360556 0.230510 0.000000
0.360556 0.230799 0.000000
0.360556 0.231088 0.000000
0.360556 0.231376 0.000000
0.360556 0.231665 0.000000
0.360556 0.231954 0.000000
0.360556 0.232242 0.000000
0.360556 0.232531 0.000000
0.360556 0.232820 0.000000
0.360556 0.233108 0.000000
0.360556 0.233397 0.000000
0.360556 0.233686 0.000000
0.360556 0.233974 0.000000
0.360556 0.234263 0.000000
0.360556 0.234552 0.000000
0.360556 0.234840 0.000000
0.360556 0.235129 0.000000
0.360556 0.235418 0.000000
0.360556 0.235706 0.000000
0.360556 0.235995 0.000000
0.360556 0.236284 0.000000
0.360556 0.236572 0.000000
0.360556 0.236861 0.000000
0.360556 0.237150 0.000000
0.360556 0.237438 0.000001
0.360556 0.237727 0.000001
0.360556 0.238016 0.000001
0.360556 0.238304 0.000001
0.360556 0.238593 0.000001
0.360556 0.238882 0.000001
0.360556 0.239170 0.000001
0.360556 0.239459 0.000002
0.360556 0.239748 0.000002
0.360556 0.240036 0.000002
0.360556 0.240325 0.000003
0.360556 0.240614 0.000003
0.360556 0.240902 0.000004
0.360557 0.241191 0.000004
0.360557 0.241479 0.000005
0.360557 0.241768 0.000006
0.360557 0.242057 0.000007
0.360558 0.242345 0.000009
0.360558 0.242634 0.000010
0.360558 0.242923 0.000012
0.360559 0.243211 0.000014
0.360560 0.243500 0.000016
0.360560 0.243789 0.000019
0.360561 0.244077 0.000023
0.360562 0.244366 0.000027
0.360563 0.244655 0.000031
0.360565 0.244943 0.000037
0.360566 0.245232 0.000043
0.360568 0.245521 0.000050
0.360570 0.245809 0.000059
0.360573 0.246098 0.000069
0.360576 0.246387 0.000081
0.360579 0.246675 0.000096
0.360583 0.246964 0.000112
0.360588 0.247253 0.000131
0.360594 0.247541 0.000154
0.360600 0.247830 0.000181
0.360608 0.248119 0.000212
0.360617 0.248407 0.000248
0.360628 0.248696 0.000291
0.360640 0.248985 0.000341
0.360655 0.249273 0.000399
0.360672 0.249562 0.000468
0.360692 0.249851 0.000548
0.360716 0.250139 0.000641
0.360744 0.250428 0.000751
0.360776 0.250717 0.000879
0.360814 0.251005 0.001029
0.360858 0.251294 0.001204
0.360910 0.251583 0.001409
0.360971 0.251871 0.001648
0.361041 0.252160 0.001927
0.361124 0.252449 0.002252
0.361221 0.252737 0.002633
0.361334 0.253026 0.003076
0.361466 0.253314 0.003592
0.361619 0.253603 0.004194
0.361798 0.253892 0.004894
0.362006 0.254180 0.005707
0.362248 0.254469 0.006652
0.362529 0.254758 0.007748
0.362855 0.255046 0.009017
0.363233 0.255335 0.010485
0.363669 0.255624 0.012179
0.364171 0.255912 0.014129
0.364749 0.256201 0.016370
0.365412 0.256490 0.018936
0.366170 0.256778 0.021866
0.367034 0.257067 0.025200
0.368013 0.257356 0.028977
0.369119 0.257644 0.033236
0.370361 0.257933 0.038014
0.371748 0.258222 0.043344
0.373288 0.258510 0.049252
0.374985 0.258799 0.055756
0.376842 0.259088 0.062861
0.378857 0.259376 0.070561
0.381026 0.259665 0.078834
0.383338 0.259954 0.087641
0.385781 0.260242 0.096929
0.388335 0.260531 0.106626
0.390980 0.260820 0.116650
0.393691 0.261108 0.126905
0.396443 0.261397 0.137289
0.399206 0.261686 0.147698
0.401955 0.261974 0.158028
0.404663 0.262263 0.168178
0.407306 0.262552 0.178061
0.409863 0.262840 0.187595
0.412317 0.263129 0.196717
0.414654 0.263418 0.205373
0.416864 0.263706 0.213526
0.418939 0.263995 0.221153
0.420876 0.264283 0.228242
0.422675 0.264572 0.234791
0.424336 0.264861 0.240809
0.425865 0.265149 0.246313
0.427266 0.265438 0.251323
0.428546 0.265727 0.255866
0.429712 0.266015 0.259970
0.430771 0.266304 0.263666
0.431732 0.266593 0.266985
0.432602 0.266881 0.269957
0.433389 0.267170 0.272612
0.434101 0.267459 0.274979
0.434744 0.267747 0.277085
0.435326 0.268036 0.278957
0.435852 0.268325 0.280617
0.436328 0.268613 0.282088
0.436760 0.268902 0.283389
0.437151 0.269191 0.284540
0.437507 0.269479 0.285556
0.437832 0.269768 0.286453
0.438128 0.270057 0.287244
0.438399 0.270345 0.287941
0.438648 0.270634 0.288555
0.438878 0.270923 0.289095
0.439090 0.271211 0.289571
0.439288 0.271500 0.289989
0.439471 0.271789 0.290357
0.439643 0.272077 0.290680
0.439804 0.272366 0.290963
0.439956 0.272655 0.291213
0.440100 0.272943 0.291431
0.440236 0.273232 0.291624
0.440367 0.273521 0.291792
0.440491 0.273809 0.291940
0.440611 0.274098 0.292070
0.440727 0.274387 0.292183
0.440838 0.274675 0.292283
0.440947 0.274964 0.292370
0.441052 0.275253 0.292447
0.441155 0.275541 0.292514
0.441256 0.275830 0.292572
0.441354 0.276118 0.292624
0.441451 0.276407 0.292669
0.441547 0.276696 0.292708
0.441641 0.276984 0.292742
0.441733 0.277273 0.292772
0.441825 0.277562 0.292799
0.441916 0.277850 0.292822
0.442006 0.278139 0.292842
0.442096 0.278428 0.292859
0.442184 0.278716 0.292874
0.442273 0.279005 0.292887
0.442360 0.279294 0.292899
0.442448 0.279582 0.292909
0.442535 0.279871 0.292917
0.442621 0.280160 0.292925
0.442708 0.280448 0.292931
0.442794 0.280737 0.292937
0.442880 0.281026 0.292942
0.442965 0.281314 0.292946
0.443051 0.281603 0.292949
0.443136 0.281892 0.292952
0.443222 0.282180 0.292955
0.443307 0.282469 0.292957
0.443392 0.282758 0.292959
0.443477 0.283046 0.292961
0.443562 0.283335 0.292962
0.443647 0.283624 0.292963
0.443732 0.283912 0.292964
0.443816 0.284201 0.292964
0.443901 0.284490 0.292965
0.443986 0.284778 0.292965
0.444070 0.285067 0.292965
0.444155 0.285356 0.292966
0.444240 0.285644 0.292966
0.444324 0.285933 0.292966
0.444409 0.286222 0.292966
0.444493 0.286510 0.292965
0.444578 0.286799 0.292965
0.444662 0.287087 0.292965
0.444747 0.287376 0.292965
0.444831 0.287665 0.292965
0.444916 0.287953 0.292964
0.445000 0.288242 0.292964
0.445085 0.288531 0.292964
0.445169 0.288819 0.292963
0.445253 0.289108 0.292963
0.445338 0.289397 0.292962
0.445422 0.289685 0.292962
0.445507 0.289974 0.292962
0.445591 0.290263 0.292961
0.445676 0.290551 0.292961
0.445760 0.290840 0.292960
0.445845 0.291129 0.292960
0.445929 0.291417 0.292959
0.446013 0.291706 0.292959
0.446098 0.291995 0.292959
0.446182 0.292283 0.292958
0.446267 0.292572 0.292958
0.446351 0.292861 0.292957
0.446436 0.293149 0.292957
0.446520 0.293438 0.292956
0.446605 0.293727 0.292956
0.446689 0.294015 0.292956
0.446773 0.294304 0.292955
0.446858 0.294593 0.292955
0.446942 0.294881 0.292954
0.447027 0.295170 0.292954
0.447111 0.295459 0.292953
0.447196 0.295747 0.292953
0.447280 0.296036 0.292953
0.447365 0.296325 0.292952
0.447449 0.296613 0.292952
0.447533 0.296902 0.292951
0.447618 0.297191 0.292951
0.447702 0.297479 0.292951
0.447787 0.297768 0.292950
0.447871 0.298057 0.292950
0.447956 0.298345 0.292950
0.448040 0.298634 0.292949
0.448125 0.298922 0.292949
0.448209 0.299211 0.292948
0.448293 0.299500 0.292948
0.448378 0.299788 0.292948
0.448462 0.300077 0.292947
0.448547 0.300366 0.292947
0.448631 0.300654 0.292947
0.448716 0.300943 0.292946
0.448800 0.301232 0.292946
0.448885 0.301520 0.292945
0.448969 0.301809 0.292945
0.449054 0.302098 0.292945
0.449138 0.302386 0.292944
0.449222 0.302675 0.292944
0.449307 0.302964 0.292944
0.449391 0.303252 0.292943
0.449476 0.303541 0.292943
0.449560 0.303830 0.292943
0.449645 0.304118 0.292942
0.449729 0.304407 0.292942
0.449814 0.304696 0.292942
0.449898 0.304984 0.292941
0.449983 0.305273 0.292941
0.450067 0.305562 0.292941
0.450151 0.305850 0.292940
0.450236 0.306139 0.292940
0.450320 0.306428 0.292940
0.450405 0.306716 0.292940
0.450489 0.307005 0.292939
0.450574 0.307294 0.292939
0.450658 0.307582 0.292939
0.450743 0.307871 0.292938
0.450827 0.308160 0.292938
0.450912 0.308448 0.292938
0.450996 0.308737 0.292937
0.451081 0.309026 0.292937
0.451165 0.309314 0.292937
0.451250 0.309603 0.292936
0.451334 0.309891 0.292936
0.451418 0.310180 0.292936
0.451503 0.310469 0.292936
0.451587 0.310757 0.292935
0.451672 0.311046 0.292935
0.451756 0.311335 0.292935
0.451841 0.311623 0.292935
0.451925 0.311912 0.292934
0.452010 0.312201 0.292934
0.452094 0.312489 0.292934
0.452179 0.312778 0.292933
0.452263 0.313067 0.292933
0.452348 0.313355 0.292933
0.452432 0.313644 0.292933
0.452517 0.313933 0.292932
0.452601 0.314221 0.292932
0.452686 0.314510 0.292932
0.452770 0.314799 0.292932
0.452855 0.315087 0.292931
0.452939 0.315376 0.292931
0.453023 0.315665 0.292931
0.453108 0.315953 0.292931
0.453192 0.316242 0.292930
0.453277 0.316531 0.292930
0.453361 0.316819 0.292930
0.453446 0.317108 0.292930
0.453530 0.317397 0.292929
0.453615 0.317685 0.292929
0.453699 0.317974 0.292929
0.453784 0.318263 0.292929
0.453868 0.318551 0.292928
0.453953 0.318840 0.292928
0.454037 0.319129 0.292928
0.454122 0.319417 0.292928
0.454206 0.319706 0.292927
0.454291 0.319995 0.292927
0.454375 0.320283 0.292927
0.454460 0.320572 0.292927
0.454544 0.320861 0.292926
0.454629 0.321149 0.292926
0.454713 0.321438 0.292926
0.454798 0.321726 0.292926
0.454882 0.322015 0.292926
0.454967 0.322304 0.292925
0.455051 0.322592 0.292925
0.455135 0.322881 0.292925
0.455220 0.323170 0.292925
0.455304 0.323458 0.292924
0.455389 0.323747 0.292924
0.455473 0.324036 0.292924
0.455558 0.324324 0.292924
0.455642 0.324613 0.292924
0.455727 0.324902 0.292923
0.455811 0.325190 0.292923
0.455896 0.325479 0.292923
0.455980 0.325768 0.292923
0.456065 0.326056 0.292923
0.456149 0.326345 0.292922
0.456234 0.326634 0.292922
0.456318 0.326922 0.292922
0.456403 0.327211 0.292922
0.456487 0.327500 0.292922
0.456572 0.327788 0.292921
0.456656 0.328077 0.292921
0.456741 0.328366 0.292921
0.456825 0.328654 0.292921
0.456910 0.328943 0.292921
0.456994 0.329232 0.292920
0.457079 0.329520 0.292920
0.457163 0.329809 0.292920
0.457248 0.330098 0.292920
0.457332 0.330386 0.292920
0.457417 0.330675 0.292919
0.457501 0.330964 0.292919
0.457586 0.331252 0.292919
0.457670 0.331541 0.292919
0.457755 0.331830 0.292919
0.457839 0.332118 0.292919
0.457924 0.332407 0.292918
0.458008 0.332695 0.292918
0.458093 0.332984 0.292918
0.458177 0.333273 0.292918
0.458262 0.333561 0.292918
0.458346 0.333850 0.292917
0.458431 0.334139 0.292917
0.458515 0.334427 0.292917
0.458600 0.334716 0.292917
0.458684 0.335005 0.292917
0.458769 0.335293 0.292917
0.458853 0.335582 0.292916
0.458938 0.335871 0.292916
0.459022 0.336159 0.292916
0.459107 0.336448 0.292916
0.459191 0.336737 0.292916
0.459276 0.337025 0.292916
0.459360 0.337314 0.292915
0.459445 0.337603 0.292915
0.459529 0.337891 0.292915
0.459614 0.338180 0.292915
0.459698 0.338469 0.292915
0.459783 0.338757 0.292915
0.459867 0.339046 0.292914
0.459951 0.339335 0.292914
0.460036 0.339623 0.292914
0.460120 0.339912 0.292914
0.460205 0.340201 0.292914
0.460289 0.340489 0.292914
0.460374 0.340778 0.292913
0.460458 0.341067 0.292913
0.460543 0.341355 0.292913
0.460627 0.341644 0.292913
0.460712 0.341933 0.292913
0.460796 0.342221 0.292913
0.460881 0.342510 0.292912
0.460965 0.342799 0.292912
0.461050 0.343087 0.292912
0.461134 0.343376 0.292912
0.461219 0.343665 0.292912
0.461303 0.343953 0.292912
0.461388 0.344242 0.292912
0.461472 0.344530 0.292911
0.461557 0.344819 0.292911
0.461641 0.345108 0.292911
0.461726 0.345396 0.292911
0.461810 0.345685 0.292911
0.461895 0.345974 0.292911
0.461979 0.346262 0.292911
0.462064 0.346551 0.292910
0.462148 0.346840 0.292910
0.462233 0.347128 0.292910
0.462317 0.347417 0.292910
0.462402 0.347706 0.292910
0.462486 0.347994 0.292910
0.462571 0.348283 0.292910
0.462656 0.348572 0.292909
0.462740 0.348860 0.292909
0.462825 0.349149 0.292909
0.462909 0.349438 0.292909
0.462994 0.349726 0.292909
0.463078 0.350015 0.292909
0.463163 0.350304 0.292909
0.463247 0.350592 0.292908
0.463332 0.350881 0.292908
0.463416 0.351170 0.292908
0.463501 0.351458 0.292908
0.463585 0.351747 0.292908
0.463670 0.352036 0.292908
0.463754 0.352324 0.292908
0.463839 0.352613 0.292908
0.463923 0.352902 0.292907
0.464008 0.353190 0.292907
0.464092 0.353479 0.292907
0.464177 0.353768 0.292907
0.464261 0.354056 0.292907
0.464346 0.354345 0.292907
0.464430 0.354634 0.292907
0.464515 0.354922 0.292907
0.464599 0.355211 0.292906
0.464684 0.355499 0.292906
0.464768 0.355788 0.292906
0.464853 0.356077 0.292906
0.464937 0.356365 0.292906
0.465022 0.356654 0.292906
0.465106 0.356943 0.292906
0.465191 0.357231 0.292906
0.465275 0.357520 0.292905
0.465360 0.357809 0.292905
0.465444 0.358097 0.292905
0.465529 0.358386 0.292905
0.465613 0.358675 0.292905
0.465698 0.358963 0.292905
0.465782 0.359252 0.292905
0.465867 0.359541 0.292905
0.465951 0.359829 0.292905
0.466036 0.360118 0.292904
0.466120 0.360407 0.292904
0.466205 0.360695 0.292904
0.466289 0.360984 0.292904
0.466374 0.361273 0.292904
0.466458 0.361561 0.292904
0.466543 0.361850 0.292904
0.466627 0.362139 0.292904
0.466712 0.362427 0.292903
0.466796 0.362716 0.292903
0.466881 0.363005 0.292903
0.466965 0.363293 0.292903
0.467050 0.363582 0.292903
0.467134 0.363871 0.292903
0.467219 0.364159 0.292903
0.467303 0.364448 0.292903
0.467388 0.364737 0.292903
0.467472 0.365025 0.292903
0.467557 0.365314 0.292902
0.467641 0.365603 0.292902
0.467726 0.365891 0.292902
0.467810 0.366180 0.292902
0.467895 0.366469 0.292902
0.467979 0.366757 0.292902
0.468064 0.367046 0.292902
0.468148 0.367334 0.292902
0.468233 0.367623 0.292902
0.468317 0.367912 0.292901
0.468402 0.368200 0.292901
0.468486 0.368489 0.292901
0.468571 0.368778 0.292901
0.468656 0.369066 0.292901
0.468740 0.369355 0.292901
0.468825 0.369644 0.292901
0.468909 0.369932 0.292901
0.468994 0.370221 0.292901
0.469078 0.370510 0.292901
0.469163 0.370798 0.292900
0.469247 0.371087 0.292900
0.469332 0.371376 0.292900
0.469416 0.371664 0.292900
0.469501 0.371953 0.292900
0.469585 0.372242 0.292900
0.469670 0.372530 0.292900
0.469754 0.372819 0.292900
0.469839 0.373108 0.292900
0.469923 0.373396 0.292900
0.470008 0.373685 0.292899
0.470092 0.373974 0.292899
0.470177 0.374262 0.292899
0.470261 0.374551 0.292899
0.470346 0.374840 0.292899
0.470430 0.375128 0.292899
0.470515 0.375417 0.292899
0.470599 0.375706 0.292899
0.470684 0.375994 0.292899
0.470768 0.376283 0.292899
0.470853 0.376572 0.292899
0.470937 0.376860 0.292898
0.471022 0.377149 0.292898
0.471106 0.377438 0.292898
0.471191 0.377726 0.292898
0.471275 0.378015 0.292898
0.471360 0.378303 0.292898
0.471444 0.378592 0.292898
0.471529 0.378881 0.292898
0.471613 0.379169 0.292898
0.471698 0.379458 0.292898
0.471782 0.379747 0.292898
0.471867 0.380035 0.292897
0.471951 0.380324 0.292897
0.472036 0.380613 0.292897
0.472121 0.380901 0.292897
0.472205 0.381190 0.292897
0.472290 0.381479 0.292897
0.472374 0.381767 0.292897
0.472459 0.382056 0.292897
0.472543 0.382345 0.292897
0.472628 0.382633 0.292897
0.472712 0.382922 0.292897
0.472797 0.383211 0.292897
0.472881 0.383499 0.292896
0.472966 0.383788 0.292896
0.473050 0.384077 0.292896
0.473135 0.384365 0.292896
0.473219 0.384654 0.292896
0.473304 0.384943 0.292896
0.473388 0.385231 0.292896
0.473473 0.385520 0.292896
0.473557 0.385809 0.292896
0.473642 0.386097 0.292896
0.473726 0.386386 0.292896
0.473811 0.386675 0.292896
0.473895 0.386963 0.292896
0.473980 0.387252 0.292895
0.474064 0.387541 0.292895
0.474149 0.387829 0.292895
0.474233 0.388118 0.292895
0.474318 0.388407 0.292895
0.474402 0.388695 0.292895
0.474487 0.388984 0.292895
0.474571 0.389273 0.292895
0.474656 0.389561 0.292895
0.474741 0.389850 0.292895
0.474825 0.390138 0.292895
0.474910 0.390427 0.292895
0.474994 0.390716 0.292894
0.475079 0.391004 0.292894
0.475163 0.391293 0.292894
0.475248 0.391582 0.292894
0.475332 0.391870 0.292894
0.475417 0.392159 0.292894
0.475501 0.392448 0.292894
0.475586 0.392736 0.292894
0.475670 0.393025 0.292894
0.475755 0.393314 0.292894
0.475839 0.393602 0.292894
0.475924 0.393891 0.292894
0.476008 0.394180 0.292894
0.476093 0.394468 0.292894
0.476177 0.394757 0.292893
0.476262 0.395046 0.292893
0.476346 0.395334 0.292893
0.476431 0.395623 0.292893
0.476515 0.395912 0.292893
0.476600 0.396200 0.292893
0.476684 0.396489 0.292893
0.476769 0.396778 0.292893
0.476853 0.397066 0.292893
0.476938 0.397355 0.292893
0.477022 0.397644 0.292893
0.477107 0.397932 0.292893
0.477192 0.398221 0.292893
0.477276 0.398510 0.292893
0.477361 0.398798 0.292892
0.477445 0.399087 0.292892
0.477530 0.399376 0.292892
0.477614 0.399664 0.292892
0.477699 0.399953 0.292892
0.477783 0.400242 0.292892
0.477868 0.400530 0.292892
0.477952 0.400819 0.292892
0.478037 0.401108 0.292892
0.478121 0.401396 0.292892
0.478206 0.401685 0.292892
0.478290 0.401973 0.292892
0.478375 0.402262 0.292892
0.478459 0.402551 0.292892
0.478544 0.402839 0.292892
0.478628 0.403128 0.292891
0.478713 0.403417 0.292891
0.478797 0.403705 0.292891
0.478882 0.403994 0.292891
0.478966 0.404283 0.292891
0.479051 0.404571 0.292891
0.479135 0.404860 0.292891
0.479220 0.405149 0.292891
0.479305 0.405437 0.292891
0.479389 0.405726 0.292891
0.479474 0.406015 0.292891
0.479558 0.406303 0.292891
0.479643 0.406592 0.292891
0.479727 0.406881 0.292891
0.479812 0.407169 0.292891
0.479896 0.407458 0.292891
0.479981 0.407747 0.292890
0.480065 0.408035 0.292890
0.480150 0.408324 0.292890
0.480234 0.408613 0.292890
0.480319 0.408901 0.292890
0.480403 0.409190 0.292890
0.480488 0.409479 0.292890
0.480572 0.409767 0.292890
0.480657 0.410056 0.292890
0.480741 0.410345 0.292890
0.480826 0.410633 0.292890
0.480910 0.410922 0.292890
0.480995 0.411211 0.292890
0.481079 0.411499 0.292890
0.481164 0.411788 0.292890
0.481248 0.412077 0.292890
0.481333 0.412365 0.292890
0.481418 0.412654 0.292889
0.481502 0.412942 0.292889
0.481587 0.413231 0.292889
0.481671 0.413520 0.292889
0.481756 0.413808 0.292889
0.481840 0.414097 0.292889
0.481925 0.414386 0.292889
0.482009 0.414674 0.292889
0.482094 0.414963 0.292889
0.482178 0.415252 0.292889
0.482263 0.415540 0.292889
0.482347 0.415829 0.292889
0.482432 0.416118 0.292889
0.482516 0.416406 0.292889
0.482601 0.416695 0.292889
0.482685 0.416984 0.292889
0.482770 0.417272 0.292889
0.482854 0.417561 0.292889
0.482939 0.417850 0.292888
0.483023 0.418138 0.292888
0.483108 0.418427 0.292888
0.483192 0.418716 0.292888
0.483277 0.419004 0.292888
0.483362 0.419293 0.292888
0.483446 0.419582 0.292888
0.483531 0.419870 0.292888
0.483615 0.420159 0.292888
0.483700 0.420448 0.292888
0.483784 0.420736 0.292888
0.483869 0.421025 0.292888
0.483953 0.421314 0.292888
0.484038 0.421602 0.292888
0.484122 0.421891 0.292888
0.484207 0.422180 0.292888
0.484291 0.422468 0.292888
0.484376 0.422757 0.292888
0.484460 0.423046 0.292888
0.484545 0.423334 0.292887
0.484629 0.423623 0.292887
0.484714 0.423912 0.292887
0.484798 0.424200 0.292887
0.484883 0.424489 0.292887
0.484967 0.424777 0.292887
0.485052 0.425066 0.292887
0.485136 0.425355 0.292887
0.485221 0.425643 0.292887
0.485306 0.425932 0.292887
0.485390 0.426221 0.292887
0.485475 0.426509 0.292887
0.485559 0.426798 0.292887
0.485644 0.427087 0.292887
0.485728 0.427375 0.292887
0.485813 0.427664 0.292887
0.485897 0.427953 0.292887
0.485982 0.428241 0.292887
0.486066 0.428530 0.292887
0.486151 0.428819 0.292887
0.486235 0.429107 0.292886
0.486320 0.429396 0.292886
0.486404 0.429685 0.292886
0.486489 0.429973 0.292886
0.486573 0.430262 0.292886
0.486658 0.430551 0.292886
0.486742 0.430839 0.292886
0.486827 0.431128 0.292886
0.486911 0.431417 0.292886
0.486996 0.431705 0.292886
0.487081 0.431994 0.292886
0.487165 0.432283 0.292886
0.487250 0.432571 0.292886
0.487334 0.432860 0.292886
0.487419 0.433149 0.292886
0.487503 0.433437 0.292886
0.487588 0.433726 0.292886
0.487672 0.434015 0.292886
0.487757 0.434303 0.292886
0.487841 0.434592 0.292886
0.487926 0.434881 0.292886
0.488010 0.435169 0.292886
0.488095 0.435458 0.292885
0.488179 0.435746 0.292885
0.488264 0.436035 0.292885
0.488348 0.436324 0.292885
0.488433 0.436612 0.292885
0.488517 0.436901 0.292885
0.488602 0.437190 0.292885
0.488686 0.437478 0.292885
0.488771 0.437767 0.292885
0.488856 0.438056 0.292885
0.488940 0.438344 0.292885
0.489025 0.438633 0.292885
0.489109 0.438922 0.292885
0.489194 0.439210 0.292885
0.489278 0.439499 0.292885
0.489363 0.439788 0.292885
0.489447 0.440076 0.292885
0.489532 0.440365 0.292885
0.489616 0.440654 0.292885
0.489701 0.440942 0.292885
0.489785 0.441231 0.292885
0.489870 0.441520 0.292885
0.489954 0.441808 0.292885
0.490039 0.442097 0.292884
0.490123 0.442386 0.292884
0.490208 0.442674 0.292884
0.490292 0.442963 0.292884
0.490377 0.443252 0.292884
0.490462 0.443540 0.292884
0.490546 0.443829 0.292884
0.490631 0.444118 0.292884
0.490715 0.444406 0.292884
0.490800 0.444695 0.292884
0.490884 0.444984 0.292884
0.490969 0.445272 0.292884
0.491053 0.445561 0.292884
0.491138 0.445850 0.292884
0.491222 0.446138 0.292884
0.491307 0.446427 0.292884
0.491391 0.446716 0.292884
0.491476 0.447004 0.292884
0.491560 0.447293 0.292884
0.491645 0.447581 0.292884
0.491729 0.447870 0.292884
0.491814 0.448159 0.292884
0.491898 0.448447 0.292884
0.491983 0.448736 0.292884
0.492068 0.449025 0.292884
0.492152 0.449313 0.292883
0.492237 0.449602 0.292883
0.492321 0.449891 0.292883
0.492406 0.450179 0.292883
0.492490 0.450468 0.292883
0.492575 0.450757 0.292883
0.492659 0.451045 0.292883
0.492744 0.451334 0.292883
0.492828 0.451623 0.292883
0.492913 0.451911 0.292883
0.492997 0.452200 0.292883
0.493082 0.452489 0.292883
0.493166 0.452777 0.292883
0.493251 0.453066 0.292883
0.493335 0.453355 0.292883
0.493420 0.453643 0.292883
0.493504 0.453932 0.292883
0.493589 0.454221 0.292883
0.493674 0.454509 0.292883
0.493758 0.454798 0.292883
0.493843 0.455087 0.292883
0.493927 0.455375 0.292883
0.494012 0.455664 0.292883
0.494096 0.455953 0.292883
0.494181 0.456241 0.292883
0.494265 0.456530 0.292883
0.494350 0.456819 0.292883
0.494434 0.457107 0.292882
0.494519 0.457396 0.292882
0.494603 0.457685 0.292882
0.494688 0.457973 0.292882
0.494772 0.458262 0.292882
0.494857 0.458550 0.292882
0.494941 0.458839 0.292882
0.495026 0.459128 0.292882
0.495110 0.459416 0.292882
0.495195 0.459705 0.292882
0.495280 0.459994 0.292882
0.495364 0.460282 0.292882
0.495449 0.460571 0.292882
0.495533 0.460860 0.292882
0.495618 0.461148 0.292882
0.495702 0.461437 0.292882
0.495787 0.461726 0.292882
0.495871 0.462014 0.292882
0.495956 0.462303 0.292882
0.496040 0.462592 0.292882
0.496125 0.462880 0.292882
0.496209 0.463169 0.292882
0.496294 0.463458 0.292882
0.496378 0.463746 0.292882
0.496463 0.464035 0.292882
0.496547 0.464324 0.292882
0.496632 0.464612 0.292882
0.496716 0.464901 0.292882
0.496801 0.465190 0.292882
0.496886 0.465478 0.292882
0.496970 0.465767 0.292881
0.497055 0.466056 0.292881
0.497139 0.466344 0.292881
0.497224 0.466633 0.292881
0.497308 0.466922 0.292881
0.497393 0.467210 0.292881
0.497477 0.467499 0.292881
0.497562 0.467788 0.292881
0.497646 0.468076 0.292881
0.497731 0.468365 0.292881
0.497815 0.468654 0.292881
0.497900 0.468942 0.292881
0.497984 0.469231 0.292881
0.498069 0.469520 0.292881
0.498153 0.469808 0.292881
0.498238 0.470097 0.292881
0.498323 0.470385 0.292881
0.498407 0.470674 0.292881
0.498492 0.470963 0.292881
0.498576 0.471251 0.292881
0.498661 0.471540 0.292881
0.498745 0.471829 0.292881
0.498830 0.472117 0.292881
0.498914 0.472406 0.292881
0.498999 0.472695 0.292881
0.499083 0.472983 0.292881
0.499168 0.473272 0.292881
0.499252 0.473561 0.292881
0.499337 0.473849 0.292881
0.499421 0.474138 0.292881
0.499506 0.474427 0.292881
0.499590 0.474715 0.292881
0.499675 0.475004 0.292880
0.499759 0.475293 0.292880
0.499844 0.475581 0.292880
0.499929 0.475870 0.292880
0.500013 0.476159 0.292880
0.500098 0.476447 0.292880
0.500182 0.476736 0.292880
0.500267 0.477025 0.292880
0.500351 0.477313 0.292880
0.500436 0.477602 0.292880
0.500520 0.477891 0.292880
0.500605 0.478179 0.292880
0.500689 0.478468 0.292880
0.500774 0.478757 0.292880
0.500858 0.479045 0.292880
0.500943 0.479334 0.292880
0.501027 0.479623 0.292880
0.501112 0.479911 0.292880
0.501196 0.480200 0.292880
0.501281 0.480489 0.292880
0.501366 0.480777 0.292880
0.501450 0.481066 0.292880
0.501535 0.481354 0.292880
0.501619 0.481643 0.292880
0.501704 0.481932 0.292880
0.501788 0.482220 0.292880
0.501873 0.482509 0.292880
0.501957 0.482798 0.292880
0.502042 0.483086 0.292880
0.502126 0.483375 0.292880
0.502211 0.483664 0.292880
0.502295 0.483952 0.292880
0.502380 0.484241 0.292880
0.502464 0.484530 0.292880
0.502549 0.484818 0.292880
0.502633 0.485107 0.292880
0.502718 0.485396 0.292879
0.502803 0.485684 0.292879
0.502887 0.485973 0.292879
0.502972 0.486262 0.292879
0.503056 0.486550 0.292879
0.503141 0.486839 0.292879
0.503225 0.487128 0.292879
0.503310 0.487416 0.292879
0.503394 0.487705 0.292879
0.503479 0.487994 0.292879
0.503563 0.488282 0.292879
0.503648 0.488571 0.292879
0.503732 0.488860 0.292879
0.503817 0.489148 0.292879
0.503901 0.489437 0.292879
0.503986 0.489726 0.292879
0.504070 0.490014 0.292879
0.504155 0.490303 0.292879
0.504240 0.490592 0.292879
0.504324 0.490880 0.292879
0.504409 0.491169 0.292879
0.504493 0.491458 0.292879
0.504578 0.491746 0.292879
0.504662 0.492035 0.292879
0.504747 0.492324 0.292879
0.504831 0.492612 0.292879
0.504916 0.492901 0.292879
0.505000 0.493189 0.292879
0.505085 0.493478 0.292879
0.505169 0.493767 0.292879
0.505254 0.494055 0.292879
0.505338 0.494344 0.292879
0.505423 0.494633 0.292879
0.505507 0.494921 0.292879
0.505592 0.495210 0.292879
0.505677 0.495499 0.292879
0.505761 0.495787 0.292879
0.505846 0.496076 0.292879
0.505930 0.496365 0.292879
0.506015 0.496653 0.292878
0.506099 0.496942 0.292878
0.506184 0.497231 0.292878
0.506268 0.497519 0.292878
0.506353 0.497808 0.292878
0.506437 0.498097 0.292878
0.506522 0.498385 0.292878
0.506606 0.498674 0.292878
0.506691 0.498963 0.292878
0.506775 0.499251 0.292878
0.506860 0.499540 0.292878
0.506944 0.499829 0.292878
0.507029 0.500117 0.292878
0.507114 0.500406 0.292878
0.507198 0.500695 0.292878
0.507283 0.500983 0.292878
0.507367 0.501272 0.292878
0.507452 0.501561 0.292878
0.507536 0.501849 0.292878
0.507621 0.502138 0.292878
0.507705 0.502427 0.292878
0.507790 0.502715 0.292878
0.507874 0.503004 0.292878
0.507959 0.503293 0.292878
0.508043 0.503581 0.292878
0.508128 0.503870 0.292878
0.508212 0.504158 0.292878
0.508297 0.504447 0.292878
0.508381 0.504736 0.292878
0.508466 0.505024 0.292878
0.508551 0.505313 0.292878
0.508635 0.505602 0.292878
0.508720 0.505890 0.292878
0.508804 0.506179 0.292878
0.508889 0.506468 0.292878
0.508973 0.506756 0.292878
0.509058 0.507045 0.292878
0.509142 0.507334 0.292878
0.509227 0.507622 0.292878
0.509311 0.507911 0.292878
0.509396 0.508200 0.292878
0.509480 0.508488 0.292878
0.509565 0.508777 0.292878
0.509649 0.509066 0.292878
0.509734 0.509354 0.292878
0.509819 0.509643 0.292877
0.509903 0.509932 0.292877
0.509988 0.510220 0.292877
0.510072 0.510509 0.292877
0.510157 0.510798 0.292877
0.510241 0.511086 0.292877
0.510326 0.511375 0.292877
0.510410 0.511664 0.292877
0.510495 0.511952 0.292877
0.510579 0.512241 0.292877
0.510664 0.512530 0.292877
0.510748 0.512818 0.292877
0.510833 0.513107 0.292877
0.510917 0.513396 0.292877
0.511002 0.513684 0.292877
0.511086 0.513973 0.292877
0.511171 0.514262 0.292877
0.511256 0.514550 0.292877
0.511340 0.514839 0.292877
0.511425 0.515128 0.292877
0.511509 0.515416 0.292877
0.511594 0.515705 0.292877
0.511678 0.515993 0.292877
0.511763 0.516282 0.292877
0.511847 0.516571 0.292877
0.511932 0.516859 0.292877
0.512016 0.517148 0.292877
0.512101 0.517437 0.292877
0.512185 0.517725 0.292877
0.512270 0.518014 0.292877
0.512354 0.518303 0.292877
0.512439 0.518591 0.292877
0.512524 0.518880 0.292877
0.512608 0.519169 0.292877
0.512693 0.519457 0.292877
0.512777 0.519746 0.292877
0.512862 0.520035 0.292877
0.512946 0.520323 0.292877
0.513031 0.520612 0.292877
0.513115 0.520901 0.292877
0.513200 0.521189 0.292877
0.513284 0.521478 0.292877
0.513369 0.521767 0.292877
0.513453 0.522055 0.292877
0.513538 0.522344 0.292877
0.513622 0.522633 0.292877
0.513707 0.522921 0.292877
0.513791 0.523210 0.292877
0.513876 0.523499 0.292877
0.513961 0.523787 0.292877
0.514045 0.524076 0.292876
0.514130 0.524365 0.292876
0.514214 0.524653 0.292876
0.514299 0.524942 0.292876
0.514383 0.525231 0.292876
0.514468 0.525519 0.292876
0.514552 0.525808 0.292876
0.514637 0.526097 0.292876
0.514721 0.526385 0.292876
0.514806 0.526674 0.292876
0.514890 0.526962 0.292876
0.514975 0.527251 0.292876
0.515059 0.527540 0.292876
0.515144 0.527828 0.292876
0.515229 0.528117 0.292876
0.515313 0.528406 0.292876
0.515398 0.528694 0.292876
0.515482 0.528983 0.292876
0.515567 0.529272 0.292876
0.515651 0.529560 0.292876
0.515736 0.529849 0.292876
0.515820 0.530138 0.292876
0.515905 0.530426 0.292876
0.515989 0.530715 0.292876
0.516074 0.531004 0.292876
0.516158 0.531292 0.292876
0.516243 0.531581 0.292876
0.516327 0.531870 0.292876
0.516412 0.532158 0.292876
0.516496 0.532447 0.292876
0.516581 0.532736 0.292876
0.516666 0.533024 0.292876
0.516750 0.533313 0.292876
0.516835 0.533602 0.292876
0.516919 0.533890 0.292876
0.517004 0.534179 0.292876
0.517088 0.534468 0.292876
0.517173 0.534756 0.292876
0.517257 0.535045 0.292876
0.517342 0.535334 0.292876
0.517426 0.535622 0.292876
0.517511 0.535911 0.292876
0.517595 0.536200 0.292876
0.517680 0.536488 0.292876
0.517764 0.536777 0.292876
0.517849 0.537066 0.292876
0.517934 0.537354 0.292876
0.518018 0.537643 0.292876
0.518103 0.537932 0.292876
0.518187 0.538220 0.292876
0.518272 0.538509 0.292876
0.518356 0.538797 0.292876
0.518441 0.539086 0.292876
0.518525 0.539375 0.292876
0.518610 0.539663 0.292876
0.518694 0.539952 0.292876
0.518779 0.540241 0.292876
0.518863 0.540529 0.292876
0.518948 0.540818 0.292875
0.519032 0.541107 0.292875
0.519117 0.541395 0.292875
0.519202 0.541684 0.292875
0.519286 0.541973 0.292875
0.519371 0.542261 0.292875
0.519455 0.542550 0.292875
0.519540 0.542839 0.292875
0.519624 0.543127 0.292875
0.519709 0.543416 0.292875
0.519793 0.543705 0.292875
0.519878 0.543993 0.292875
0.519962 0.544282 0.292875
0.520047 0.544571 0.292875
0.520131 0.544859 0.292875
0.520216 0.545148 0.292875
0.520300 0.545437 0.292875
0.520385 0.545725 0.292875
0.520470 0.546014 0.292875
0.520554 0.546303 0.292875
0.520639 0.546591 0.292875
0.520723 0.546880 0.292875
0.520808 0.547169 0.292875
0.520892 0.547457 0.292875
0.520977 0.547746 0.292875
0.521061 0.548035 0.292875
0.521146 0.548323 0.292875
0.521230 0.548612 0.292875
0.521315 0.548901 0.292875
0.521399 0.549189 0.292875
0.521484 0.549478 0.292875
0.521568 0.549766 0.292875
0.521653 0.550055 0.292875
0.521737 0.550344 0.292875
0.521822 0.550632 0.292875
0.521907 0.550921 0.292875
0.521991 0.551210 0.292875
0.522076 0.551498 0.292875
0.522160 0.551787 0.292875
0.522245 0.552076 0.292875
0.522329 0.552364 0.292875
0.522414 0.552653 0.292875
0.522498 0.552942 0.292875
0.522583 0.553230 0.292875
0.522667 0.553519 0.292875
0.522752 0.553808 0.292875
0.522836 0.554096 0.292875
0.522921 0.554385 0.292875
0.523005 0.554674 0.292875
0.523090 0.554962 0.292875
0.523175 0.555251 0.292875
0.523259 0.555540 0.292875
0.523344 0.555828 0.292875
0.523428 0.556117 0.292875
0.523513 0.556406 0.292875
0.523597 0.556694 0.292875
0.523682 0.556983 0.292875
0.523766 0.557272 0.292875
0.523851 0.557560 0.292875
0.523935 0.557849 0.292875
0.524020 0.558138 0.292875
0.524104 0.558426 0.292875
0.524189 0.558715 0.292875
0.524273 0.559004 0.292875
0.524358 0.559292 0.292875
0.524443 0.559581 0.292875
0.524527 0.559870 0.292875
0.524612 0.560158 0.292875
0.524696 0.560447 0.292874
0.524781 0.560736 0.292874
0.524865 0.561024 0.292874
0.524950 0.561313 0.292874
0.525034 0.561601 0.292874
0.525119 0.561890 0.292874
0.525203 0.562179 0.292874
0.525288 0.562467 0.292874
0.525372 0.562756 0.292874
0.525457 0.563045 0.292874
0.525541 0.563333 0.292874
0.525626 0.563622 0.292874
0.525711 0.563911 0.292874
0.525795 0.564199 0.292874
0.525880 0.564488 0.292874
0.525964 0.564777 0.292874
0.526049 0.565065 0.292874
0.526133 0.565354 0.292874
0.526218 0.565643 0.292874
0.526302 0.565931 0.292874
0.526387 0.566220 0.292874
0.526471 0.566509 0.292874
0.526556 0.566797 0.292874
0.526640 0.567086 0.292874
0.526725 0.567375 0.292874
0.526809 0.567663 0.292874
0.526894 0.567952 0.292874
0.526979 0.568241 0.292874
0.527063 0.568529 0.292874
0.527148 0.568818 0.292874
0.527232 0.569107 0.292874
0.527317 0.569395 0.292874
0.527401 0.569684 0.292874
0.527486 0.569973 0.292874
0.527570 0.570261 0.292874
0.527655 0.570550 0.292874
0.527739 0.570839 0.292874
0.527824 0.571127 0.292874
0.527908 0.571416 0.292874
0.527993 0.571705 0.292874
0.528077 0.571993 0.292874
0.528162 0.572282 0.292874
0.528247 0.572570 0.292874
0.528331 0.572859 0.292874
0.528416 0.573148 0.292874
0.528500 0.573436 0.292874
0.528585 0.573725 0.292874
0.528669 0.574014 0.292874
0.528754 0.574302 0.292874
0.528838 0.574591 0.292874
0.528923 0.574880 0.292874
0.529007 0.575168 0.292874
0.529092 0.575457 0.292874
0.529176 0.575746 0.292874
0.529261 0.576034 0.292874
0.529345 0.576323 0.292874
0.529430 0.576612 0.292874
0.529515 0.576900 0.292874
0.529599 0.577189 0.292874
0.529684 0.577478 0.292874
0.529768 0.577766 0.292874
0.529853 0.578055 0.292874
0.529937 0.578344 0.292874
0.530022 0.578632 0.292874
0.530106 0.578921 0.292874
0.530191 0.579210 0.292874
0.530275 0.579498 0.292874
0.530360 0.579787 0.292874
0.530444 0.580076 0.292874
0.530529 0.580364 0.292874
0.530613 0.580653 0.292874
0.530698 0.580942 0.292874
0.530783 0.581230 0.292874
0.530867 0.581519 0.292874
0.530952 0.581808 0.292874
0.531036 0.582096 0.292874
0.531121 0.582385 0.292874
0.531205 0.582674 0.292874
0.531290 0.582962 0.292874
0.531374 0.583251 0.292874
0.531459 0.583540 0.292874
0.531543 0.583828 0.292874
0.531628 0.584117 0.292873
0.531712 0.584405 0.292873
0.531797 0.584694 0.292873
0.531881 0.584983 0.292873
0.531966 0.585271 0.292873
0.532051 0.585560 0.292873
0.532135 0.585849 0.292873
0.532220 0.586137 0.292873
0.532304 0.586426 0.292873
0.532389 0.586715 0.292873
0.532473 0.587003 0.292873
0.532558 0.587292 0.292873
0.532642 0.587581 0.292873
0.532727 0.587869 0.292873
0.532811 0.588158 0.292873
0.532896 0.588447 0.292873
0.532980 0.588735 0.292873
0.533065 0.589024 0.292873
0.533150 0.589313 0.292873
0.533234 0.589601 0.292873
0.533319 0.589890 0.292873
0.533403 0.590179 0.292873
0.533488 0.590467 0.292873
0.533572 0.590756 0.292873
0.533657 0.591045 0.292873
0.533741 0.591333 0.292873
0.533826 0.591622 0.292873
0.533910 0.591911 0.292873
0.533995 0.592199 0.292873
0.534079 0.592488 0.292873
0.534164 0.592777 0.292873
0.534248 0.593065 0.292873
0.534333 0.593354 0.292873
0.534418 0.593643 0.292873
0.534502 0.593931 0.292873
0.534587 0.594220 0.292873
0.534671 0.594509 0.292873
0.534756 0.594797 0.292873
0.534840 0.595086 0.292873
0.534925 0.595374 0.292873
0.535009 0.595663 0.292873
0.535094 0.595952 0.292873
0.535178 0.596240 0.292873
0.535263 0.596529 0.292873
0.535347 0.596818 0.292873
0.535432 0.597106 0.292873
0.535516 0.597395 0.292873
0.535601 0.597684 0.292873
0.535686 0.597972 0.292873
0.535770 0.598261 0.292873
0.535855 0.598550 0.292873
0.535939 0.598838 0.292873
0.536024 0.599127 0.292873
0.536108 0.599416 0.292873
0.536193 0.599704 0.292873
0.536277 0.599993 0.292873
0.536362 0.600282 0.292873
0.536446 0.600570 0.292873
0.536531 0.600859 0.292873
0.536615 0.601148 0.292873
0.536700 0.601436 0.292873
0.536784 0.601725 0.292873
0.536869 0.602014 0.292873
0.536954 0.602302 0.292873
0.537038 0.602591 0.292873
0.537123 0.602880 0.292873
0.537207 0.603168 0.292873
0.537292 0.603457 0.292873
0.537376 0.603746 0.292873
0.537461 0.604034 0.292873
0.537545 0.604323 0.292873
0.537630 0.604612 0.292873
0.537714 0.604900 0.292873
0.537799 0.605189 0.292873
0.537883 0.605478 0.292873
0.537968 0.605766 0.292873
0.538052 0.606055 0.292873
0.538137 0.606344 0.292873
0.538222 0.606632 0.292873
0.538306 0.606921 0.292873
0.538391 0.607209 0.292873
0.538475 0.607498 0.292873
0.538560 0.607787 0.292873
0.538644 0.608075 0.292873
0.538729 0.608364 0.292873
0.538813 0.608653 0.292873
0.538898 0.608941 0.292873
0.538982 0.609230 0.292873
0.539067 0.609519 0.292873
0.539151 0.609807 0.292873
0.539236 0.610096 0.292873
0.539321 0.610385 0.292873
0.539405 0.610673 0.292873
0.539490 0.610962 0.292873
0.539574 0.611251 0.292873
0.539659 0.611539 0.292873
0.539743 0.611828 0.292873
0.539828 0.612117 0.292873
0.539912 0.612405 0.292873
0.539997 0.612694 0.292873
0.540081 0.612983 0.292873
0.540166 0.613271 0.292873
0.540250 0.613560 0.292872
0.540335 0.613849 0.292872
0.540419 0.614137 0.292872
0.540504 0.614426 0.292872
0.540589 0.614715 0.292872
0.540673 0.615003 0.292872
0.540758 0.615292 0.292872
0.540842 0.615581 0.292872
0.540927 0.615869 0.292872
0.541011 0.616158 0.292872
0.541096 0.616447 0.292872
0.541180 0.616735 0.292872
0.541265 0.617024 0.292872
0.541349 0.617313 0.292872
0.541434 0.617601 0.292872
0.541518 0.617890 0.292872
0.541603 0.618178 0.292872
0.541687 0.618467 0.292872
0.541772 0.618756 0.292872
0.541857 0.619044 0.292872
0.541941 0.619333 0.292872
0.542026 0.619622 0.292872
0.542110 0.619910 0.292872
0.542195 0.620199 0.292872
0.542279 0.620488 0.292872
0.542364 0.620776 0.292872
0.542448 0.621065 0.292872
0.542533 0.621354 0.292872
0.542617 0.621642 0.292872
0.542702 0.621931 0.292872
0.542786 0.622220 0.292872
0.542871 0.622508 0.292872
0.542956 0.622797 0.292872
0.543040 0.623086 0.292872
0.543125 0.623374 0.292872
0.543209 0.623663 0.292872
0.543294 0.623952 0.292872
0.543378 0.624240 0.292872
0.543463 0.624529 0.292872
0.543547 0.624818 0.292872
0.543632 0.625106 0.292872
0.543716 0.625395 0.292872
0.543801 0.625684 0.292872
0.543885 0.625972 0.292872
0.543970 0.626261 0.292872
0.544054 0.626550 0.292872
0.544139 0.626838 0.292872
0.544224 0.627127 0.292872
0.544308 0.627416 0.292872
0.544393 0.627704 0.292872
0.544477 0.627993 0.292872
0.544562 0.628282 0.292872
0.544646 0.628570 0.292872
0.544731 0.628859 0.292872
0.544815 0.629148 0.292872
0.544900 0.629436 0.292872
0.544984 0.629725 0.292872
0.545069 0.630013 0.292872
0.545153 0.630302 0.292872
0.545238 0.630591 0.292872
0.545322 0.630879 0.292872
0.545407 0.631168 0.292872
0.545492 0.631457 0.292872
0.545576 0.631745 0.292872
0.545661 0.632034 0.292872
0.545745 0.632323 0.292872
0.545830 0.632611 0.292872
0.545914 0.632900 0.292872
0.545999 0.633189 0.292872
0.546083 0.633477 0.292872
0.546168 0.633766 0.292872
0.546252 0.634055 0.292872
0.546337 0.634343 0.292872
0.546421 0.634632 0.292872
0.546506 0.634921 0.292872
0.546591 0.635209 0.292872
0.546675 0.635498 0.292872
0.546760 0.635787 0.292872
0.546844 0.636075 0.292872
0.546929 0.636364 0.292872
0.547013 0.636653 0.292872
0.547098 0.636941 0.292872
0.547182 0.637230 0.292872
0.547267 0.637519 0.292872
0.547351 0.637807 0.292872
0.547436 0.638096 0.292872
0.547520 0.638385 0.292872
0.547605 0.638673 0.292872
0.547689 0.638962 0.292872
0.547774 0.639251 0.292872
0.547859 0.639539 0.292872
0.547943 0.639828 0.292872
0.548028 0.640117 0.292872
0.548112 0.640405 0.292872
0.548197 0.640694 0.292872
0.548281 0.640982 0.292872
0.548366 0.641271 0.292872
0.548450 0.641560 0.292872
0.548535 0.641848 0.292872
0.548619 0.642137 0.292872
0.548704 0.642426 0.292872
0.548788 0.642714 0.292872
0.548873 0.643003 0.292872
0.548958 0.643292 0.292872
0.549042 0.643580 0.292872
0.549127 0.643869 0.292872
0.549211 0.644158 0.292872
0.549296 0.644446 0.292872
0.549380 0.644735 0.292872
0.549465 0.645024 0.292872
0.549549 0.645312 0.292872
0.549634 0.645601 0.292872
0.549718 0.645890 0.292872
0.549803 0.646178 0.292872
0.549887 0.646467 0.292872
0.549972 0.646756 0.292872
0.550056 0.647044 0.292872
0.550141 0.647333 0.292872
0.550226 0.647622 0.292872
0.550310 0.647910 0.292872
0.550395 0.648199 0.292872
0.550479 0.648488 0.292872
0.550564 0.648776 0.292872
0.550648 0.649065 0.292872
0.550733 0.649354 0.292872
0.550817 0.649642 0.292872
0.550902 0.649931 0.292872
0.550986 0.650220 0.292872
0.551071 0.650508 0.292872
0.551155 0.650797 0.292872
0.551240 0.651086 0.292872
0.551325 0.651374 0.292872
0.551409 0.651663 0.292872
0.551494 0.651952 0.292872
0.551578 0.652240 0.292872
0.551663 0.652529 0.292871
0.551747 0.652817 0.292871
0.551832 0.653106 0.292871
0.551916 0.653395 0.292871
0.552001 0.653683 0.292871
0.552085 0.653972 0.292871
0.552170 0.654261 0.292871
0.552254 0.654549 0.292871
0.552339 0.654838 0.292871
0.552423 0.655127 0.292871
0.552508 0.655415 0.292871
0.552593 0.655704 0.292871
0.552677 0.655993 0.292871
0.552762 0.656281 0.292871
0.552846 0.656570 0.292871
0.552931 0.656859 0.292871
0.553015 0.657147 0.292871
0.553100 0.657436 0.292871
0.553184 0.657725 0.292871
0.553269 0.658013 0.292871
0.553353 0.658302 0.292871
0.553438 0.658591 0.292871
0.553522 0.658879 0.292871
0.553607 0.659168 0.292871
0.553692 0.659457 0.292871
0.553776 0.659745 0.292871
0.553861 0.660034 0.292871
0.553945 0.660323 0.292871
0.554030 0.660611 0.292871
0.554114 0.660900 0.292871
0.554199 0.661189 0.292871
0.554283 0.661477 0.292871
0.554368 0.661766 0.292871
0.554452 0.662055 0.292871
0.554537 0.662343 0.292871
0.554621 0.662632 0.292871
0.554706 0.662921 0.292871
0.554790 0.663209 0.292871
0.554875 0.663498 0.292871
0.554960 0.663786 0.292871
0.555044 0.664075 0.292871
0.555129 0.664364 0.292871
0.555213 0.664652 0.292871
0.555298 0.664941 0.292871
0.555382 0.665230 0.292871
0.555467 0.665518 0.292871
0.555551 0.665807 0.292871
0.555636 0.666096 0.292871
0.555720 0.666384 0.292871
0.555805 0.666673 0.292871
0.555889 0.666962 0.292871
0.555974 0.667250 0.292871
0.556059 0.667539 0.292871
0.556143 0.667828 0.292871
0.556228 0.668116 0.292871
0.556312 0.668405 0.292871
0.556397 0.668694 0.292871
0.556481 0.668982 0.292871
0.556566 0.669271 0.292871
0.556650 0.669560 0.292871
0.556735 0.669848 0.292871
0.556819 0.670137 0.292871
0.556904 0.670426 0.292871
0.556988 0.670714 0.292871
0.557073 0.671003 0.292871
0.557157 0.671292 0.292871
0.557242 0.671580 0.292871
0.557327 0.671869 0.292871
0.557411 0.672158 0.292871
0.557496 0.672446 0.292871
0.557580 0.672735 0.292871
0.557665 0.673024 0.292871
0.557749 0.673312 0.292871
0.557834 0.673601 0.292871
0.557918 0.673890 0.292871
0.558003 0.674178 0.292871
0.558087 0.674467 0.292871
0.558172 0.674756 0.292871
0.558256 0.675044 0.292871
0.558341 0.675333 0.292871
0.558426 0.675621 0.292871
0.558510 0.675910 0.292871
0.558595 0.676199 0.292871
0.558679 0.676487 0.292871
0.558764 0.676776 0.292871
0.558848 0.677065 0.292871
0.558933 0.677353 0.292871
0.559017 0.677642 0.292871
0.559102 0.677931 0.292871
0.559186 0.678219 0.292871
0.559271 0.678508 0.292871
0.559355 0.678797 0.292871
0.559440 0.679085 0.292871
0.559524 0.679374 0.292871
0.559609 0.679663 0.292871
0.559694 0.679951 0.292871
0.559778 0.680240 0.292871
0.559863 0.680529 0.292871
0.559947 0.680817 0.292871
0.560032 0.681106 0.292871
0.560116 0.681395 0.292871
0.560201 0.681683 0.292871
0.560285 0.681972 0.292871
0.560370 0.682261 0.292871
0.560454 0.682549 0.292871
0.560539 0.682838 0.292871
0.560623 0.683127 0.292871
0.560708 0.683415 0.292871
0.560793 0.683704 0.292871
0.560877 0.683993 0.292871
0.560962 0.684281 0.292871
0.561046 0.684570 0.292871
0.561131 0.684859 0.292871
0.561215 0.685147 0.292871
0.561300 0.685436 0.292871
0.561384 0.685725 0.292871
0.561469 0.686013 0.292871
0.561553 0.686302 0.292871
0.561638 0.686590 0.292871
0.561722 0.686879 0.292871
0.561807 0.687168 0.292871
0.561891 0.687456 0.292871
0.561976 0.687745 0.292871
0.562061 0.688034 0.292871
0.562145 0.688322 0.292871
0.562230 0.688611 0.292871
0.562314 0.688900 0.292871
0.562399 0.689188 0.292871
0.562483 0.689477 0.292871
0.562568 0.689766 0.292871
0.562652 0.690054 0.292871
0.562737 0.690343 0.292871
0.562821 0.690632 0.292871
0.562906 0.690920 0.292871
0.562990 0.691209 0.292871
0.563075 0.691498 0.292871
0.563160 0.691786 0.292871
0.563244 0.692075 0.292871
0.563329 0.692364 0.292871
0.563413 0.692652 0.292871
0.563498 0.692941 0.292871
0.563582 0.693230 0.292871
0.563667 0.693518 0.292871
0.563751 0.693807 0.292871
0.563836 0.694096 0.292871
0.563920 0.694384 0.292871
0.564005 0.694673 0.292871
0.564089 0.694962 0.292871
0.564174 0.695250 0.292871
0.564259 0.695539 0.292871
0.564343 0.695828 0.292871
0.564428 0.696116 0.292871
0.564512 0.696405 0.292871
0.564597 0.696694 0.292871
0.564681 0.696982 0.292871
0.564766 0.697271 0.292871
0.564850 0.697560 0.292871
0.564935 0.697848 0.292871
0.565019 0.698137 0.292871
0.565104 0.698425 0.292871
0.565188 0.698714 0.292871
0.565273 0.699003 0.292871
0.565357 0.699291 0.292871
0.565442 0.699580 0.292871
0.565527 0.699869 0.292871
0.565565 0.700000 0.292871
