0.580556 0.000376 0.000000
0.580556 0.000697 0.000000
0.580556 0.001003 0.000000
0.580556 0.001301 0.000000
0.580556 0.001596 0.000000
0.580556 0.001888 0.000000
0.580556 0.002179 0.000000
0.580556 0.002468 0.000000
0.580556 0.002758 0.000000
0.580556 0.003047 0.000000
0.580556 0.003336 0.000000
0.580556 0.003625 0.000000
0.580556 0.003914 0.000000
0.580556 0.004202 0.000000
0.580556 0.004491 0.000000
0.580556 0.004780 0.000000
0.580556 0.005068 0.000000
0.580556 0.005357 0.000000
0.580556 0.005646 0.000000
0.580556 0.005934 0.000000
0.580556 0.006223 0.000000
0.580556 0.006512 0.000000
0.580556 0.006800 0.000000
0.580556 0.007089 0.000000
0.580556 0.007378 0.000000
0.580556 0.007666 0.000000
0.580556 0.007955 0.000000
0.580556 0.008244 0.000000
0.580556 0.008532 0.000000
0.580556 0.008821 0.000000
0.580556 0.009110 0.000000
0.580556 0.009398 0.000000
0.580556 0.009687 0.000000
0.580556 0.009976 0.000000
0.580556 0.010264 0.000000
0.580556 0.010553 0.000000
0.580556 0.010842 0.000000
0.580556 0.011130 0.000000
0.580556 0.011419 0.000000
0.580556 0.011708 0.000000
0.580556 0.011996 0.000000
0.580556 0.012285 0.000000
0.580556 0.012574 0.000000
0.580556 0.012862 0.000000
0.580556 0.013151 0.000000
0.580556 0.013439 0.000000
0.580556 0.013728 0.000000
0.580556 0.014017 0.000000
0.580556 0.014305 0.000000
0.580556 0.014594 0.000000
0.580556 0.014883 0.000000
0.580556 0.015171 0.000000
0.580556 0.015460 0.000000
0.580556 0.015749 0.000000
0.580556 0.016037 0.000000
0.580556 0.016326 0.000000
0.580556 0.016615 0.000000
0.580556 0.016903 0.000000
0.580556 0.017192 0.000000
0.580556 0.017481 0.000000
0.580556 0.017769 0.000000
0.580556 0.018058 0.000000
0.580556 0.018347 0.000000
0.580556 0.018635 0.000000
0.580556 0.018924 0.000000
0.580556 0.019213 0.000000
0.580556 0.019501 0.000000
0.580556 0.019790 0.000000
0.580556 0.020079 0.000000
0.580556 0.020367 0.000000
0.580556 0.020656 0.000000
0.580556 0.020945 0.000000
0.580556 0.021233 0.000000
0.580556 0.021522 0.000000
0.580556 0.021811 0.000000
0.580556 0.022099 0.000000
0.580556 0.022388 0.000000
0.580556 0.022677 0.000000
0.580556 0.022965 0.000000
0.580556 0.023254 0.000000
0.580556 0.023543 0.000000
0.580556 0.023831 0.000000
0.580556 0.024120 0.000000
0.580556 0.024408 0.000000
0.580556 0.024697 0.000000
0.580556 0.024986 0.000000
0.580556 0.025274 0.000000
0.580556 0.025563 0.000000
0.580556 0.025852 0.000000
0.580556 0.026140 0.000000
0.580556 0.026429 0.000000
0.580556 0.026718 0.000000
0.580556 0.027006 0.000000
0.580556 0.027295 0.000000
0.580556 0.027584 0.000000
0.580556 0.027872 0.000000
0.580556 0.028161 0.000000
0.580556 0.028450 0.000000
0.580556 0.028738 0.000000
0.580556 0.029027 0.000000
0.580556 0.029316 0.000000
0.580556 0.029604 0.000000
0.580556 0.029893 0.000000
0.580556 0.030182 0.000000
0.580556 0.030470 0.000000
0.580556 0.030759 0.000000
0.580556 0.031048 0.000000
0.580556 0.031336 0.000000
0.580556 0.031625 0.000000
0.580556 0.031914 0.000000
0.580556 0.032202 0.000000
0.580556 0.032491 0.000000
0.580556 0.032780 0.000000
0.580556 0.033068 0.000000
0.580556 0.033357 0.000000
0.580556 0.033646 0.000000
0.580556 0.033934 0.000000
0.580556 0.034223 0.000000
0.580556 0.034512 0.000000
0.580556 0.034800 0.000000
0.580556 0.035089 0.000000
0.580556 0.035378 0.000000
0.580556 0.035666 0.000000
0.580556 0.035955 0.000000
0.580556 0.036243 0.000000
0.580556 0.036532 0.000000
0.580556 0.036821 0.000000
0.580556 0.037109 0.000000
0.580556 0.037398 0.000000
0.580556 0.037687 0.000000
0.580556 0.037975 0.000000
0.580556 0.038264 0.000000
0.580556 0.038553 0.000000
0.580556 0.038841 0.000000
0.580556 0.039130 0.000000
0.580556 0.039419 0.000000
0.580556 0.039707 0.000000
0.580556 0.039996 0.000000
0.580556 0.040285 0.000000
0.580556 0.040573 0.000000
0.580556 0.040862 0.000000
0.580556 0.041151 0.000000
0.580556 0.041439 0.000000
0.580556 0.041728 0.000000
0.580556 0.042017 0.000000
0.580556 0.042305 0.000000
0.580556 0.042594 0.000000
0.580556 0.042883 0.000000
0.580556 0.043171 0.000000
0.580556 0.043460 0.000000
0.580556 0.043749 0.000000
0.580556 0.044037 0.000000
0.580556 0.044326 0.000000
0.580556 0.044615 0.000000
0.580556 0.044903 0.000000
0.580556 0.045192 0.000000
0.580556 0.045481 0.000000
0.580556 0.045769 0.000000
0.580556 0.046058 0.000000
0.580556 0.046347 0.000000
0.580556 0.046635 0.000000
0.580556 0.046924 0.000000
0.580556 0.047212 0.000000
0.580556 0.047501 0.000000
0.580556 0.047790 0.000000
0.580556 0.048078 0.000000
0.580556 0.048367 0.000000
0.580556 0.048656 0.000000
0.580556 0.048944 0.000000
0.580556 0.049233 0.000000
0.580556 0.049522 0.000000
0.580556 0.049810 0.000000
0.580556 0.050099 0.000000
0.580556 0.050388 0.000000
0.580556 0.050676 0.000000
0.580556 0.050965 0.000000
0.580556 0.051254 0.000000
0.580556 0.051542 0.000000
0.580556 0.051831 0.000000
0.580556 0.052120 0.000000
0.580556 0.052408 0.000000
0.580556 0.052697 0.000000
0.580556 0.052986 0.000000
0.580556 0.053274 0.000000
0.580556 0.053563 0.000000
0.580556 0.053852 0.000000
0.580556 0.054140 0.000000
0.580556 0.054429 0.000000
0.580556 0.054718 0.000000
0.580556 0.055006 0.000000
0.580556 0.055295 0.000000
0.580556 0.055584 0.000000
0.580556 0.055872 0.000000
0.580556 0.056161 0.000000
0.580556 0.056450 0.000000
0.580556 0.056738 0.000000
0.580556 0.057027 0.000000
0.580556 0.057316 0.000000
0.580556 0.057604 0.000000
0.580556 0.057893 0.000000
0.580556 0.058182 0.000000
0.580556 0.058470 0.000000
0.580556 0.058759 0.000000
0.580556 0.059047 0.000000
0.580556 0.059336 0.000000
0.580556 0.059625 0.000000
0.580556 0.059913 0.000000
0.580556 0.060202 0.000000
0.580556 0.060491 0.000000
0.580556 0.060779 0.000000
0.580556 0.061068 0.000000
0.580556 0.061357 0.000000
0.580556 0.061645 0.000000
0.580556 0.061934 0.000000
0.580556 0.062223 0.000000
0.580556 0.062511 0.000000
0.580556 0.062800 0.000000
0.580556 0.063089 0.000000
0.580556 0.063377 0.000000
0.580556 0.063666 0.000000
0.580556 0.063955 0.000000
0.580556 0.064243 0.000000
0.580556 0.064532 0.000000
0.580556 0.064821 0.000000
0.580556 0.065109 0.000000
0.580556 0.065398 0.000000
0.580556 0.065687 0.000000
0.580556 0.065975 0.000000
0.580556 0.066264 0.000000
0.580556 0.066553 0.000000
0.580556 0.066841 0.000000
0.580556 0.067130 0.000000
0.580556 0.067419 0.000000
0.580556 0.067707 0.000000
0.580556 0.067996 0.000000
0.580556 0.068285 0.000000
0.580556 0.068573 0.000000
0.580556 0.068862 0.000000
0.580556 0.069151 0.000000
0.580556 0.069439 0.000000
0.580556 0.069728 0.000000
0.580556 0.070017 0.000000
0.580556 0.070305 0.000000
0.580556 0.070594 0.000000
0.580556 0.070882 0.000000
0.580556 0.071171 0.000000
0.580556 0.071460 0.000000
0.580556 0.071748 0.000000
0.580556 0.072037 0.000000
0.580556 0.072326 0.000000
0.580556 0.072614 0.000000
0.580556 0.072903 0.000000
0.580556 0.073192 0.000000
0.580556 0.073480 0.000000
0.580556 0.073769 0.000000
0.580556 0.074058 0.000000
0.580556 0.074346 0.000000
0.580556 0.074635 0.000000
0.580556 0.074924 0.000000
0.580556 0.075212 0.000000
0.580556 0.075501 0.000000
0.580556 0.075790 0.000000
0.580556 0.076078 0.000000
0.580556 0.076367 0.000000
0.580556 0.076656 0.000000
0.580556 0.076944 0.000000
0.580556 0.077233 0.000000
0.580556 0.077522 0.000000
0.580556 0.077810 0.000000
0.580556 0.078099 0.000000
0.580556 0.078388 0.000000
0.580556 0.078676 0.000000
0.580556 0.078965 0.000000
0.580556 0.079254 0.000000
0.580556 0.079542 0.000000
0.580556 0.079831 0.000000
0.580556 0.080120 0.000000
0.580556 0.080408 0.000000
0.580556 0.080697 0.000000
0.580556 0.080986 0.000000
0.580556 0.081274 0.000000
0.580556 0.081563 0.000000
0.580556 0.081851 0.000000
0.580556 0.082140 0.000000
0.580556 0.082429 0.000000
0.580556 0.082717 0.000000
0.580556 0.083006 0.000000
0.580556 0.083295 0.000000
0.580556 0.083583 0.000000
0.580556 0.083872 0.000000
0.580556 0.084161 0.000000
0.580556 0.084449 0.000000
0.580556 0.084738 0.000000
0.580556 0.085027 0.000000
0.580556 0.085315 0.000000
0.580556 0.085604 0.000000
0.580556 0.085893 0.000000
0.580556 0.086181 0.000000
0.580556 0.086470 0.000000
0.580556 0.086759 0.000000
0.580556 0.087047 0.000000
0.580556 0.087336 0.000000
0.580556 0.087625 0.000000
0.580556 0.087913 0.000000
0.580556 0.088202 0.000000
0.580556 0.088491 0.000000
0.580556 0.088779 0.000000
0.580556 0.089068 0.000000
0.580556 0.089357 0.000000
0.580556 0.089645 0.000000
0.580556 0.089934 0.000000
0.580556 0.090223 0.000000
0.580556 0.090511 0.000000
0.580556 0.090800 0.000000
0.580556 0.091089 0.000000
0.580556 0.091377 0.000000
0.580556 0.091666 0.000000
0.580556 0.091955 0.000000
0.580556 0.092243 0.000000
0.580556 0.092532 0.000000
0.580556 0.092821 0.000000
0.580556 0.093109 0.000000
0.580556 0.093398 0.000000
0.580556 0.093686 0.000000
0.580556 0.093975 0.000000
0.580556 0.094264 0.000000
0.580556 0.094552 0.000000
0.580556 0.094841 0.000000
0.580556 0.095130 0.000000
0.580556 0.095418 0.000000
0.580556 0.095707 0.000000
0.580556 0.095996 0.000000
0.580556 0.096284 0.000000
0.580556 0.096573 0.000000
0.580556 0.096862 0.000000
0.580556 0.097150 0.000000
0.580556 0.097439 0.000000
0.580556 0.097728 0.000000
0.580556 0.098016 0.000000
0.580556 0.098305 0.000000
0.580556 0.098594 0.000000
0.580556 0.098882 0.000000
0.580556 0.099171 0.000000
0.580556 0.099460 0.000000
0.580556 0.099748 0.000000
0.580556 0.100037 0.000000
0.580556 0.100326 0.000000
0.580556 0.100614 0.000000
0.580556 0.100903 0.000000
0.580556 0.101192 0.000000
0.580556 0.101480 0.000000
0.580556 0.101769 0.000000
0.580556 0.102058 0.000000
0.580556 0.102346 0.000000
0.580556 0.102635 0.000000
0.580556 0.102924 0.000000
0.580556 0.103212 0.000000
0.580556 0.103501 0.000000
0.580556 0.103790 0.000000
0.580556 0.104078 0.000000
0.580556 0.104367 0.000000
0.580556 0.104655 0.000000
0.580556 0.104944 0.000000
0.580556 0.105233 0.000000
0.580556 0.105521 0.000000
0.580556 0.105810 0.000000
0.580556 0.106099 0.000000
0.580556 0.106387 0.000000
0.580556 0.106676 0.000000
0.580556 0.106965 0.000000
0.580556 0.107253 0.000000
0.580556 0.107542 0.000000
0.580556 0.107831 0.000000
0.580556 0.108119 0.000000
0.580556 0.108408 0.000000
0.580556 0.108697 0.000000
0.580556 0.108985 0.000000
0.580556 0.109274 0.000000
0.580556 0.109563 0.000000
0.580556 0.109851 0.000000
0.580556 0.110140 0.000000
0.580556 0.110429 0.000000
0.580556 0.110717 0.000000
0.580556 0.111006 0.000000
0.580556 0.111295 0.000000
0.580556 0.111583 0.000000
0.580556 0.111872 0.000000
0.580556 0.112161 0.000000
0.580556 0.112449 0.000000
0.580556 0.112738 0.000000
0.580556 0.113027 0.000000
0.580556 0.113315 0.000000
0.580556 0.113604 0.000000
0.580556 0.113893 0.000000
0.580556 0.114181 0.000000
0.580556 0.114470 0.000000
0.580556 0.114759 0.000000
0.580556 0.115047 0.000000
0.580556 0.115336 0.000000
0.580556 0.115625 0.000000
0.580556 0.115913 0.000000
0.580556 0.116202 0.000000
0.580556 0.116490 0.000000
0.580556 0.116779 0.000000
0.580556 0.117068 0.000000
0.580556 0.117356 0.000000
0.580556 0.117645 0.000000
0.580556 0.117934 0.000000
0.580556 0.118222 0.000000
0.580556 0.118511 0.000000
0.580556 0.118800 0.000000
0.580556 0.119088 0.000000
0.580556 0.119377 0.000000
0.580556 0.119666 0.000000
0.580556 0.119954 0.000000
0.580556 0.120243 0.000000
0.580556 0.120532 0.000000
0.580556 0.120820 0.000000
0.580556 0.121109 0.000000
0.580556 0.121398 0.000000
0.580556 0.121686 0.000000
0.580556 0.121975 0.000000
0.580556 0.122264 0.000000
0.580556 0.122552 0.000000
0.580556 0.122841 0.000000
0.580556 0.123130 0.000000
0.580556 0.123418 0.000000
0.580556 0.123707 0.000000
0.580556 0.123996 0.000000
0.580556 0.124284 0.000000
0.580556 0.124573 0.000000
0.580556 0.124862 0.000000
0.580556 0.125150 0.000000
0.580556 0.125439 0.000000
0.580556 0.125728 0.000000
0.580556 0.126016 0.000000
0.580556 0.126305 0.000000
0.580556 0.126594 0.000000
0.580556 0.126882 0.000000
0.580556 0.127171 0.000000
0.580556 0.127459 0.000000
0.580556 0.127748 0.000000
0.580556 0.128037 0.000000
0.580556 0.128325 0.000000
0.580556 0.128614 0.000000
0.580556 0.128903 0.000000
0.580556 0.129191 0.000000
0.580556 0.129480 0.000000
0.580556 0.129769 0.000000
0.580556 0.130057 0.000000
0.580556 0.130346 0.000000
0.580556 0.130635 0.000000
0.580556 0.130923 0.000000
0.580556 0.131212 0.000000
0.580556 0.131501 0.000000
0.580556 0.131789 0.000000
0.580556 0.132078 0.000000
0.580556 0.132367 0.000000
0.580556 0.132655 0.000000
0.580556 0.132944 0.000000
0.580556 0.133233 0.000000
0.580556 0.133521 0.000000
0.580556 0.133810 0.000000
0.580556 0.134099 0.000000
0.580556 0.134387 0.000000
0.580556 0.134676 0.000000
0.580556 0.134965 0.000000
0.580556 0.135253 0.000000
0.580556 0.135542 0.000000
0.580556 0.135831 0.000000
0.580556 0.136119 0.000000
0.580556 0.136408 0.000000
0.580556 0.136697 0.000000
0.580556 0.136985 0.000000
0.580556 0.137274 0.000000
0.580556 0.137563 0.000000
0.580556 0.137851 0.000000
0.580556 0.138140 0.000000
0.580556 0.138429 0.000000
0.580556 0.138717 0.000000
0.580556 0.139006 0.000000
0.580556 0.139294 0.000000
0.580556 0.139583 0.000000
0.580556 0.139872 0.000000
0.580556 0.140160 0.000000
0.580556 0.140449 0.000000
0.580556 0.140738 0.000000
0.580556 0.141026 0.000000
0.580556 0.141315 0.000000
0.580556 0.141604 0.000000
0.580556 0.141892 0.000000
0.580556 0.142181 0.000000
0.580556 0.142470 0.000000
0.580556 0.142758 0.000000
0.580556 0.143047 0.000000
0.580556 0.143336 0.000000
0.580556 0.143624 0.000000
0.580556 0.143913 0.000000
0.580556 0.144202 0.000000
0.580556 0.144490 0.000000
0.580556 0.144779 0.000000
0.580556 0.145068 0.000000
0.580556 0.145356 0.000000
0.580556 0.145645 0.000000
0.580556 0.145934 0.000000
0.580556 0.146222 0.000000
0.580556 0.146511 0.000000
0.580556 0.146800 0.000000
0.580556 0.147088 0.000000
0.580556 0.147377 0.000000
0.580556 0.147666 0.000000
0.580556 0.147954 0.000000
0.580556 0.148243 0.000000
0.580556 0.148532 0.000000
0.580556 0.148820 0.000000
0.580556 0.149109 0.000000
0.580556 0.149398 0.000000
0.580556 0.149686 0.000000
0.580556 0.149975 0.000000
0.580556 0.150263 0.000000
0.580556 0.150552 0.000000
0.580556 0.150841 0.000000
0.580556 0.151129 0.000000
0.580556 0.151418 0.000000
0.580556 0.151707 0.000000
0.580556 0.151995 0.000000
0.580556 0.152284 0.000000
0.580556 0.152573 0.000000
0.580556 0.152861 0.000000
0.580556 0.153150 0.000000
0.580556 0.153439 0.000000
0.580556 0.153727 0.000000
0.580556 0.154016 0.000000
0.580556 0.154305 0.000000
0.580556 0.154593 0.000000
0.580556 0.154882 0.000000
0.580556 0.155171 0.000000
0.580556 0.155459 0.000000
0.580556 0.155748 0.000000
0.580556 0.156037 0.000000
0.580556 0.156325 0.000000
0.580556 0.156614 0.000000
0.580556 0.156903 0.000000
0.580556 0.157191 0.000000
0.580556 0.157480 0.000000
0.580556 0.157769 0.000000
0.580556 0.158057 0.000000
0.580556 0.158346 0.000000
0.580556 0.158635 0.000000
0.580556 0.158923 0.000000
0.580556 0.159212 0.000000
0.580556 0.159501 0.000000
0.580556 0.159789 0.000000
0.580556 0.160078 0.000000
0.580556 0.160367 0.000000
0.580556 0.160655 0.000000
0.580556 0.160944 0.000000
0.580556 0.161233 0.000000
0.580556 0.161521 0.000000
0.580556 0.161810 0.000000
0.580556 0.162098 0.000000
0.580556 0.162387 0.000000
0.580556 0.162676 0.000000
0.580556 0.162964 0.000000
0.580556 0.163253 0.000000
0.580556 0.163542 0.000000
0.580556 0.163830 0.000000
0.580556 0.164119 0.000000
0.580556 0.164408 0.000000
0.580556 0.164696 0.000000
0.580556 0.164985 0.000000
0.580556 0.165274 0.000000
0.580556 0.165562 0.000000
0.580556 0.165851 0.000000
0.580556 0.166140 0.000000
0.580556 0.166428 0.000000
0.580556 0.166717 0.000000
0.580556 0.167006 0.000000
0.580556 0.167294 0.000000
0.580556 0.167583 0.000000
0.580556 0.167872 0.000000
0.580556 0.168160 0.000000
0.580556 0.168449 0.000000
0.580556 0.168738 0.000000
0.580556 0.169026 0.000000
0.580556 0.169315 0.000000
0.580556 0.169604 0.000000
0.580556 0.169892 0.000000
0.580556 0.170181 0.000000
0.580556 0.170470 0.000000
0.580556 0.170758 0.000000
0.580556 0.171047 0.000000
0.580556 0.171336 0.000000
0.580556 0.171624 0.000000
0.580556 0.171913 0.000000
0.580556 0.172202 0.000000
0.580556 0.172490 0.000000
0.580556 0.172779 0.000000
0.580556 0.173067 0.000000
0.580556 0.173356 0.000000
0.580556 0.173645 0.000000
0.580556 0.173933 0.000000
0.580556 0.174222 0.000000
0.580556 0.174511 0.000000
0.580556 0.174799 0.000000
0.580556 0.175088 0.000000
0.580556 0.175377 0.000000
0.580556 0.175665 0.000000
0.580556 0.175954 0.000000
0.580556 0.176243 0.000000
0.580556 0.176531 0.000000
0.580556 0.176820 0.000000
0.580556 0.177109 0.000000
0.580556 0.177397 0.000000
0.580556 0.177686 0.000000
0.580556 0.177975 0.000000
0.580556 0.178263 0.000000
0.580556 0.178552 0.000000
0.580556 0.178841 0.000000
0.580556 0.179129 0.000000
0.580556 0.179418 0.000000
0.580556 0.179707 0.000000
0.580556 0.179995 0.000000
0.580556 0.180284 0.000000
0.580556 0.180573 0.000000
0.580556 0.180861 0.000000
0.580556 0.181150 0.000000
0.580556 0.181439 0.000000
0.580556 0.181727 0.000000
0.580556 0.182016 0.000000
0.580556 0.182305 0.000000
0.580556 0.182593 0.000000
0.580556 0.182882 0.000000
0.580556 0.183171 0.000000
0.580556 0.183459 0.000000
0.580556 0.183748 0.000000
0.580556 0.184037 0.000000
0.580556 0.184325 0.000000
0.580556 0.184614 0.000000
0.580556 0.184902 0.000000
0.580556 0.185191 0.000000
0.580556 0.185480 0.000000
0.580556 0.185768 0.000000
0.580556 0.186057 0.000000
0.580556 0.186346 0.000000
0.580556 0.186634 0.000000
0.580556 0.186923 0.000000
0.580556 0.187212 0.000000
0.580556 0.187500 0.000000
0.580556 0.187789 0.000000
0.580556 0.188078 0.000000
0.580556 0.188366 0.000000
0.580556 0.188655 0.000000
0.580556 0.188944 0.000000
0.580556 0.189232 0.000000
0.580556 0.189521 0.000000
0.580556 0.189810 0.000000
0.580556 0.190098 0.000000
0.580556 0.190387 0.000000
0.580556 0.190676 0.000000
0.580556 0.190964 0.000000
0.580556 0.191253 0.000000
0.580556 0.191542 0.000000
0.580556 0.191830 0.000000
0.580556 0.192119 0.000000
0.580556 0.192408 0.000000
0.580556 0.192696 0.000000
0.580556 0.192985 0.000000
0.580556 0.193274 0.000000
0.580556 0.193562 0.000000
0.580556 0.193851 0.000000
0.580556 0.194140 0.000000
0.580556 0.194428 0.000000
0.580556 0.194717 0.000000
0.580556 0.195006 0.000000
0.580556 0.195294 0.000000
0.580556 0.195583 0.000000
0.580556 0.195871 0.000000
0.580556 0.196160 0.000000
0.580556 0.196449 0.000000
0.580556 0.196737 0.000000
0.580556 0.197026 0.000000
0.580556 0.197315 0.000000
0.580556 0.197603 0.000000
0.580556 0.197892 0.000000
0.580556 0.198181 0.000000
0.580556 0.198469 0.000000
0.580556 0.198758 0.000000
0.580556 0.199047 0.000000
0.580556 0.199335 0.000000
0.580556 0.199624 0.000000
0.580556 0.199913 0.000000
0.580556 0.200201 0.000000
0.580556 0.200490 0.000000
0.580556 0.200779 0.000000
0.580556 0.201067 0.000000
0.580556 0.201356 0.000000
0.580556 0.201645 0.000000
0.580556 0.201933 0.000000
0.580556 0.202222 0.000000
0.580556 0.202511 0.000000
0.580556 0.202799 0.000000
0.580556 0.203088 0.000000
0.580556 0.203377 0.000000
0.580556 0.203665 0.000000
0.580556 0.203954 0.000000
0.580556 0.204243 0.000000
0.580556 0.204531 0.000000
0.580556 0.204820 0.000000
0.580556 0.205109 0.000000
0.580556 0.205397 0.000000
0.580556 0.205686 0.000000
0.580556 0.205975 0.000000
0.580556 0.206263 0.000000
0.580556 0.206552 0.000000
0.580556 0.206841 0.000000
0.580556 0.207129 0.000000
0.580556 0.207418 0.000000
0.580556 0.207706 0.000000
0.580556 0.207995 0.000000
0.580556 0.208284 0.000000
0.580556 0.208572 0.000000
0.580556 0.208861 0.000000
0.580556 0.209150 0.000000
0.580556 0.209438 0.000000
0.580556 0.209727 0.000000
0.580556 0.210016 0.000000
0.580556 0.210304 0.000000
0.580556 0.210593 0.000000
0.580556 0.210882 0.000000
0.580556 0.211170 0.000000
0.580556 0.211459 0.000000
0.580556 0.211748 0.000000
0.580556 0.212036 0.000000
0.580556 0.212325 0.000000
0.580556 0.212614 0.000000
0.580556 0.212902 0.000000
0.580556 0.213191 0.000000
0.580556 0.213480 0.000000
0.580556 0.213768 0.000000
0.580556 0.214057 0.000000
0.580556 0.214346 0.000000
0.580556 0.214634 0.000000
0.580556 0.214923 0.000000
0.580556 0.215212 0.000000
0.580556 0.215500 0.000000
0.580556 0.215789 0.000000
0.580556 0.216078 0.000000
0.580556 0.216366 0.000000
0.580556 0.216655 0.000000
0.580556 0.216944 0.000000
0.580556 0.217232 0.000000
0.580556 0.217521 0.000000
0.580556 0.217810 0.000000
0.580556 0.218098 0.000000
0.580556 0.218387 0.000000
0.580556 0.218675 0.000000
0.580556 0.218964 0.000000
0.580556 0.219253 0.000000
0.580556 0.219541 0.000000
0.580556 0.219830 0.000000
0.580556 0.220119 0.000000
0.580556 0.220407 0.000000
0.580556 0.220696 0.000000
0.580556 0.220985 0.000000
0.580556 0.221273 0.000000
0.580556 0.221562 0.000000
0.580556 0.221851 0.000000
0.580556 0.222139 0.000000
0.580556 0.222428 0.000000
0.580556 0.222717 0.000000
0.580556 0.223005 0.000000
0.580556 0.223294 0.000000
0.580556 0.223583 0.000000
0.580556 0.223871 0.000000
0.580556 0.224160 0.000000
0.580556 0.224449 0.000000
0.580556 0.224737 0.000000
0.580556 0.225026 0.000000
0.580556 0.225315 0.000000
0.580556 0.225603 0.000000
0.580556 0.225892 0.000000
0.580556 0.226181 0.000000
0.580556 0.226469 0.000000
0.580556 0.226758 0.000000
0.580556 0.227047 0.000000
0.580556 0.227335 0.000000
0.580556 0.227624 0.000000
0.580556 0.227913 0.000000
0.580556 0.228201 0.000000
0.580556 0.228490 0.000000
0.580556 0.228779 0.000000
0.580556 0.229067 0.000000
0.580556 0.229356 0.000000
0.580556 0.229645 0.000000
0.580556 0.229933 0.000000
0.580556 0.230222 0.000000
0.580556 0.230510 0.000000
0.580556 0.230799 0.000000
0.580556 0.231088 0.000000
0.580556 0.231376 0.000000
0.580556 0.231665 0.000000
0.580556 0.231954 0.000000
0.580556 0.232242 0.000000
0.580556 0.232531 0.000000
0.580556 0.232820 0.000000
0.580556 0.233108 0.000000
0.580556 0.233397 0.000000
0.580556 0.233686 0.000000
0.580556 0.233974 0.000000
0.580556 0.234263 0.000000
0.580556 0.234552 0.000000
0.580556 0.234840 0.000000
0.580556 0.235129 0.000000
0.580556 0.235418 0.000000
0.580556 0.235706 0.000000
0.580556 0.235995 0.000000
0.580556 0.236284 0.000000
0.580556 0.236572 0.000000
0.580556 0.236861 0.000000
0.580556 0.237150 0.000000
0.580556 0.237438 0.000000
0.580556 0.237727 0.000000
0.580556 0.238016 0.000000
0.580556 0.238304 0.000000
0.580556 0.238593 0.000000
0.580556 0.238882 0.000000
0.580556 0.239170 0.000000
0.580556 0.239459 0.000000
0.580556 0.239748 0.000000
0.580556 0.240036 0.000000
0.580556 0.240325 0.000000
0.580556 0.240614 0.000000
0.580556 0.240902 0.000000
0.580556 0.241191 0.000000
0.580556 0.241479 0.000000
0.580556 0.241768 0.000000
0.580556 0.242057 0.000000
0.580556 0.242345 0.000000
0.580556 0.242634 0.000000
0.580556 0.242923 0.000000
0.580556 0.243211 0.000000
0.580556 0.243500 0.000000
0.580556 0.243789 0.000000
0.580556 0.244077 0.000000
0.580556 0.244366 0.000000
0.580556 0.244655 0.000000
0.580556 0.244943 0.000000
0.580556 0.245232 0.000000
0.580556 0.245521 0.000000
0.580556 0.245809 0.000000
0.580556 0.246098 0.000000
0.580556 0.246387 0.000000
0.580556 0.246675 0.000000
0.580556 0.246964 0.000000
0.580556 0.247253 0.000000
0.580556 0.247541 0.000000
0.580556 0.247830 0.000000
0.580556 0.248119 0.000000
0.580556 0.248407 0.000000
0.580556 0.248696 0.000000
0.580556 0.248985 0.000000
0.580556 0.249273 0.000000
0.580556 0.249562 0.000000
0.580556 0.249851 0.000000
0.580556 0.250139 0.000000
0.580556 0.250428 0.000000
0.580556 0.250717 0.000000
0.580556 0.251005 0.000000
0.580556 0.251294 0.000000
0.580556 0.251583 0.000000
0.580556 0.251871 0.000000
0.580556 0.252160 0.000000
0.580556 0.252449 0.000000
0.580556 0.252737 0.000000
0.580556 0.253026 0.000000
0.580556 0.253314 0.000000
0.580556 0.253603 0.000000
0.580556 0.253892 0.000000
0.580556 0.254180 0.000000
0.580556 0.254469 0.000000
0.580556 0.254758 0.000000
0.580556 0.255046 0.000000
0.580556 0.255335 0.000000
0.580556 0.255624 0.000000
0.580556 0.255912 0.000000
0.580556 0.256201 0.000000
0.580556 0.256490 0.000000
0.580556 0.256778 0.000000
0.580556 0.257067 0.000000
0.580556 0.257356 0.000000
0.580556 0.257644 0.000000
0.580556 0.257933 0.000000
0.580556 0.258222 0.000000
0.580556 0.258510 0.000000
0.580556 0.258799 0.000000
0.580556 0.259088 0.000000
0.580556 0.259376 0.000000
0.580556 0.259665 0.000000
0.580556 0.259954 0.000000
0.580556 0.260242 0.000000
0.580556 0.260531 0.000000
0.580556 0.260820 0.000000
0.580556 0.261108 0.000000
0.580556 0.261397 0.000000
0.580556 0.261686 0.000000
0.580556 0.261974 0.000000
0.580556 0.262263 0.000000
0.580556 0.262552 0.000000
0.580556 0.262840 0.000000
0.580556 0.263129 0.000000
0.580556 0.263418 0.000000
0.580556 0.263706 0.000000
0.580556 0.263995 0.000000
0.580556 0.264283 0.000000
0.580556 0.264572 0.000000
0.580556 0.264861 0.000000
0.580556 0.265149 0.000000
0.580556 0.265438 0.000000
0.580556 0.265727 0.000000
0.580556 0.266015 0.000000
0.580556 0.266304 0.000000
0.580556 0.266593 0.000000
0.580556 0.266881 0.000000
0.580556 0.267170 0.000000
0.580556 0.267459 0.000000
0.580556 0.267747 0.000000
0.580556 0.268036 0.000000
0.580556 0.268325 0.000000
0.580556 0.268613 0.000000
0.580556 0.268902 0.000000
0.580556 0.269191 0.000000
0.580556 0.269479 0.000000
0.580556 0.269768 0.000000
0.580556 0.270057 0.000000
0.580556 0.270345 0.000000
0.580556 0.270634 0.000000
0.580556 0.270923 0.000000
0.580556 0.271211 0.000000
0.580556 0.271500 0.000000
0.580556 0.271789 0.000000
0.580556 0.272077 0.000000
0.580556 0.272366 0.000000
0.580556 0.272655 0.000000
0.580556 0.272943 0.000000
0.580556 0.273232 0.000000
0.580556 0.273521 0.000000
0.580556 0.273809 0.000000
0.580556 0.274098 0.000000
0.580556 0.274387 0.000000
0.580556 0.274675 0.000000
0.580556 0.274964 0.000000
0.580556 0.275253 0.000000
0.580556 0.275541 0.000000
0.580556 0.275830 0.000000
0.580556 0.276118 0.000000
0.580556 0.276407 0.000000
0.580556 0.276696 0.000000
0.580556 0.276984 0.000000
0.580556 0.277273 0.000000
0.580556 0.277562 0.000000
0.580556 0.277850 0.000000
0.580556 0.278139 0.000000
0.580556 0.278428 0.000000
0.580556 0.278716 0.000000
0.580556 0.279005 0.000000
0.580556 0.279294 0.000000
0.580556 0.279582 0.000000
0.580556 0.279871 0.000000
0.580556 0.280160 0.000000
0.580556 0.280448 0.000000
0.580556 0.280737 0.000000
0.580556 0.281026 0.000000
0.580556 0.281314 0.000000
0.580556 0.281603 0.000000
0.580556 0.281892 0.000000
0.580556 0.282180 0.000000
0.580556 0.282469 0.000000
0.580556 0.282758 0.000000
0.580556 0.283046 0.000000
0.580556 0.283335 0.000000
0.580556 0.283624 0.000000
0.580556 0.283912 0.000000
0.580556 0.284201 0.000000
0.580556 0.284490 0.000000
0.580556 0.284778 0.000000
0.580556 0.285067 0.000000
0.580556 0.285356 0.000000
0.580556 0.285644 0.000000
0.580556 0.285933 0.000000
0.580556 0.286222 0.000000
0.580556 0.286510 0.000000
0.580556 0.286799 0.000000
0.580556 0.287087 0.000000
0.580556 0.287376 0.000000
0.580556 0.287665 0.000000
0.580556 0.287953 0.000000
0.580556 0.288242 0.000000
0.580556 0.288531 0.000000
0.580556 0.288819 0.000000
0.580556 0.289108 0.000000
0.580556 0.289397 0.000000
0.580556 0.289685 0.000000
0.580556 0.289974 0.000000
0.580556 0.290263 0.000000
0.580556 0.290551 0.000000
0.580556 0.290840 0.000000
0.580556 0.291129 0.000000
0.580556 0.291417 0.000000
0.580556 0.291706 0.000000
0.580556 0.291995 0.000000
0.580556 0.292283 0.000000
0.580556 0.292572 0.000000
0.580556 0.292861 0.000000
0.580556 0.293149 0.000000
0.580556 0.293438 0.000000
0.580556 0.293727 0.000000
0.580556 0.294015 0.000000
0.580556 0.294304 0.000000
0.580556 0.294593 0.000000
0.580556 0.294881 0.000000
0.580556 0.295170 0.000000
0.580556 0.295459 0.000000
0.580556 0.295747 0.000000
0.580556 0.296036 0.000000
0.580556 0.296325 0.000000
0.580556 0.296613 0.000000
0.580556 0.296902 0.000000
0.580556 0.297191 0.000000
0.580556 0.297479 0.000000
0.580556 0.297768 0.000000
0.580556 0.298057 0.000000
0.580556 0.298345 0.000000
0.580556 0.298634 0.000000
0.580556 0.298922 0.000000
0.580556 0.299211 0.000000
0.580556 0.299500 0.000000
0.580556 0.299788 0.000000
0.580556 0.300077 0.000000
0.580556 0.300366 0.000000
0.580556 0.300654 0.000000
0.580556 0.300943 0.000000
0.580556 0.301232 0.000000
0.580556 0.301520 0.000000
0.580556 0.301809 0.000000
0.580556 0.302098 0.000000
0.580556 0.302386 0.000000
0.580556 0.302675 0.000000
0.580556 0.302964 0.000000
0.580556 0.303252 0.000000
0.580556 0.303541 0.000000
0.580556 0.303830 0.000000
0.580556 0.304118 0.000000
0.580556 0.304407 0.000000
0.580556 0.304696 0.000000
0.580556 0.304984 0.000000
0.580556 0.305273 0.000000
0.580556 0.305562 0.000000
0.580556 0.305850 0.000000
0.580556 0.306139 0.000000
0.580556 0.306428 0.000000
0.580556 0.306716 0.000000
0.580556 0.307005 0.000000
0.580556 0.307294 0.000000
0.580556 0.307582 0.000000
0.580556 0.307871 0.000000
0.580556 0.308160 0.000000
0.580556 0.308448 0.000000
0.580556 0.308737 0.000000
0.580556 0.309026 0.000000
0.580556 0.309314 0.000000
0.580556 0.309603 0.000000
0.580556 0.309891 0.000000
0.580556 0.310180 0.000000
0.580556 0.310469 0.000000
0.580556 0.310757 0.000000
0.580556 0.311046 0.000000
0.580556 0.311335 0.000000
0.580556 0.311623 0.000000
0.580556 0.311912 0.000000
0.580556 0.312201 0.000000
0.580556 0.312489 0.000000
0.580556 0.312778 0.000000
0.580556 0.313067 0.000000
0.580556 0.313355 0.000000
0.580556 0.313644 0.000000
0.580556 0.313933 0.000000
0.580556 0.314221 0.000000
0.580556 0.314510 0.000000
0.580556 0.314799 0.000000
0.580556 0.315087 0.000000
0.580556 0.315376 0.000000
0.580556 0.315665 0.000000
0.580556 0.315953 0.000000
0.580556 0.316242 0.000000
0.580556 0.316531 0.000000
0.580556 0.316819 0.000000
0.580556 0.317108 0.000000
0.580556 0.317397 0.000000
0.580556 0.317685 0.000000
0.580556 0.317974 0.000000
0.580556 0.318263 0.000000
0.580556 0.318551 0.000000
0.580556 0.318840 0.000000
0.580556 0.319129 0.000000
0.580556 0.319417 0.000000
0.580556 0.319706 0.000000
0.580556 0.319995 0.000000
0.580556 0.320283 0.000000
0.580556 0.320572 0.000000
0.580556 0.320861 0.000000
0.580556 0.321149 0.000000
0.580556 0.321438 0.000000
0.580556 0.321726 0.000000
0.580556 0.322015 0.000000
0.580556 0.322304 0.000000
0.580556 0.322592 0.000000
0.580556 0.322881 0.000000
0.580556 0.323170 0.000000
0.580556 0.323458 0.000000
0.580556 0.323747 0.000000
0.580556 0.324036 0.000000
0.580556 0.324324 0.000000
0.580556 0.324613 0.000000
0.580556 0.324902 0.000000
0.580556 0.325190 0.000000
0.580556 0.325479 0.000000
0.580556 0.325768 0.000000
0.580556 0.326056 0.000000
0.580556 0.326345 0.000000
0.580556 0.326634 0.000000
0.580556 0.326922 0.000000
0.580556 0.327211 0.000000
0.580556 0.327500 0.000000
0.580556 0.327788 0.000000
0.580556 0.328077 0.000000
0.580556 0.328366 0.000000
0.580556 0.328654 0.000000
0.580556 0.328943 0.000000
0.580556 0.329232 0.000000
0.580556 0.329520 0.000000
0.580556 0.329809 0.000000
0.580556 0.330098 0.000000
0.580556 0.330386 0.000000
0.580556 0.330675 0.000000
0.580556 0.330964 0.000000
0.580556 0.331252 0.000000
0.580556 0.331541 0.000000
0.580556 0.331830 0.000000
0.580556 0.332118 0.000000
0.580556 0.332407 0.000000
0.580556 0.332695 0.000000
0.580556 0.332984 0.000000
0.580556 0.333273 0.000000
0.580556 0.333561 0.000000
0.580556 0.333850 0.000000
0.580556 0.334139 0.000000
0.580556 0.334427 0.000000
0.580556 0.334716 0.000000
0.580556 0.335005 0.000000
0.580556 0.335293 0.000000
0.580556 0.335582 0.000000
0.580556 0.335871 0.000000
0.580556 0.336159 0.000000
0.580556 0.336448 0.000000
0.580556 0.336737 0.000000
0.580556 0.337025 0.000000
0.580556 0.337314 0.000000
0.580556 0.337603 0.000000
0.580556 0.337891 0.000000
0.580556 0.338180 0.000000
0.580556 0.338469 0.000000
0.580556 0.338757 0.000000
0.580556 0.339046 0.000000
0.580556 0.339335 0.000000
0.580556 0.339623 0.000000
0.580556 0.339912 0.000000
0.580556 0.340201 0.000000
0.580556 0.340489 0.000000
0.580556 0.340778 0.000000
0.580556 0.341067 0.000000
0.580556 0.341355 0.000000
0.580556 0.341644 0.000000
0.580556 0.341933 0.000000
0.580556 0.342221 0.000000
0.580556 0.342510 0.000000
0.580556 0.342799 0.000000
0.580556 0.343087 0.000000
0.580556 0.343376 0.000000
0.580556 0.343665 0.000000
0.580556 0.343953 0.000000
0.580556 0.344242 0.000000
0.580556 0.344530 0.000000
0.580556 0.344819 0.000000
0.580556 0.345108 0.000000
0.580556 0.345396 0.000000
0.580556 0.345685 0.000000
0.580556 0.345974 0.000000
0.580556 0.346262 0.000000
0.580556 0.346551 0.000000
0.580556 0.346840 0.000000
0.580556 0.347128 0.000000
0.580556 0.347417 0.000000
0.580556 0.347706 0.000000
0.580556 0.347994 0.000000
0.580556 0.348283 0.000000
0.580556 0.348572 0.000000
0.580556 0.348860 0.000000
0.580556 0.349149 0.000000
0.580556 0.349438 0.000000
0.580556 0.349726 0.000000
0.580556 0.350015 0.000000
0.580556 0.350304 0.000000
0.580556 0.350592 0.000000
0.580556 0.350881 0.000000
0.580556 0.351170 0.000000
0.580556 0.351458 0.000000
0.580556 0.351747 0.000000
0.580556 0.352036 0.000000
0.580556 0.352324 0.000000
0.580556 0.352613 0.000000
0.580556 0.352902 0.000000
0.580556 0.353190 0.000000
0.580556 0.353479 0.000000
0.580556 0.353768 0.000000
0.580556 0.354056 0.000000
0.580556 0.354345 0.000000
0.580556 0.354634 0.000000
0.580556 0.354922 0.000000
0.580556 0.355211 0.000000
0.580556 0.355499 0.000000
0.580556 0.355788 0.000000
0.580556 0.356077 0.000000
0.580556 0.356365 0.000000
0.580556 0.356654 0.000000
0.580556 0.356943 0.000000
0.580556 0.357231 0.000000
0.580556 0.357520 0.000000
0.580556 0.357809 0.000000
0.580556 0.358097 0.000000
0.580556 0.358386 0.000000
0.580556 0.358675 0.000000
0.580556 0.358963 0.000000
0.580556 0.359252 0.000000
0.580556 0.359541 0.000000
0.580556 0.359829 0.000000
0.580556 0.360118 0.000000
0.580556 0.360407 0.000000
0.580556 0.360695 0.000000
0.580556 0.360984 0.000000
0.580556 0.361273 0.000000
0.580556 0.361561 0.000000
0.580556 0.361850 0.000000
0.580556 0.362139 0.000000
0.580556 0.362427 0.000000
0.580556 0.362716 0.000000
0.580556 0.363005 0.000000
0.580556 0.363293 0.000000
0.580556 0.363582 0.000000
0.580556 0.363871 0.000000
0.580556 0.364159 0.000000
0.580556 0.364448 0.000000
0.580556 0.364737 0.000000
0.580556 0.365025 0.000000
0.580556 0.365314 0.000000
0.580556 0.365603 0.000000
0.580556 0.365891 0.000000
0.580556 0.366180 0.000000
0.580556 0.366469 0.000000
0.580556 0.366757 0.000000
0.580556 0.367046 0.000000
0.580556 0.367334 0.000000
0.580556 0.367623 0.000000
0.580556 0.367912 0.000000
0.580556 0.368200 0.000000
0.580556 0.368489 0.000000
0.580556 0.368778 0.000000
0.580556 0.369066 0.000000
0.580556 0.369355 0.000000
0.580556 0.369644 0.000000
0.580556 0.369932 0.000000
0.580556 0.370221 0.000000
0.580556 0.370510 0.000000
0.580556 0.370798 0.000000
0.580556 0.371087 0.000000
0.580556 0.371376 0.000000
0.580556 0.371664 0.000000
0.580556 0.371953 0.000000
0.580556 0.372242 0.000000
0.580556 0.372530 0.000000
0.580556 0.372819 0.000000
0.580556 0.373108 0.000000
0.580556 0.373396 0.000000
0.580556 0.373685 0.000000
0.580556 0.373974 0.000000
0.580556 0.374262 0.000000
0.580556 0.374551 0.000000
0.580556 0.374840 0.000000
0.580556 0.375128 0.000000
0.580556 0.375417 0.000000
0.580556 0.375706 0.000000
0.580556 0.375994 0.000000
0.580556 0.376283 0.000000
0.580556 0.376572 0.000000
0.580556 0.376860 0.000000
0.580556 0.377149 0.000000
0.580556 0.377438 0.000000
0.580556 0.377726 0.000000
0.580556 0.378015 0.000000
0.580556 0.378303 0.000000
0.580556 0.378592 0.000000
0.580556 0.378881 0.000000
0.580556 0.379169 0.000000
0.580556 0.379458 0.000000
0.580556 0.379747 0.000000
0.580556 0.380035 0.000000
0.580556 0.380324 0.000000
0.580556 0.380613 0.000000
0.580556 0.380901 0.000000
0.580556 0.381190 0.000000
0.580556 0.381479 0.000000
0.580556 0.381767 0.000000
0.580556 0.382056 0.000000
0.580556 0.382345 0.000000
0.580556 0.382633 0.000000
0.580556 0.382922 0.000000
0.580556 0.383211 0.000000
0.580556 0.383499 0.000000
0.580556 0.383788 0.000000
0.580556 0.384077 0.000000
0.580556 0.384365 0.000000
0.580556 0.384654 0.000000
0.580556 0.384943 0.000000
0.580556 0.385231 0.000000
0.580556 0.385520 0.000000
0.580556 0.385809 0.000000
0.580556 0.386097 0.000000
0.580556 0.386386 0.000000
0.580556 0.386675 0.000000
0.580556 0.386963 0.000000
0.580556 0.387252 0.000000
0.580556 0.387541 0.000000
0.580556 0.387829 0.000000
0.580556 0.388118 0.000000
0.580556 0.388407 0.000000
0.580556 0.388695 0.000000
0.580556 0.388984 0.000000
0.580556 0.389273 0.000000
0.580556 0.389561 0.000000
0.580556 0.389850 0.000000
0.580556 0.390138 0.000000
0.580556 0.390427 0.000000
0.580556 0.390716 0.000000
0.580556 0.391004 0.000000
0.580556 0.391293 0.000000
0.580556 0.391582 0.000000
0.580556 0.391870 0.000000
0.580556 0.392159 0.000000
0.580556 0.392448 0.000000
0.580556 0.392736 0.000000
0.580556 0.393025 0.000000
0.580556 0.393314 0.000000
0.580556 0.393602 0.000000
0.580556 0.393891 0.000000
0.580556 0.394180 0.000000
0.580556 0.394468 0.000000
0.580556 0.394757 0.000000
0.580556 0.395046 0.000000
0.580556 0.395334 0.000000
0.580556 0.395623 0.000000
0.580556 0.395912 0.000000
0.580556 0.396200 0.000000
0.580556 0.396489 0.000000
0.580556 0.396778 0.000000
0.580556 0.397066 0.000000
0.580556 0.397355 0.000001
0.580556 0.397644 0.000001
0.580556 0.397932 0.000001
0.580556 0.398221 0.000001
0.580556 0.398510 0.000001
0.580556 0.398798 0.000001
0.580556 0.399087 0.000001
0.580556 0.399376 0.000002
0.580556 0.399664 0.000002
0.580556 0.399953 0.000002
0.580557 0.400242 0.000003
0.580557 0.400530 0.000003
0.580557 0.400819 0.000004
0.580557 0.401108 0.000004
0.580557 0.401396 0.000005
0.580558 0.401685 0.000006
0.580558 0.401973 0.000007
0.580559 0.402262 0.000008
0.580559 0.402551 0.000009
0.580560 0.402839 0.000011
0.580561 0.403128 0.000012
0.580561 0.403417 0.000014
0.580562 0.403705 0.000017
0.580564 0.403994 0.000020
0.580565 0.404283 0.000023
0.580566 0.404571 0.000027
0.580568 0.404860 0.000031
0.580570 0.405149 0.000037
0.580573 0.405437 0.000043
0.580576 0.405726 0.000050
0.580579 0.406015 0.000059
0.580584 0.406303 0.000069
0.580588 0.406592 0.000081
0.580594 0.406881 0.000094
0.580600 0.407169 0.000110
0.580608 0.407458 0.000129
0.580617 0.407747 0.000150
0.580627 0.408035 0.000176
0.580640 0.408324 0.000206
0.580654 0.408613 0.000241
0.580671 0.408901 0.000281
0.580690 0.409190 0.000329
0.580713 0.409479 0.000384
0.580740 0.409767 0.000449
0.580771 0.410056 0.000525
0.580807 0.410345 0.000614
0.580850 0.410633 0.000717
0.580900 0.410922 0.000839
0.580958 0.411211 0.000980
0.581027 0.411499 0.001145
0.581106 0.411788 0.001338
0.581199 0.412077 0.001563
0.581308 0.412365 0.001825
0.581435 0.412654 0.002131
0.581583 0.412942 0.002488
0.581756 0.413231 0.002904
0.581957 0.413520 0.003388
0.582191 0.413808 0.003952
0.582464 0.414097 0.004608
0.582781 0.414386 0.005371
0.583150 0.414674 0.006256
0.583578 0.414963 0.007283
0.584074 0.415252 0.008472
0.584648 0.415540 0.009848
0.585311 0.415829 0.011436
0.586075 0.416118 0.013265
0.586955 0.416406 0.015368
0.587964 0.416695 0.017779
0.589118 0.416984 0.020535
0.590434 0.417272 0.023675
0.591929 0.417561 0.027237
0.593618 0.417850 0.031262
0.595519 0.418138 0.035787
0.597647 0.418427 0.040847
0.600014 0.418716 0.046471
0.602629 0.419004 0.052680
0.605498 0.419293 0.059487
0.608622 0.419582 0.066891
0.611994 0.419870 0.074877
0.615603 0.420159 0.083415
0.619430 0.420448 0.092459
0.623448 0.420736 0.101945
0.627625 0.421025 0.111798
0.631925 0.421314 0.121927
0.636306 0.421602 0.132235
0.640725 0.421891 0.142618
0.645137 0.422180 0.152972
0.649500 0.422468 0.163194
0.653774 0.422757 0.173193
0.657923 0.423046 0.182882
0.661917 0.423334 0.192191
0.665729 0.423623 0.201060
0.669342 0.423912 0.209446
0.672742 0.424200 0.217318
0.675921 0.424489 0.224659
0.678875 0.424777 0.231462
0.681607 0.425066 0.237732
0.684121 0.425355 0.243480
0.686424 0.425643 0.248726
0.688527 0.425932 0.253494
0.690439 0.426221 0.257810
0.692175 0.426509 0.261703
0.693745 0.426798 0.265206
0.695163 0.427087 0.268348
0.696442 0.427375 0.271159
0.697594 0.427664 0.273669
0.698630 0.427953 0.275905
0.699561 0.428241 0.277894
0.700399 0.428530 0.279661
0.701152 0.428819 0.281229
0.701829 0.429107 0.282617
0.702438 0.429396 0.283846
0.702987 0.429685 0.284932
0.703481 0.429973 0.285892
0.703928 0.430262 0.286739
0.704333 0.430551 0.287486
0.704700 0.430839 0.288145
0.705033 0.431128 0.288726
0.705337 0.431417 0.289237
0.705615 0.431705 0.289687
0.705870 0.431994 0.290083
0.706104 0.432283 0.290432
0.706321 0.432571 0.290738
0.706521 0.432860 0.291008
0.706708 0.433149 0.291245
0.706882 0.433437 0.291453
0.707046 0.433726 0.291636
0.707200 0.434015 0.291797
0.707345 0.434303 0.291938
0.707483 0.434592 0.292062
0.707615 0.434881 0.292171
0.707741 0.435169 0.292267
0.707862 0.435458 0.292351
0.707979 0.435746 0.292425
0.708091 0.436035 0.292489
0.708200 0.436324 0.292546
0.708307 0.436612 0.292596
0.708410 0.436901 0.292640
0.708511 0.437190 0.292678
0.708611 0.437478 0.292712
0.708708 0.437767 0.292741
0.708804 0.438056 0.292767
0.708898 0.438344 0.292789
0.708991 0.438633 0.292809
0.709083 0.438922 0.292827
0.709175 0.439210 0.292842
0.709265 0.439499 0.292855
0.709355 0.439788 0.292867
0.709444 0.440076 0.292877
0.709532 0.440365 0.292886
0.709620 0.440654 0.292893
0.709708 0.440942 0.292900
0.709795 0.441231 0.292906
0.709881 0.441520 0.292911
0.709968 0.441808 0.292915
0.710054 0.442097 0.292919
0.710140 0.442386 0.292923
0.710226 0.442674 0.292925
0.710312 0.442963 0.292928
0.710397 0.443252 0.292930
0.710483 0.443540 0.292932
0.710568 0.443829 0.292933
0.710653 0.444118 0.292935
0.710738 0.444406 0.292936
0.710823 0.444695 0.292937
0.710908 0.444984 0.292938
0.710993 0.445272 0.292938
0.711078 0.445561 0.292939
0.711162 0.445850 0.292939
0.711247 0.446138 0.292940
0.711332 0.446427 0.292940
0.711416 0.446716 0.292940
0.711501 0.447004 0.292940
0.711586 0.447293 0.292940
0.711670 0.447581 0.292940
0.711755 0.447870 0.292940
0.711839 0.448159 0.292940
0.711924 0.448447 0.292940
0.712008 0.448736 0.292940
0.712093 0.449025 0.292940
0.712177 0.449313 0.292940
0.712262 0.449602 0.292939
0.712346 0.449891 0.292939
0.712431 0.450179 0.292939
0.712515 0.450468 0.292939
0.712600 0.450757 0.292938
0.712684 0.451045 0.292938
0.712768 0.451334 0.292938
0.712853 0.451623 0.292938
0.712937 0.451911 0.292937
0.713022 0.452200 0.292937
0.713106 0.452489 0.292937
0.713191 0.452777 0.292937
0.713275 0.453066 0.292936
0.713360 0.453355 0.292936
0.713444 0.453643 0.292936
0.713528 0.453932 0.292936
0.713613 0.454221 0.292935
0.713697 0.454509 0.292935
0.713782 0.454798 0.292935
0.713866 0.455087 0.292935
0.713951 0.455375 0.292934
0.714035 0.455664 0.292934
0.714119 0.455953 0.292934
0.714204 0.456241 0.292933
0.714288 0.456530 0.292933
0.714373 0.456819 0.292933
0.714457 0.457107 0.292933
0.714542 0.457396 0.292932
0.714626 0.457685 0.292932
0.714710 0.457973 0.292932
0.714795 0.458262 0.292932
0.714879 0.458550 0.292931
0.714964 0.458839 0.292931
0.715048 0.459128 0.292931
0.715133 0.459416 0.292931
0.715217 0.459705 0.292930
0.715302 0.459994 0.292930
0.715386 0.460282 0.292930
0.715470 0.460571 0.292930
0.715555 0.460860 0.292929
0.715639 0.461148 0.292929
0.715724 0.461437 0.292929
0.715808 0.461726 0.292929
0.715893 0.462014 0.292928
0.715977 0.462303 0.292928
0.716062 0.462592 0.292928
0.716146 0.462880 0.292928
0.716230 0.463169 0.292927
0.716315 0.463458 0.292927
0.716399 0.463746 0.292927
0.716484 0.464035 0.292927
0.716568 0.464324 0.292926
0.716653 0.464612 0.292926
0.716737 0.464901 0.292926
0.716822 0.465190 0.292926
0.716906 0.465478 0.292926
0.716990 0.465767 0.292925
0.717075 0.466056 0.292925
0.717159 0.466344 0.292925
0.717244 0.466633 0.292925
0.717328 0.466922 0.292924
0.717413 0.467210 0.292924
0.717497 0.467499 0.292924
0.717582 0.467788 0.292924
0.717666 0.468076 0.292924
0.717751 0.468365 0.292923
0.717835 0.468654 0.292923
0.717919 0.468942 0.292923
0.718004 0.469231 0.292923
0.718088 0.469520 0.292922
0.718173 0.469808 0.292922
0.718257 0.470097 0.292922
0.718342 0.470385 0.292922
0.718426 0.470674 0.292922
0.718511 0.470963 0.292921
0.718595 0.471251 0.292921
0.718680 0.471540 0.292921
0.718764 0.471829 0.292921
0.718849 0.472117 0.292921
0.718933 0.472406 0.292920
0.719017 0.472695 0.292920
0.719102 0.472983 0.292920
0.719186 0.473272 0.292920
0.719271 0.473561 0.292920
0.719355 0.473849 0.292920
0.719440 0.474138 0.292919
0.719524 0.474427 0.292919
0.719609 0.474715 0.292919
0.719693 0.475004 0.292919
0.719778 0.475293 0.292919
0.719862 0.475581 0.292918
0.719947 0.475870 0.292918
0.720031 0.476159 0.292918
0.720115 0.476447 0.292918
0.720200 0.476736 0.292918
0.720284 0.477025 0.292917
0.720369 0.477313 0.292917
0.720453 0.477602 0.292917
0.720538 0.477891 0.292917
0.720622 0.478179 0.292917
0.720707 0.478468 0.292917
0.720791 0.478757 0.292916
0.720876 0.479045 0.292916
0.720960 0.479334 0.292916
0.721045 0.479623 0.292916
0.721129 0.479911 0.292916
0.721214 0.480200 0.292916
0.721298 0.480489 0.292915
0.721383 0.480777 0.292915
0.721467 0.481066 0.292915
0.721551 0.481354 0.292915
0.721636 0.481643 0.292915
0.721720 0.481932 0.292915
0.721805 0.482220 0.292914
0.721889 0.482509 0.292914
0.721974 0.482798 0.292914
0.722058 0.483086 0.292914
0.722143 0.483375 0.292914
0.722227 0.483664 0.292914
0.722312 0.483952 0.292913
0.722396 0.484241 0.292913
0.722481 0.484530 0.292913
0.722565 0.484818 0.292913
0.722650 0.485107 0.292913
0.722734 0.485396 0.292913
0.722819 0.485684 0.292912
0.722903 0.485973 0.292912
0.722988 0.486262 0.292912
0.723072 0.486550 0.292912
0.723156 0.486839 0.292912
0.723241 0.487128 0.292912
0.723325 0.487416 0.292912
0.723410 0.487705 0.292911
0.723494 0.487994 0.292911
0.723579 0.488282 0.292911
0.723663 0.488571 0.292911
0.723748 0.488860 0.292911
0.723832 0.489148 0.292911
0.723917 0.489437 0.292911
0.724001 0.489726 0.292910
0.724086 0.490014 0.292910
0.724170 0.490303 0.292910
0.724255 0.490592 0.292910
0.724339 0.490880 0.292910
0.724424 0.491169 0.292910
0.724508 0.491458 0.292910
0.724593 0.491746 0.292909
0.724677 0.492035 0.292909
0.724762 0.492324 0.292909
0.724846 0.492612 0.292909
0.724931 0.492901 0.292909
0.725015 0.493189 0.292909
0.725100 0.493478 0.292909
0.725184 0.493767 0.292908
0.725268 0.494055 0.292908
0.725353 0.494344 0.292908
0.725437 0.494633 0.292908
0.725522 0.494921 0.292908
0.725606 0.495210 0.292908
0.725691 0.495499 0.292908
0.725775 0.495787 0.292908
0.725860 0.496076 0.292907
0.725944 0.496365 0.292907
0.726029 0.496653 0.292907
0.726113 0.496942 0.292907
0.726198 0.497231 0.292907
0.726282 0.497519 0.292907
0.726367 0.497808 0.292907
0.726451 0.498097 0.292906
0.726536 0.498385 0.292906
0.726620 0.498674 0.292906
0.726705 0.498963 0.292906
0.726789 0.499251 0.292906
0.726874 0.499540 0.292906
0.726958 0.499829 0.292906
0.727043 0.500117 0.292906
0.727127 0.500406 0.292905
0.727212 0.500695 0.292905
0.727296 0.500983 0.292905
0.727381 0.501272 0.292905
0.727465 0.501561 0.292905
0.727550 0.501849 0.292905
0.727634 0.502138 0.292905
0.727719 0.502427 0.292905
0.727803 0.502715 0.292905
0.727888 0.503004 0.292904
0.727972 0.503293 0.292904
0.728057 0.503581 0.292904
0.728141 0.503870 0.292904
0.728226 0.504158 0.292904
0.728310 0.504447 0.292904
0.728395 0.504736 0.292904
0.728479 0.505024 0.292904
0.728564 0.505313 0.292904
0.728648 0.505602 0.292903
0.728733 0.505890 0.292903
0.728817 0.506179 0.292903
0.728902 0.506468 0.292903
0.728986 0.506756 0.292903
0.729070 0.507045 0.292903
0.729155 0.507334 0.292903
0.729239 0.507622 0.292903
0.729324 0.507911 0.292903
0.729408 0.508200 0.292902
0.729493 0.508488 0.292902
0.729577 0.508777 0.292902
0.729662 0.509066 0.292902
0.729746 0.509354 0.292902
0.729831 0.509643 0.292902
0.729915 0.509932 0.292902
0.730000 0.510220 0.292902
0.730084 0.510509 0.292902
0.730169 0.510798 0.292901
0.730253 0.511086 0.292901
0.730338 0.511375 0.292901
0.730422 0.511664 0.292901
0.730507 0.511952 0.292901
0.730591 0.512241 0.292901
0.730676 0.512530 0.292901
0.730760 0.512818 0.292901
0.730845 0.513107 0.292901
0.730929 0.513396 0.292901
0.731014 0.513684 0.292900
0.731098 0.513973 0.292900
0.731183 0.514262 0.292900
0.731267 0.514550 0.292900
0.731352 0.514839 0.292900
0.731436 0.515128 0.292900
0.731521 0.515416 0.292900
0.731605 0.515705 0.292900
0.731690 0.515993 0.292900
0.731774 0.516282 0.292900
0.731859 0.516571 0.292899
0.731943 0.516859 0.292899
0.732028 0.517148 0.292899
0.732112 0.517437 0.292899
0.732197 0.517725 0.292899
0.732281 0.518014 0.292899
0.732366 0.518303 0.292899
0.732450 0.518591 0.292899
0.732535 0.518880 0.292899
0.732619 0.519169 0.292899
0.732704 0.519457 0.292899
0.732788 0.519746 0.292898
0.732873 0.520035 0.292898
0.732957 0.520323 0.292898
0.733042 0.520612 0.292898
0.733126 0.520901 0.292898
0.733211 0.521189 0.292898
0.733295 0.521478 0.292898
0.733380 0.521767 0.292898
0.733464 0.522055 0.292898
0.733549 0.522344 0.292898
0.733633 0.522633 0.292898
0.733718 0.522921 0.292897
0.733802 0.523210 0.292897
0.733887 0.523499 0.292897
0.733971 0.523787 0.292897
0.734056 0.524076 0.292897
0.734140 0.524365 0.292897
0.734225 0.524653 0.292897
0.734309 0.524942 0.292897
0.734394 0.525231 0.292897
0.734478 0.525519 0.292897
0.734563 0.525808 0.292897
0.734647 0.526097 0.292896
0.734732 0.526385 0.292896
0.734816 0.526674 0.292896
0.734901 0.526962 0.292896
0.734985 0.527251 0.292896
0.735070 0.527540 0.292896
0.735154 0.527828 0.292896
0.735239 0.528117 0.292896
0.735323 0.528406 0.292896
0.735408 0.528694 0.292896
0.735492 0.528983 0.292896
0.735577 0.529272 0.292896
0.735661 0.529560 0.292896
0.735746 0.529849 0.292895
0.735830 0.530138 0.292895
0.735915 0.530426 0.292895
0.735999 0.530715 0.292895
0.736084 0.531004 0.292895
0.736168 0.531292 0.292895
0.736253 0.531581 0.292895
0.736337 0.531870 0.292895
0.736422 0.532158 0.292895
0.736506 0.532447 0.292895
0.736591 0.532736 0.292895
0.736675 0.533024 0.292895
0.736760 0.533313 0.292895
0.736844 0.533602 0.292894
0.736929 0.533890 0.292894
0.737014 0.534179 0.292894
0.737098 0.534468 0.292894
0.737183 0.534756 0.292894
0.737267 0.535045 0.292894
0.737352 0.535334 0.292894
0.737436 0.535622 0.292894
0.737521 0.535911 0.292894
0.737605 0.536200 0.292894
0.737690 0.536488 0.292894
0.737774 0.536777 0.292894
0.737859 0.537066 0.292894
0.737943 0.537354 0.292893
0.738028 0.537643 0.292893
0.738112 0.537932 0.292893
0.738197 0.538220 0.292893
0.738281 0.538509 0.292893
0.738366 0.538797 0.292893
0.738450 0.539086 0.292893
0.738535 0.539375 0.292893
0.738619 0.539663 0.292893
0.738704 0.539952 0.292893
0.738788 0.540241 0.292893
0.738873 0.540529 0.292893
0.738957 0.540818 0.292893
0.739042 0.541107 0.292893
0.739126 0.541395 0.292892
0.739211 0.541684 0.292892
0.739295 0.541973 0.292892
0.739380 0.542261 0.292892
0.739464 0.542550 0.292892
0.739549 0.542839 0.292892
0.739633 0.543127 0.292892
0.739718 0.543416 0.292892
0.739802 0.543705 0.292892
0.739887 0.543993 0.292892
0.739971 0.544282 0.292892
0.740056 0.544571 0.292892
0.740140 0.544859 0.292892
0.740225 0.545148 0.292892
0.740309 0.545437 0.292892
0.740394 0.545725 0.292891
0.740478 0.546014 0.292891
0.740563 0.546303 0.292891
0.740647 0.546591 0.292891
0.740732 0.546880 0.292891
0.740816 0.547169 0.292891
0.740901 0.547457 0.292891
0.740985 0.547746 0.292891
0.741070 0.548035 0.292891
0.741154 0.548323 0.292891
0.741239 0.548612 0.292891
0.741323 0.548901 0.292891
0.741408 0.549189 0.292891
0.741492 0.549478 0.292891
0.741577 0.549766 0.292891
0.741661 0.550055 0.292891
0.741746 0.550344 0.292890
0.741831 0.550632 0.292890
0.741915 0.550921 0.292890
0.742000 0.551210 0.292890
0.742084 0.551498 0.292890
0.742169 0.551787 0.292890
0.742253 0.552076 0.292890
0.742338 0.552364 0.292890
0.742422 0.552653 0.292890
0.742507 0.552942 0.292890
0.742591 0.553230 0.292890
0.742676 0.553519 0.292890
0.742760 0.553808 0.292890
0.742845 0.554096 0.292890
0.742929 0.554385 0.292890
0.743014 0.554674 0.292890
0.743098 0.554962 0.292889
0.743183 0.555251 0.292889
0.743267 0.555540 0.292889
0.743352 0.555828 0.292889
0.743436 0.556117 0.292889
0.743521 0.556406 0.292889
0.743605 0.556694 0.292889
0.743690 0.556983 0.292889
0.743774 0.557272 0.292889
0.743859 0.557560 0.292889
0.743943 0.557849 0.292889
0.744028 0.558138 0.292889
0.744112 0.558426 0.292889
0.744197 0.558715 0.292889
0.744281 0.559004 0.292889
0.744366 0.559292 0.292889
0.744450 0.559581 0.292889
0.744535 0.559870 0.292889
0.744619 0.560158 0.292888
0.744704 0.560447 0.292888
0.744788 0.560736 0.292888
0.744873 0.561024 0.292888
0.744957 0.561313 0.292888
0.745042 0.561601 0.292888
0.745127 0.561890 0.292888
0.745211 0.562179 0.292888
0.745296 0.562467 0.292888
0.745380 0.562756 0.292888
0.745465 0.563045 0.292888
0.745549 0.563333 0.292888
0.745634 0.563622 0.292888
0.745718 0.563911 0.292888
0.745803 0.564199 0.292888
0.745887 0.564488 0.292888
0.745972 0.564777 0.292888
0.746056 0.565065 0.292888
0.746141 0.565354 0.292888
0.746225 0.565643 0.292887
0.746310 0.565931 0.292887
0.746394 0.566220 0.292887
0.746479 0.566509 0.292887
0.746563 0.566797 0.292887
0.746648 0.567086 0.292887
0.746732 0.567375 0.292887
0.746817 0.567663 0.292887
0.746901 0.567952 0.292887
0.746986 0.568241 0.292887
0.747070 0.568529 0.292887
0.747155 0.568818 0.292887
0.747239 0.569107 0.292887
0.747324 0.569395 0.292887
0.747408 0.569684 0.292887
0.747493 0.569973 0.292887
0.747577 0.570261 0.292887
0.747662 0.570550 0.292887
0.747746 0.570839 0.292887
0.747831 0.571127 0.292887
0.747916 0.571416 0.292886
0.748000 0.571705 0.292886
0.748085 0.571993 0.292886
0.748169 0.572282 0.292886
0.748254 0.572570 0.292886
0.748338 0.572859 0.292886
0.748423 0.573148 0.292886
0.748507 0.573436 0.292886
0.748592 0.573725 0.292886
0.748676 0.574014 0.292886
0.748761 0.574302 0.292886
0.748845 0.574591 0.292886
0.748930 0.574880 0.292886
0.749014 0.575168 0.292886
0.749099 0.575457 0.292886
0.749183 0.575746 0.292886
0.749268 0.576034 0.292886
0.749352 0.576323 0.292886
0.749437 0.576612 0.292886
0.749521 0.576900 0.292886
0.749606 0.577189 0.292886
0.749690 0.577478 0.292885
0.749775 0.577766 0.292885
0.749859 0.578055 0.292885
0.749944 0.578344 0.292885
0.750028 0.578632 0.292885
0.750113 0.578921 0.292885
0.750198 0.579210 0.292885
0.750282 0.579498 0.292885
0.750367 0.579787 0.292885
0.750451 0.580076 0.292885
0.750536 0.580364 0.292885
0.750620 0.580653 0.292885
0.750705 0.580942 0.292885
0.750789 0.581230 0.292885
0.750874 0.581519 0.292885
0.750958 0.581808 0.292885
0.751043 0.582096 0.292885
0.751127 0.582385 0.292885
0.751212 0.582674 0.292885
0.751296 0.582962 0.292885
0.751381 0.583251 0.292885
0.751465 0.583540 0.292885
0.751550 0.583828 0.292885
0.751634 0.584117 0.292884
0.751719 0.584405 0.292884
0.751803 0.584694 0.292884
0.751888 0.584983 0.292884
0.751972 0.585271 0.292884
0.752057 0.585560 0.292884
0.752141 0.585849 0.292884
0.752226 0.586137 0.292884
0.752310 0.586426 0.292884
0.752395 0.586715 0.292884
0.752480 0.587003 0.292884
0.752564 0.587292 0.292884
0.752649 0.587581 0.292884
0.752733 0.587869 0.292884
0.752818 0.588158 0.292884
0.752902 0.588447 0.292884
0.752987 0.588735 0.292884
0.753071 0.589024 0.292884
0.753156 0.589313 0.292884
0.753240 0.589601 0.292884
0.753325 0.589890 0.292884
0.753409 0.590179 0.292884
0.753494 0.590467 0.292884
0.753578 0.590756 0.292884
0.753663 0.591045 0.292884
0.753747 0.591333 0.292883
0.753832 0.591622 0.292883
0.753916 0.591911 0.292883
0.754001 0.592199 0.292883
0.754085 0.592488 0.292883
0.754170 0.592777 0.292883
0.754254 0.593065 0.292883
0.754339 0.593354 0.292883
0.754423 0.593643 0.292883
0.754508 0.593931 0.292883
0.754593 0.594220 0.292883
0.754677 0.594509 0.292883
0.754762 0.594797 0.292883
0.754846 0.595086 0.292883
0.754931 0.595374 0.292883
0.755015 0.595663 0.292883
0.755100 0.595952 0.292883
0.755184 0.596240 0.292883
0.755269 0.596529 0.292883
0.755353 0.596818 0.292883
0.755438 0.597106 0.292883
0.755522 0.597395 0.292883
0.755607 0.597684 0.292883
0.755691 0.597972 0.292883
0.755776 0.598261 0.292883
0.755860 0.598550 0.292883
0.755945 0.598838 0.292883
0.756029 0.599127 0.292882
0.756114 0.599416 0.292882
0.756198 0.599704 0.292882
0.756283 0.599993 0.292882
0.756367 0.600282 0.292882
0.756452 0.600570 0.292882
0.756537 0.600859 0.292882
0.756621 0.601148 0.292882
0.756706 0.601436 0.292882
0.756790 0.601725 0.292882
0.756875 0.602014 0.292882
0.756959 0.602302 0.292882
0.757044 0.602591 0.292882
0.757128 0.602880 0.292882
0.757213 0.603168 0.292882
0.757297 0.603457 0.292882
0.757382 0.603746 0.292882
0.757466 0.604034 0.292882
0.757551 0.604323 0.292882
0.757635 0.604612 0.292882
0.757720 0.604900 0.292882
0.757804 0.605189 0.292882
0.757889 0.605478 0.292882
0.757973 0.605766 0.292882
0.758058 0.606055 0.292882
0.758142 0.606344 0.292882
0.758227 0.606632 0.292882
0.758311 0.606921 0.292882
0.758396 0.607209 0.292882
0.758481 0.607498 0.292881
0.758565 0.607787 0.292881
0.758650 0.608075 0.292881
0.758734 0.608364 0.292881
0.758819 0.608653 0.292881
0.758903 0.608941 0.292881
0.758988 0.609230 0.292881
0.759072 0.609519 0.292881
0.759157 0.609807 0.292881
0.759241 0.610096 0.292881
0.759326 0.610385 0.292881
0.759410 0.610673 0.292881
0.759495 0.610962 0.292881
0.759579 0.611251 0.292881
0.759664 0.611539 0.292881
0.759748 0.611828 0.292881
0.759833 0.612117 0.292881
0.759917 0.612405 0.292881
0.760002 0.612694 0.292881
0.760086 0.612983 0.292881
0.760171 0.613271 0.292881
0.760256 0.613560 0.292881
0.760340 0.613849 0.292881
0.760425 0.614137 0.292881
0.760509 0.614426 0.292881
0.760594 0.614715 0.292881
0.760678 0.615003 0.292881
0.760763 0.615292 0.292881
0.760847 0.615581 0.292881
0.760932 0.615869 0.292881
0.761016 0.616158 0.292881
0.761101 0.616447 0.292881
0.761185 0.616735 0.292880
0.761270 0.617024 0.292880
0.761354 0.617313 0.292880
0.761439 0.617601 0.292880
0.761523 0.617890 0.292880
0.761608 0.618178 0.292880
0.761692 0.618467 0.292880
0.761777 0.618756 0.292880
0.761861 0.619044 0.292880
0.761946 0.619333 0.292880
0.762031 0.619622 0.292880
0.762115 0.619910 0.292880
0.762200 0.620199 0.292880
0.762284 0.620488 0.292880
0.762369 0.620776 0.292880
0.762453 0.621065 0.292880
0.762538 0.621354 0.292880
0.762622 0.621642 0.292880
0.762707 0.621931 0.292880
0.762791 0.622220 0.292880
0.762876 0.622508 0.292880
0.762960 0.622797 0.292880
0.763045 0.623086 0.292880
0.763129 0.623374 0.292880
0.763214 0.623663 0.292880
0.763298 0.623952 0.292880
0.763383 0.624240 0.292880
0.763467 0.624529 0.292880
0.763552 0.624818 0.292880
0.763636 0.625106 0.292880
0.763721 0.625395 0.292880
0.763806 0.625684 0.292880
0.763890 0.625972 0.292880
0.763975 0.626261 0.292880
0.764059 0.626550 0.292880
0.764144 0.626838 0.292880
0.764228 0.627127 0.292879
0.764313 0.627416 0.292879
0.764397 0.627704 0.292879
0.764482 0.627993 0.292879
0.764566 0.628282 0.292879
0.764651 0.628570 0.292879
0.764735 0.628859 0.292879
0.764820 0.629148 0.292879
0.764904 0.629436 0.292879
0.764989 0.629725 0.292879
0.765073 0.630013 0.292879
0.765158 0.630302 0.292879
0.765242 0.630591 0.292879
0.765327 0.630879 0.292879
0.765412 0.631168 0.292879
0.765496 0.631457 0.292879
0.765581 0.631745 0.292879
0.765665 0.632034 0.292879
0.765750 0.632323 0.292879
0.765834 0.632611 0.292879
0.765919 0.632900 0.292879
0.766003 0.633189 0.292879
0.766088 0.633477 0.292879
0.766172 0.633766 0.292879
0.766257 0.634055 0.292879
0.766341 0.634343 0.292879
0.766426 0.634632 0.292879
0.766510 0.634921 0.292879
0.766595 0.635209 0.292879
0.766679 0.635498 0.292879
0.766764 0.635787 0.292879
0.766848 0.636075 0.292879
0.766933 0.636364 0.292879
0.767018 0.636653 0.292879
0.767102 0.636941 0.292879
0.767187 0.637230 0.292879
0.767271 0.637519 0.292879
0.767356 0.637807 0.292879
0.767440 0.638096 0.292879
0.767525 0.638385 0.292878
0.767609 0.638673 0.292878
0.767694 0.638962 0.292878
0.767778 0.639251 0.292878
0.767863 0.639539 0.292878
0.767947 0.639828 0.292878
0.768032 0.640117 0.292878
0.768116 0.640405 0.292878
0.768201 0.640694 0.292878
0.768285 0.640982 0.292878
0.768370 0.641271 0.292878
0.768454 0.641560 0.292878
0.768539 0.641848 0.292878
0.768624 0.642137 0.292878
0.768708 0.642426 0.292878
0.768793 0.642714 0.292878
0.768877 0.643003 0.292878
0.768962 0.643292 0.292878
0.769046 0.643580 0.292878
0.769131 0.643869 0.292878
0.769215 0.644158 0.292878
0.769300 0.644446 0.292878
0.769384 0.644735 0.292878
0.769469 0.645024 0.292878
0.769553 0.645312 0.292878
0.769638 0.645601 0.292878
0.769722 0.645890 0.292878
0.769807 0.646178 0.292878
0.769891 0.646467 0.292878
0.769976 0.646756 0.292878
0.770060 0.647044 0.292878
0.770145 0.647333 0.292878
0.770230 0.647622 0.292878
0.770314 0.647910 0.292878
0.770399 0.648199 0.292878
0.770483 0.648488 0.292878
0.770568 0.648776 0.292878
0.770652 0.649065 0.292878
0.770737 0.649354 0.292878
0.770821 0.649642 0.292878
0.770906 0.649931 0.292878
0.770990 0.650220 0.292878
0.771075 0.650508 0.292878
0.771159 0.650797 0.292878
0.771244 0.651086 0.292877
0.771328 0.651374 0.292877
0.771413 0.651663 0.292877
0.771497 0.651952 0.292877
0.771582 0.652240 0.292877
0.771666 0.652529 0.292877
0.771751 0.652817 0.292877
0.771836 0.653106 0.292877
0.771920 0.653395 0.292877
0.772005 0.653683 0.292877
0.772089 0.653972 0.292877
0.772174 0.654261 0.292877
0.772258 0.654549 0.292877
0.772343 0.654838 0.292877
0.772427 0.655127 0.292877
0.772512 0.655415 0.292877
0.772596 0.655704 0.292877
0.772681 0.655993 0.292877
0.772765 0.656281 0.292877
0.772850 0.656570 0.292877
0.772934 0.656859 0.292877
0.773019 0.657147 0.292877
0.773103 0.657436 0.292877
0.773188 0.657725 0.292877
0.773273 0.658013 0.292877
0.773357 0.658302 0.292877
0.773442 0.658591 0.292877
0.773526 0.658879 0.292877
0.773611 0.659168 0.292877
0.773695 0.659457 0.292877
0.773780 0.659745 0.292877
0.773864 0.660034 0.292877
0.773949 0.660323 0.292877
0.774033 0.660611 0.292877
0.774118 0.660900 0.292877
0.774202 0.661189 0.292877
0.774287 0.661477 0.292877
0.774371 0.661766 0.292877
0.774456 0.662055 0.292877
0.774540 0.662343 0.292877
0.774625 0.662632 0.292877
0.774709 0.662921 0.292877
0.774794 0.663209 0.292877
0.774879 0.663498 0.292877
0.774963 0.663786 0.292877
0.775048 0.664075 0.292877
0.775132 0.664364 0.292877
0.775217 0.664652 0.292877
0.775301 0.664941 0.292877
0.775386 0.665230 0.292876
0.775470 0.665518 0.292876
0.775555 0.665807 0.292876
0.775639 0.666096 0.292876
0.775724 0.666384 0.292876
0.775808 0.666673 0.292876
0.775893 0.666962 0.292876
0.775977 0.667250 0.292876
0.776062 0.667539 0.292876
0.776146 0.667828 0.292876
0.776231 0.668116 0.292876
0.776316 0.668405 0.292876
0.776400 0.668694 0.292876
0.776485 0.668982 0.292876
0.776569 0.669271 0.292876
0.776654 0.669560 0.292876
0.776738 0.669848 0.292876
0.776823 0.670137 0.292876
0.776907 0.670426 0.292876
0.776992 0.670714 0.292876
0.777076 0.671003 0.292876
0.777161 0.671292 0.292876
0.777245 0.671580 0.292876
0.777330 0.671869 0.292876
0.777414 0.672158 0.292876
0.777499 0.672446 0.292876
0.777583 0.672735 0.292876
0.777668 0.673024 0.292876
0.777753 0.673312 0.292876
0.777837 0.673601 0.292876
0.777922 0.673890 0.292876
0.778006 0.674178 0.292876
0.778091 0.674467 0.292876
0.778175 0.674756 0.292876
0.778260 0.675044 0.292876
0.778344 0.675333 0.292876
0.778429 0.675621 0.292876
0.778513 0.675910 0.292876
0.778598 0.676199 0.292876
0.778682 0.676487 0.292876
0.778767 0.676776 0.292876
0.778851 0.677065 0.292876
0.778936 0.677353 0.292876
0.779020 0.677642 0.292876
0.779105 0.677931 0.292876
0.779190 0.678219 0.292876
0.779274 0.678508 0.292876
0.779359 0.678797 0.292876
0.779443 0.679085 0.292876
0.779528 0.679374 0.292876
0.779612 0.679663 0.292876
0.779697 0.679951 0.292876
0.779781 0.680240 0.292876
0.779866 0.680529 0.292876
0.779950 0.680817 0.292876
0.780035 0.681106 0.292876
0.780119 0.681395 0.292876
0.780204 0.681683 0.292876
0.780288 0.681972 0.292875
0.780373 0.682261 0.292875
0.780457 0.682549 0.292875
0.780542 0.682838 0.292875
0.780627 0.683127 0.292875
0.780711 0.683415 0.292875
0.780796 0.683704 0.292875
0.780880 0.683993 0.292875
0.780965 0.684281 0.292875
0.781049 0.684570 0.292875
0.781134 0.684859 0.292875
0.781218 0.685147 0.292875
0.781303 0.685436 0.292875
0.781387 0.685725 0.292875
0.781472 0.686013 0.292875
0.781556 0.686302 0.292875
0.781641 0.686590 0.292875
0.781725 0.686879 0.292875
0.781810 0.687168 0.292875
0.781894 0.687456 0.292875
0.781979 0.687745 0.292875
0.782064 0.688034 0.292875
0.782148 0.688322 0.292875
0.782233 0.688611 0.292875
0.782317 0.688900 0.292875
0.782402 0.689188 0.292875
0.782486 0.689477 0.292875
0.782571 0.689766 0.292875
0.782655 0.690054 0.292875
0.782740 0.690343 0.292875
0.782824 0.690632 0.292875
0.782909 0.690920 0.292875
0.782993 0.691209 0.292875
0.783078 0.691498 0.292875
0.783162 0.691786 0.292875
0.783247 0.692075 0.292875
0.783332 0.692364 0.292875
0.783416 0.692652 0.292875
0.783501 0.692941 0.292875
0.783585 0.693230 0.292875
0.783670 0.693518 0.292875
0.783754 0.693807 0.292875
0.783839 0.694096 0.292875
0.783923 0.694384 0.292875
0.784008 0.694673 0.292875
0.784092 0.694962 0.292875
0.784177 0.695250 0.292875
0.784261 0.695539 0.292875
0.784346 0.695828 0.292875
0.784430 0.696116 0.292875
0.784515 0.696405 0.292875
0.784599 0.696694 0.292875
0.784684 0.696982 0.292875
0.784769 0.697271 0.292875
0.784853 0.697560 0.292875
0.784938 0.697848 0.292875
0.785022 0.698137 0.292875
0.785107 0.698425 0.292875
0.785191 0.698714 0.292875
0.785276 0.699003 0.292875
0.785360 0.699291 0.292875
0.785445 0.699580 0.292875
0.785529 0.699869 0.292875
0.785568 0.700000 0.292875
