0.400556 0.000376 0.000000
0.400556 0.000697 0.000000
0.400556 0.001003 0.000000
0.400556 0.001301 0.000000
0.400556 0.001596 0.000000
0.400556 0.001888 0.000000
0.400556 0.002179 0.000000
0.400556 0.002468 0.000000
0.400556 0.002758 0.000000
0.400556 0.003047 0.000000
0.400556 0.003336 0.000000
0.400556 0.003625 0.000000
0.400556 0.003914 0.000000
0.400556 0.004202 0.000000
0.400556 0.004491 0.000000
0.400556 0.004780 0.000000
0.400556 0.005068 0.000000
0.400556 0.005357 0.000000
0.400556 0.005646 0.000000
0.400556 0.005934 0.000000
0.400556 0.006223 0.000000
0.400556 0.006512 0.000000
0.400556 0.006800 0.000000
0.400556 0.007089 0.000000
0.400556 0.007378 0.000000
0.400556 0.007666 0.000000
0.400556 0.007955 0.000000
0.400556 0.008244 0.000000
0.400556 0.008532 0.000000
0.400556 0.008821 0.000000
0.400556 0.009110 0.000000
0.400556 0.009398 0.000000
0.400556 0.009687 0.000000
0.400556 0.009976 0.000000
0.400556 0.010264 0.000000
0.400556 0.010553 0.000000
0.400556 0.010842 0.000000
0.400556 0.011130 0.000000
0.400556 0.011419 0.000000
0.400556 0.011708 0.000000
0.400556 0.011996 0.000000
0.400556 0.012285 0.000000
0.400556 0.012574 0.000000
0.400556 0.012862 0.000000
0.400556 0.013151 0.000000
0.400556 0.013439 0.000000
0.400556 0.013728 0.000000
0.400556 0.014017 0.000000
0.400556 0.014305 0.000000
0.400556 0.014594 0.000000
0.400556 0.014883 0.000000
0.400556 0.015171 0.000000
0.400556 0.015460 0.000000
0.400556 0.015749 0.000000
0.400556 0.016037 0.000000
0.400556 0.016326 0.000000
0.400556 0.016615 0.000000
0.400556 0.016903 0.000000
0.400556 0.017192 0.000000
0.400556 0.017481 0.000000
0.400556 0.017769 0.000000
0.400556 0.018058 0.000000
0.400556 0.018347 0.000000
0.400556 0.018635 0.000000
0.400556 0.018924 0.000000
0.400556 0.019213 0.000000
0.400556 0.019501 0.000000
0.400556 0.019790 0.000000
0.400556 0.020079 0.000000
0.400556 0.020367 0.000000
0.400556 0.020656 0.000000
0.400556 0.020945 0.000000
0.400556 0.021233 0.000000
0.400556 0.021522 0.000000
0.400556 0.021811 0.000000
0.400556 0.022099 0.000000
0.400556 0.022388 0.000000
0.400556 0.022677 0.000000
0.400556 0.022965 0.000000
0.400556 0.023254 0.000000
0.400556 0.023543 0.000000
0.400556 0.023831 0.000000
0.400556 0.024120 0.000000
0.400556 0.024408 0.000000
0.400556 0.024697 0.000000
0.400556 0.024986 0.000000
0.400556 0.025274 0.000000
0.400556 0.025563 0.000000
0.400556 0.025852 0.000000
0.400556 0.026140 0.000000
0.400556 0.026429 0.000000
0.400556 0.026718 0.000000
0.400556 0.027006 0.000000
0.400556 0.027295 0.000000
0.400556 0.027584 0.000000
0.400556 0.027872 0.000000
0.400556 0.028161 0.000000
0.400556 0.028450 0.000000
0.400556 0.028738 0.000000
0.400556 0.029027 0.000000
0.400556 0.029316 0.000000
0.400556 0.029604 0.000000
0.400556 0.029893 0.000000
0.400556 0.030182 0.000000
0.400556 0.030470 0.000000
0.400556 0.030759 0.000000
0.400556 0.031048 0.000000
0.400556 0.031336 0.000000
0.400556 0.031625 0.000000
0.400556 0.031914 0.000000
0.400556 0.032202 0.000000
0.400556 0.032491 0.000000
0.400556 0.032780 0.000000
0.400556 0.033068 0.000000
0.400556 0.033357 0.000000
0.400556 0.033646 0.000000
0.400556 0.033934 0.000000
0.400556 0.034223 0.000000
0.400556 0.034512 0.000000
0.400556 0.034800 0.000000
0.400556 0.035089 0.000000
0.400556 0.035378 0.000000
0.400556 0.035666 0.000000
0.400556 0.035955 0.000000
0.400556 0.036243 0.000000
0.400556 0.036532 0.000000
0.400556 0.036821 0.000000
0.400556 0.037109 0.000000
0.400556 0.037398 0.000000
0.400556 0.037687 0.000000
0.400556 0.037975 0.000000
0.400556 0.038264 0.000000
0.400556 0.038553 0.000000
0.400556 0.038841 0.000000
0.400556 0.039130 0.000000
0.400556 0.039419 0.000000
0.400556 0.039707 0.000000
0.400556 0.039996 0.000000
0.400556 0.040285 0.000000
0.400556 0.040573 0.000000
0.400556 0.040862 0.000000
0.400556 0.041151 0.000000
0.400556 0.041439 0.000000
0.400556 0.041728 0.000000
0.400556 0.042017 0.000000
0.400556 0.042305 0.000000
0.400556 0.042594 0.000000
0.400556 0.042883 0.000000
0.400556 0.043171 0.000000
0.400556 0.043460 0.000000
0.400556 0.043749 0.000000
0.400556 0.044037 0.000000
0.400556 0.044326 0.000000
0.400556 0.044615 0.000000
0.400556 0.044903 0.000000
0.400556 0.045192 0.000000
0.400556 0.045481 0.000000
0.400556 0.045769 0.000000
0.400556 0.046058 0.000000
0.400556 0.046347 0.000000
0.400556 0.046635 0.000000
0.400556 0.046924 0.000000
0.400556 0.047212 0.000000
0.400556 0.047501 0.000000
0.400556 0.047790 0.000000
0.400556 0.048078 0.000000
0.400556 0.048367 0.000000
0.400556 0.048656 0.000000
0.400556 0.048944 0.000000
0.400556 0.049233 0.000000
0.400556 0.049522 0.000000
0.400556 0.049810 0.000000
0.400556 0.050099 0.000000
0.400556 0.050388 0.000000
0.400556 0.050676 0.000000
0.400556 0.050965 0.000000
0.400556 0.051254 0.000000
0.400556 0.051542 0.000000
0.400556 0.051831 0.000000
0.400556 0.052120 0.000000
0.400556 0.052408 0.000000
0.400556 0.052697 0.000000
0.400556 0.052986 0.000000
0.400556 0.053274 0.000000
0.400556 0.053563 0.000000
0.400556 0.053852 0.000000
0.400556 0.054140 0.000000
0.400556 0.054429 0.000000
0.400556 0.054718 0.000000
0.400556 0.055006 0.000000
0.400556 0.055295 0.000000
0.400556 0.055584 0.000000
0.400556 0.055872 0.000000
0.400556 0.056161 0.000000
0.400556 0.056450 0.000000
0.400556 0.056738 0.000000
0.400556 0.057027 0.000000
0.400556 0.057316 0.000000
0.400556 0.057604 0.000000
0.400556 0.057893 0.000000
0.400556 0.058182 0.000000
0.400556 0.058470 0.000000
0.400556 0.058759 0.000000
0.400556 0.059047 0.000000
0.400556 0.059336 0.000000
0.400556 0.059625 0.000000
0.400556 0.059913 0.000000
0.400556 0.060202 0.000000
0.400556 0.060491 0.000000
0.400556 0.060779 0.000000
0.400556 0.061068 0.000000
0.400556 0.061357 0.000000
0.400556 0.061645 0.000000
0.400556 0.061934 0.000000
0.400556 0.062223 0.000000
0.400556 0.062511 0.000000
0.400556 0.062800 0.000000
0.400556 0.063089 0.000000
0.400556 0.063377 0.000000
0.400556 0.063666 0.000000
0.400556 0.063955 0.000000
0.400556 0.064243 0.000000
0.400556 0.064532 0.000000
0.400556 0.064821 0.000000
0.400556 0.065109 0.000000
0.400556 0.065398 0.000000
0.400556 0.065687 0.000000
0.400556 0.065975 0.000000
0.400556 0.066264 0.000000
0.400556 0.066553 0.000000
0.400556 0.066841 0.000000
0.400556 0.067130 0.000000
0.400556 0.067419 0.000000
0.400556 0.067707 0.000000
0.400556 0.067996 0.000000
0.400556 0.068285 0.000000
0.400556 0.068573 0.000000
0.400556 0.068862 0.000000
0.400556 0.069151 0.000000
0.400556 0.069439 0.000000
0.400556 0.069728 0.000000
0.400556 0.070017 0.000000
0.400556 0.070305 0.000000
0.400556 0.070594 0.000000
0.400556 0.070882 0.000000
0.400556 0.071171 0.000000
0.400556 0.071460 0.000000
0.400556 0.071748 0.000000
0.400556 0.072037 0.000000
0.400556 0.072326 0.000000
0.400556 0.072614 0.000000
0.400556 0.072903 0.000000
0.400556 0.073192 0.000000
0.400556 0.073480 0.000000
0.400556 0.073769 0.000000
0.400556 0.074058 0.000000
0.400556 0.074346 0.000000
0.400556 0.074635 0.000000
0.400556 0.074924 0.000000
0.400556 0.075212 0.000000
0.400556 0.075501 0.000000
0.400556 0.075790 0.000000
0.400556 0.076078 0.000000
0.400556 0.076367 0.000000
0.400556 0.076656 0.000000
0.400556 0.076944 0.000000
0.400556 0.077233 0.000000
0.400556 0.077522 0.000000
0.400556 0.077810 0.000000
0.400556 0.078099 0.000000
0.400556 0.078388 0.000000
0.400556 0.078676 0.000000
0.400556 0.078965 0.000000
0.400556 0.079254 0.000000
0.400556 0.079542 0.000000
0.400556 0.079831 0.000000
0.400556 0.080120 0.000000
0.400556 0.080408 0.000000
0.400556 0.080697 0.000000
0.400556 0.080986 0.000000
0.400556 0.081274 0.000000
0.400556 0.081563 0.000000
0.400556 0.081851 0.000000
0.400556 0.082140 0.000000
0.400556 0.082429 0.000000
0.400556 0.082717 0.000000
0.400556 0.083006 0.000000
0.400556 0.083295 0.000000
0.400556 0.083583 0.000000
0.400556 0.083872 0.000000
0.400556 0.084161 0.000000
0.400556 0.084449 0.000000
0.400556 0.084738 0.000000
0.400556 0.085027 0.000000
0.400556 0.085315 0.000000
0.400556 0.085604 0.000000
0.400556 0.085893 0.000000
0.400556 0.086181 0.000000
0.400556 0.086470 0.000000
0.400556 0.086759 0.000000
0.400556 0.087047 0.000000
0.400556 0.087336 0.000000
0.400556 0.087625 0.000000
0.400556 0.087913 0.000000
0.400556 0.088202 0.000000
0.400556 0.088491 0.000000
0.400556 0.088779 0.000000
0.400556 0.089068 0.000000
0.400556 0.089357 0.000000
0.400556 0.089645 0.000000
0.400556 0.089934 0.000000
0.400556 0.090223 0.000000
0.400556 0.090511 0.000000
0.400556 0.090800 0.000000
0.400556 0.091089 0.000000
0.400556 0.091377 0.000000
0.400556 0.091666 0.000000
0.400556 0.091955 0.000000
0.400556 0.092243 0.000000
0.400556 0.092532 0.000000
0.400556 0.092821 0.000000
0.400556 0.093109 0.000000
0.400556 0.093398 0.000000
0.400556 0.093686 0.000000
0.400556 0.093975 0.000000
0.400556 0.094264 0.000000
0.400556 0.094552 0.000000
0.400556 0.094841 0.000000
0.400556 0.095130 0.000000
0.400556 0.095418 0.000000
0.400556 0.095707 0.000000
0.400556 0.095996 0.000000
0.400556 0.096284 0.000000
0.400556 0.096573 0.000000
0.400556 0.096862 0.000000
0.400556 0.097150 0.000000
0.400556 0.097439 0.000000
0.400556 0.097728 0.000000
0.400556 0.098016 0.000000
0.400556 0.098305 0.000000
0.400556 0.098594 0.000000
0.400556 0.098882 0.000000
0.400556 0.099171 0.000000
0.400556 0.099460 0.000000
0.400556 0.099748 0.000000
0.400556 0.100037 0.000000
0.400556 0.100326 0.000000
0.400556 0.100614 0.000000
0.400556 0.100903 0.000000
0.400556 0.101192 0.000000
0.400556 0.101480 0.000000
0.400556 0.101769 0.000000
0.400556 0.102058 0.000000
0.400556 0.102346 0.000000
0.400556 0.102635 0.000000
0.400556 0.102924 0.000000
0.400556 0.103212 0.000000
0.400556 0.103501 0.000000
0.400556 0.103790 0.000000
0.400556 0.104078 0.000000
0.400556 0.104367 0.000000
0.400556 0.104655 0.000000
0.400556 0.104944 0.000000
0.400556 0.105233 0.000000
0.400556 0.105521 0.000000
0.400556 0.105810 0.000000
0.400556 0.106099 0.000000
0.400556 0.106387 0.000000
0.400556 0.106676 0.000000
0.400556 0.106965 0.000000
0.400556 0.107253 0.000000
0.400556 0.107542 0.000000
0.400556 0.107831 0.000000
0.400556 0.108119 0.000000
0.400556 0.108408 0.000000
0.400556 0.108697 0.000000
0.400556 0.108985 0.000000
0.400556 0.109274 0.000000
0.400556 0.109563 0.000000
0.400556 0.109851 0.000000
0.400556 0.110140 0.000000
0.400556 0.110429 0.000000
0.400556 0.110717 0.000000
0.400556 0.111006 0.000000
0.400556 0.111295 0.000000
0.400556 0.111583 0.000000
0.400556 0.111872 0.000000
0.400556 0.112161 0.000000
0.400556 0.112449 0.000000
0.400556 0.112738 0.000000
0.400556 0.113027 0.000000
0.400556 0.113315 0.000000
0.400556 0.113604 0.000000
0.400556 0.113893 0.000000
0.400556 0.114181 0.000000
0.400556 0.114470 0.000000
0.400556 0.114759 0.000000
0.400556 0.115047 0.000000
0.400556 0.115336 0.000000
0.400556 0.115625 0.000000
0.400556 0.115913 0.000000
0.400556 0.116202 0.000000
0.400556 0.116490 0.000000
0.400556 0.116779 0.000000
0.400556 0.117068 0.000000
0.400556 0.117356 0.000000
0.400556 0.117645 0.000000
0.400556 0.117934 0.000000
0.400556 0.118222 0.000000
0.400556 0.118511 0.000000
0.400556 0.118800 0.000000
0.400556 0.119088 0.000000
0.400556 0.119377 0.000000
0.400556 0.119666 0.000000
0.400556 0.119954 0.000000
0.400556 0.120243 0.000000
0.400556 0.120532 0.000000
0.400556 0.120820 0.000000
0.400556 0.121109 0.000000
0.400556 0.121398 0.000000
0.400556 0.121686 0.000000
0.400556 0.121975 0.000000
0.400556 0.122264 0.000000
0.400556 0.122552 0.000000
0.400556 0.122841 0.000000
0.400556 0.123130 0.000000
0.400556 0.123418 0.000000
0.400556 0.123707 0.000000
0.400556 0.123996 0.000000
0.400556 0.124284 0.000000
0.400556 0.124573 0.000000
0.400556 0.124862 0.000000
0.400556 0.125150 0.000000
0.400556 0.125439 0.000000
0.400556 0.125728 0.000000
0.400556 0.126016 0.000000
0.400556 0.126305 0.000000
0.400556 0.126594 0.000000
0.400556 0.126882 0.000000
0.400556 0.127171 0.000000
0.400556 0.127459 0.000000
0.400556 0.127748 0.000000
0.400556 0.128037 0.000000
0.400556 0.128325 0.000000
0.400556 0.128614 0.000000
0.400556 0.128903 0.000000
0.400556 0.129191 0.000000
0.400556 0.129480 0.000000
0.400556 0.129769 0.000000
0.400556 0.130057 0.000000
0.400556 0.130346 0.000000
0.400556 0.130635 0.000000
0.400556 0.130923 0.000000
0.400556 0.131212 0.000000
0.400556 0.131501 0.000000
0.400556 0.131789 0.000000
0.400556 0.132078 0.000000
0.400556 0.132367 0.000000
0.400556 0.132655 0.000000
0.400556 0.132944 0.000000
0.400556 0.133233 0.000000
0.400556 0.133521 0.000000
0.400556 0.133810 0.000000
0.400556 0.134099 0.000000
0.400556 0.134387 0.000000
0.400556 0.134676 0.000000
0.400556 0.134965 0.000000
0.400556 0.135253 0.000000
0.400556 0.135542 0.000000
0.400556 0.135831 0.000000
0.400556 0.136119 0.000000
0.400556 0.136408 0.000000
0.400556 0.136697 0.000000
0.400556 0.136985 0.000000
0.400556 0.137274 0.000000
0.400556 0.137563 0.000000
0.400556 0.137851 0.000000
0.400556 0.138140 0.000000
0.400556 0.138429 0.000000
0.400556 0.138717 0.000000
0.400556 0.139006 0.000000
0.400556 0.139294 0.000000
0.400556 0.139583 0.000000
0.400556 0.139872 0.000000
0.400556 0.140160 0.000000
0.400556 0.140449 0.000000
0.400556 0.140738 0.000000
0.400556 0.141026 0.000000
0.400556 0.141315 0.000000
0.400556 0.141604 0.000000
0.400556 0.141892 0.000000
0.400556 0.142181 0.000000
0.400556 0.142470 0.000000
0.400556 0.142758 0.000000
0.400556 0.143047 0.000000
0.400556 0.143336 0.000000
0.400556 0.143624 0.000000
0.400556 0.143913 0.000000
0.400556 0.144202 0.000000
0.400556 0.144490 0.000000
0.400556 0.144779 0.000000
0.400556 0.145068 0.000000
0.400556 0.145356 0.000000
0.400556 0.145645 0.000000
0.400556 0.145934 0.000000
0.400556 0.146222 0.000000
0.400556 0.146511 0.000000
0.400556 0.146800 0.000000
0.400556 0.147088 0.000000
0.400556 0.147377 0.000000
0.400556 0.147666 0.000000
0.400556 0.147954 0.000000
0.400556 0.148243 0.000000
0.400556 0.148532 0.000000
0.400556 0.148820 0.000000
0.400556 0.149109 0.000000
0.400556 0.149398 0.000000
0.400556 0.149686 0.000000
0.400556 0.149975 0.000000
0.400556 0.150263 0.000000
0.400556 0.150552 0.000000
0.400556 0.150841 0.000000
0.400556 0.151129 0.000000
0.400556 0.151418 0.000000
0.400556 0.151707 0.000000
0.400556 0.151995 0.000000
0.400556 0.152284 0.000000
0.400556 0.152573 0.000000
0.400556 0.152861 0.000000
0.400556 0.153150 0.000000
0.400556 0.153439 0.000000
0.400556 0.153727 0.000000
0.400556 0.154016 0.000000
0.400556 0.154305 0.000000
0.400556 0.154593 0.000000
0.400556 0.154882 0.000000
0.400556 0.155171 0.000000
0.400556 0.155459 0.000000
0.400556 0.155748 0.000000
0.400556 0.156037 0.000000
0.400556 0.156325 0.000000
0.400556 0.156614 0.000000
0.400556 0.156903 0.000000
0.400556 0.157191 0.000000
0.400556 0.157480 0.000000
0.400556 0.157769 0.000000
0.400556 0.158057 0.000000
0.400556 0.158346 0.000000
0.400556 0.158635 0.000000
0.400556 0.158923 0.000000
0.400556 0.159212 0.000000
0.400556 0.159501 0.000000
0.400556 0.159789 0.000000
0.400556 0.160078 0.000000
0.400556 0.160367 0.000000
0.400556 0.160655 0.000000
0.400556 0.160944 0.000000
0.400556 0.161233 0.000000
0.400556 0.161521 0.000000
0.400556 0.161810 0.000000
0.400556 0.162098 0.000000
0.400556 0.162387 0.000000
0.400556 0.162676 0.000000
0.400556 0.162964 0.000000
0.400556 0.163253 0.000000
0.400556 0.163542 0.000000
0.400556 0.163830 0.000000
0.400556 0.164119 0.000000
0.400556 0.164408 0.000000
0.400556 0.164696 0.000000
0.400556 0.164985 0.000000
0.400556 0.165274 0.000000
0.400556 0.165562 0.000000
0.400556 0.165851 0.000000
0.400556 0.166140 0.000000
0.400556 0.166428 0.000000
0.400556 0.166717 0.000000
0.400556 0.167006 0.000000
0.400556 0.167294 0.000000
0.400556 0.167583 0.000000
0.400556 0.167872 0.000000
0.400556 0.168160 0.000000
0.400556 0.168449 0.000000
0.400556 0.168738 0.000000
0.400556 0.169026 0.000000
0.400556 0.169315 0.000000
0.400556 0.169604 0.000000
0.400556 0.169892 0.000000
0.400556 0.170181 0.000000
0.400556 0.170470 0.000000
0.400556 0.170758 0.000000
0.400556 0.171047 0.000000
0.400556 0.171336 0.000000
0.400556 0.171624 0.000000
0.400556 0.171913 0.000000
0.400556 0.172202 0.000000
0.400556 0.172490 0.000000
0.400556 0.172779 0.000000
0.400556 0.173067 0.000000
0.400556 0.173356 0.000000
0.400556 0.173645 0.000000
0.400556 0.173933 0.000000
0.400556 0.174222 0.000000
0.400556 0.174511 0.000000
0.400556 0.174799 0.000000
0.400556 0.175088 0.000000
0.400556 0.175377 0.000000
0.400556 0.175665 0.000000
0.400556 0.175954 0.000000
0.400556 0.176243 0.000000
0.400556 0.176531 0.000000
0.400556 0.176820 0.000000
0.400556 0.177109 0.000000
0.400556 0.177397 0.000000
0.400556 0.177686 0.000000
0.400556 0.177975 0.000000
0.400556 0.178263 0.000000
0.400556 0.178552 0.000000
0.400556 0.178841 0.000000
0.400556 0.179129 0.000000
0.400556 0.179418 0.000000
0.400556 0.179707 0.000000
0.400556 0.179995 0.000000
0.400556 0.180284 0.000000
0.400556 0.180573 0.000000
0.400556 0.180861 0.000000
0.400556 0.181150 0.000000
0.400556 0.181439 0.000000
0.400556 0.181727 0.000000
0.400556 0.182016 0.000000
0.400556 0.182305 0.000000
0.400556 0.182593 0.000000
0.400556 0.182882 0.000000
0.400556 0.183171 0.000000
0.400556 0.183459 0.000000
0.400556 0.183748 0.000000
0.400556 0.184037 0.000000
0.400556 0.184325 0.000000
0.400556 0.184614 0.000000
0.400556 0.184902 0.000000
0.400556 0.185191 0.000000
0.400556 0.185480 0.000000
0.400556 0.185768 0.000000
0.400556 0.186057 0.000000
0.400556 0.186346 0.000000
0.400556 0.186634 0.000000
0.400556 0.186923 0.000000
0.400556 0.187212 0.000000
0.400556 0.187500 0.000000
0.400556 0.187789 0.000000
0.400556 0.188078 0.000000
0.400556 0.188366 0.000000
0.400556 0.188655 0.000000
0.400556 0.188944 0.000000
0.400556 0.189232 0.000000
0.400556 0.189521 0.000000
0.400556 0.189810 0.000000
0.400556 0.190098 0.000000
0.400556 0.190387 0.000000
0.400556 0.190676 0.000000
0.400556 0.190964 0.000000
0.400556 0.191253 0.000000
0.400556 0.191542 0.000000
0.400556 0.191830 0.000000
0.400556 0.192119 0.000000
0.400556 0.192408 0.000000
0.400556 0.192696 0.000000
0.400556 0.192985 0.000000
0.400556 0.193274 0.000000
0.400556 0.193562 0.000000
0.400556 0.193851 0.000000
0.400556 0.194140 0.000000
0.400556 0.194428 0.000000
0.400556 0.194717 0.000000
0.400556 0.195006 0.000000
0.400556 0.195294 0.000000
0.400556 0.195583 0.000000
0.400556 0.195871 0.000000
0.400556 0.196160 0.000000
0.400556 0.196449 0.000000
0.400556 0.196737 0.000000
0.400556 0.197026 0.000000
0.400556 0.197315 0.000000
0.400556 0.197603 0.000000
0.400556 0.197892 0.000000
0.400556 0.198181 0.000000
0.400556 0.198469 0.000000
0.400556 0.198758 0.000000
0.400556 0.199047 0.000000
0.400556 0.199335 0.000000
0.400556 0.199624 0.000000
0.400556 0.199913 0.000000
0.400556 0.200201 0.000000
0.400556 0.200490 0.000000
0.400556 0.200779 0.000000
0.400556 0.201067 0.000000
0.400556 0.201356 0.000000
0.400556 0.201645 0.000000
0.400556 0.201933 0.000000
0.400556 0.202222 0.000000
0.400556 0.202511 0.000000
0.400556 0.202799 0.000000
0.400556 0.203088 0.000000
0.400556 0.203377 0.000000
0.400556 0.203665 0.000000
0.400556 0.203954 0.000000
0.400556 0.204243 0.000000
0.400556 0.204531 0.000000
0.400556 0.204820 0.000000
0.400556 0.205109 0.000000
0.400556 0.205397 0.000000
0.400556 0.205686 0.000000
0.400556 0.205975 0.000000
0.400556 0.206263 0.000000
0.400556 0.206552 0.000000
0.400556 0.206841 0.000000
0.400556 0.207129 0.000000
0.400556 0.207418 0.000000
0.400556 0.207706 0.000000
0.400556 0.207995 0.000000
0.400556 0.208284 0.000000
0.400556 0.208572 0.000000
0.400556 0.208861 0.000000
0.400556 0.209150 0.000000
0.400556 0.209438 0.000000
0.400556 0.209727 0.000000
0.400556 0.210016 0.000000
0.400556 0.210304 0.000000
0.400556 0.210593 0.000000
0.400556 0.210882 0.000000
0.400556 0.211170 0.000000
0.400556 0.211459 0.000000
0.400556 0.211748 0.000000
0.400556 0.212036 0.000000
0.400556 0.212325 0.000000
0.400556 0.212614 0.000000
0.400556 0.212902 0.000000
0.400556 0.213191 0.000000
0.400556 0.213480 0.000000
0.400556 0.213768 0.000000
0.400556 0.214057 0.000000
0.400556 0.214346 0.000000
0.400556 0.214634 0.000000
0.400556 0.214923 0.000000
0.400556 0.215212 0.000000
0.400556 0.215500 0.000000
0.400556 0.215789 0.000000
0.400556 0.216078 0.000000
0.400556 0.216366 0.000000
0.400556 0.216655 0.000000
0.400556 0.216944 0.000000
0.400556 0.217232 0.000000
0.400556 0.217521 0.000000
0.400556 0.217810 0.000000
0.400556 0.218098 0.000000
0.400556 0.218387 0.000000
0.400556 0.218675 0.000000
0.400556 0.218964 0.000000
0.400556 0.219253 0.000000
0.400556 0.219541 0.000000
0.400556 0.219830 0.000000
0.400556 0.220119 0.000000
0.400556 0.220407 0.000000
0.400556 0.220696 0.000000
0.400556 0.220985 0.000000
0.400556 0.221273 0.000000
0.400556 0.221562 0.000000
0.400556 0.221851 0.000000
0.400556 0.222139 0.000000
0.400556 0.222428 0.000000
0.400556 0.222717 0.000000
0.400556 0.223005 0.000000
0.400556 0.223294 0.000000
0.400556 0.223583 0.000000
0.400556 0.223871 0.000000
0.400556 0.224160 0.000000
0.400556 0.224449 0.000000
0.400556 0.224737 0.000000
0.400556 0.225026 0.000000
0.400556 0.225315 0.000000
0.400556 0.225603 0.000000
0.400556 0.225892 0.000000
0.400556 0.226181 0.000000
0.400556 0.226469 0.000000
0.400556 0.226758 0.000000
0.400556 0.227047 0.000000
0.400556 0.227335 0.000000
0.400556 0.227624 0.000000
0.400556 0.227913 0.000000
0.400556 0.228201 0.000000
0.400556 0.228490 0.000000
0.400556 0.228779 0.000000
0.400556 0.229067 0.000000
0.400556 0.229356 0.000000
0.400556 0.229645 0.000000
0.400556 0.229933 0.000000
0.400556 0.230222 0.000000
0.400556 0.230510 0.000000
0.400556 0.230799 0.000000
0.400556 0.231088 0.000000
0.400556 0.231376 0.000000
0.400556 0.231665 0.000000
0.400556 0.231954 0.000000
0.400556 0.232242 0.000000
0.400556 0.232531 0.000000
0.400556 0.232820 0.000000
0.400556 0.233108 0.000000
0.400556 0.233397 0.000000
0.400556 0.233686 0.000000
0.400556 0.233974 0.000000
0.400556 0.234263 0.000000
0.400556 0.234552 0.000000
0.400556 0.234840 0.000000
0.400556 0.235129 0.000000
0.400556 0.235418 0.000000
0.400556 0.235706 0.000000
0.400556 0.235995 0.000000
0.400556 0.236284 0.000000
0.400556 0.236572 0.000000
0.400556 0.236861 0.000000
0.400556 0.237150 0.000000
0.400556 0.237438 0.000000
0.400556 0.237727 0.000000
0.400556 0.238016 0.000000
0.400556 0.238304 0.000000
0.400556 0.238593 0.000000
0.400556 0.238882 0.000000
0.400556 0.239170 0.000000
0.400556 0.239459 0.000000
0.400556 0.239748 0.000000
0.400556 0.240036 0.000000
0.400556 0.240325 0.000000
0.400556 0.240614 0.000000
0.400556 0.240902 0.000000
0.400556 0.241191 0.000000
0.400556 0.241479 0.000000
0.400556 0.241768 0.000000
0.400556 0.242057 0.000000
0.400556 0.242345 0.000000
0.400556 0.242634 0.000000
0.400556 0.242923 0.000000
0.400556 0.243211 0.000000
0.400556 0.243500 0.000000
0.400556 0.243789 0.000000
0.400556 0.244077 0.000000
0.400556 0.244366 0.000000
0.400556 0.244655 0.000000
0.400556 0.244943 0.000000
0.400556 0.245232 0.000000
0.400556 0.245521 0.000000
0.400556 0.245809 0.000000
0.400556 0.246098 0.000000
0.400556 0.246387 0.000000
0.400556 0.246675 0.000000
0.400556 0.246964 0.000000
0.400556 0.247253 0.000000
0.400556 0.247541 0.000000
0.400556 0.247830 0.000000
0.400556 0.248119 0.000000
0.400556 0.248407 0.000000
0.400556 0.248696 0.000000
0.400556 0.248985 0.000000
0.400556 0.249273 0.000000
0.400556 0.249562 0.000000
0.400556 0.249851 0.000000
0.400556 0.250139 0.000000
0.400556 0.250428 0.000000
0.400556 0.250717 0.000000
0.400556 0.251005 0.000000
0.400556 0.251294 0.000000
0.400556 0.251583 0.000000
0.400556 0.251871 0.000000
0.400556 0.252160 0.000000
0.400556 0.252449 0.000000
0.400556 0.252737 0.000000
0.400556 0.253026 0.000000
0.400556 0.253314 0.000000
0.400556 0.253603 0.000000
0.400556 0.253892 0.000000
0.400556 0.254180 0.000000
0.400556 0.254469 0.000000
0.400556 0.254758 0.000000
0.400556 0.255046 0.000000
0.400556 0.255335 0.000000
0.400556 0.255624 0.000000
0.400556 0.255912 0.000000
0.400556 0.256201 0.000000
0.400556 0.256490 0.000000
0.400556 0.256778 0.000000
0.400556 0.257067 0.000000
0.400556 0.257356 0.000000
0.400556 0.257644 0.000000
0.400556 0.257933 0.000000
0.400556 0.258222 0.000000
0.400556 0.258510 0.000000
0.400556 0.258799 0.000000
0.400556 0.259088 0.000000
0.400556 0.259376 0.000000
0.400556 0.259665 0.000000
0.400556 0.259954 0.000000
0.400556 0.260242 0.000000
0.400556 0.260531 0.000000
0.400556 0.260820 0.000000
0.400556 0.261108 0.000000
0.400556 0.261397 0.000000
0.400556 0.261686 0.000000
0.400556 0.261974 0.000000
0.400556 0.262263 0.000000
0.400556 0.262552 0.000000
0.400556 0.262840 0.000000
0.400556 0.263129 0.000000
0.400556 0.263418 0.000000
0.400556 0.263706 0.000000
0.400556 0.263995 0.000000
0.400556 0.264283 0.000000
0.400556 0.264572 0.000000
0.400556 0.264861 0.000000
0.400556 0.265149 0.000000
0.400556 0.265438 0.000000
0.400556 0.265727 0.000000
0.400556 0.266015 0.000000
0.400556 0.266304 0.000000
0.400556 0.266593 0.000001
0.400556 0.266881 0.000001
0.400556 0.267170 0.000001
0.400556 0.267459 0.000001
0.400556 0.267747 0.000001
0.400556 0.268036 0.000001
0.400556 0.268325 0.000002
0.400556 0.268613 0.000002
0.400556 0.268902 0.000002
0.400556 0.269191 0.000002
0.400556 0.269479 0.000003
0.400556 0.269768 0.000003
0.400557 0.270057 0.000004
0.400557 0.270345 0.000005
0.400557 0.270634 0.000006
0.400557 0.270923 0.000007
0.400558 0.271211 0.000008
0.400558 0.271500 0.000009
0.400558 0.271789 0.000011
0.400559 0.272077 0.000012
0.400560 0.272366 0.000015
0.400560 0.272655 0.000017
0.400561 0.272943 0.000020
0.400562 0.273232 0.000024
0.400563 0.273521 0.000028
0.400564 0.273809 0.000032
0.400566 0.274098 0.000038
0.400568 0.274387 0.000044
0.400570 0.274675 0.000052
0.400572 0.274964 0.000061
0.400575 0.275253 0.000071
0.400579 0.275541 0.000084
0.400583 0.275830 0.000098
0.400587 0.276118 0.000115
0.400593 0.276407 0.000135
0.400599 0.276696 0.000158
0.400607 0.276984 0.000185
0.400616 0.277273 0.000216
0.400626 0.277562 0.000253
0.400638 0.277850 0.000296
0.400652 0.278139 0.000347
0.400669 0.278428 0.000406
0.400688 0.278716 0.000475
0.400711 0.279005 0.000556
0.400737 0.279294 0.000651
0.400768 0.279582 0.000761
0.400805 0.279871 0.000891
0.400847 0.280160 0.001042
0.400897 0.280448 0.001218
0.400955 0.280737 0.001424
0.401023 0.281026 0.001665
0.401103 0.281314 0.001946
0.401196 0.281603 0.002273
0.401304 0.281892 0.002656
0.401431 0.282180 0.003101
0.401578 0.282469 0.003620
0.401750 0.282758 0.004225
0.401950 0.283046 0.004928
0.402183 0.283335 0.005745
0.402454 0.283624 0.006694
0.402768 0.283912 0.007793
0.403132 0.284201 0.009067
0.403554 0.284490 0.010539
0.404040 0.284778 0.012237
0.404601 0.285067 0.014193
0.405246 0.285356 0.016438
0.405986 0.285644 0.019010
0.406831 0.285933 0.021946
0.407793 0.286222 0.025285
0.408883 0.286510 0.029067
0.410115 0.286799 0.033331
0.411498 0.287087 0.038114
0.413041 0.287376 0.043448
0.414754 0.287665 0.049359
0.416642 0.287953 0.055865
0.418706 0.288242 0.062971
0.420946 0.288531 0.070670
0.423355 0.288819 0.078941
0.425923 0.289108 0.087745
0.428635 0.289397 0.097028
0.431470 0.289685 0.106719
0.434405 0.289974 0.116734
0.437413 0.290263 0.126980
0.440464 0.290551 0.137354
0.443528 0.290840 0.147752
0.446574 0.291129 0.158070
0.449575 0.291417 0.168209
0.452503 0.291706 0.178080
0.455335 0.291995 0.187604
0.458052 0.292283 0.196714
0.460638 0.292572 0.205361
0.463083 0.292861 0.213506
0.465378 0.293149 0.221125
0.467520 0.293438 0.228206
0.469508 0.293727 0.234749
0.471344 0.294015 0.240763
0.473032 0.294304 0.246263
0.474578 0.294593 0.251270
0.475989 0.294881 0.255811
0.477274 0.295170 0.259914
0.478441 0.295459 0.263609
0.479499 0.295747 0.266927
0.480455 0.296036 0.269899
0.481320 0.296325 0.272555
0.482101 0.296613 0.274923
0.482806 0.296902 0.277031
0.483443 0.297191 0.278904
0.484018 0.297479 0.280565
0.484537 0.297768 0.282038
0.485007 0.298057 0.283341
0.485433 0.298345 0.284494
0.485819 0.298634 0.285512
0.486170 0.298922 0.286411
0.486490 0.299211 0.287204
0.486782 0.299500 0.287902
0.487050 0.299788 0.288518
0.487296 0.300077 0.289060
0.487523 0.300366 0.289537
0.487732 0.300654 0.289957
0.487927 0.300943 0.290326
0.488109 0.301232 0.290651
0.488279 0.301520 0.290936
0.488438 0.301809 0.291187
0.488589 0.302098 0.291407
0.488731 0.302386 0.291600
0.488867 0.302675 0.291770
0.488996 0.302964 0.291919
0.489120 0.303252 0.292049
0.489239 0.303541 0.292164
0.489354 0.303830 0.292265
0.489465 0.304118 0.292353
0.489573 0.304407 0.292430
0.489678 0.304696 0.292498
0.489781 0.304984 0.292557
0.489881 0.305273 0.292609
0.489980 0.305562 0.292655
0.490076 0.305850 0.292695
0.490171 0.306139 0.292730
0.490265 0.306428 0.292760
0.490358 0.306716 0.292787
0.490450 0.307005 0.292810
0.490541 0.307294 0.292831
0.490631 0.307582 0.292848
0.490720 0.307871 0.292864
0.490809 0.308160 0.292877
0.490897 0.308448 0.292889
0.490984 0.308737 0.292900
0.491072 0.309026 0.292908
0.491159 0.309314 0.292916
0.491245 0.309603 0.292923
0.491332 0.309891 0.292929
0.491418 0.310180 0.292934
0.491504 0.310469 0.292938
0.491589 0.310757 0.292942
0.491675 0.311046 0.292945
0.491760 0.311335 0.292948
0.491846 0.311623 0.292950
0.491931 0.311912 0.292952
0.492016 0.312201 0.292954
0.492101 0.312489 0.292955
0.492186 0.312778 0.292956
0.492271 0.313067 0.292957
0.492356 0.313355 0.292958
0.492440 0.313644 0.292959
0.492525 0.313933 0.292959
0.492610 0.314221 0.292959
0.492694 0.314510 0.292960
0.492779 0.314799 0.292960
0.492863 0.315087 0.292960
0.492948 0.315376 0.292960
0.493033 0.315665 0.292960
0.493117 0.315953 0.292960
0.493202 0.316242 0.292960
0.493286 0.316531 0.292959
0.493371 0.316819 0.292959
0.493455 0.317108 0.292959
0.493540 0.317397 0.292959
0.493624 0.317685 0.292958
0.493709 0.317974 0.292958
0.493793 0.318263 0.292958
0.493877 0.318551 0.292957
0.493962 0.318840 0.292957
0.494046 0.319129 0.292957
0.494131 0.319417 0.292956
0.494215 0.319706 0.292956
0.494300 0.319995 0.292955
0.494384 0.320283 0.292955
0.494469 0.320572 0.292955
0.494553 0.320861 0.292954
0.494637 0.321149 0.292954
0.494722 0.321438 0.292953
0.494806 0.321726 0.292953
0.494891 0.322015 0.292953
0.494975 0.322304 0.292952
0.495060 0.322592 0.292952
0.495144 0.322881 0.292952
0.495229 0.323170 0.292951
0.495313 0.323458 0.292951
0.495397 0.323747 0.292950
0.495482 0.324036 0.292950
0.495566 0.324324 0.292950
0.495651 0.324613 0.292949
0.495735 0.324902 0.292949
0.495820 0.325190 0.292948
0.495904 0.325479 0.292948
0.495988 0.325768 0.292948
0.496073 0.326056 0.292947
0.496157 0.326345 0.292947
0.496242 0.326634 0.292947
0.496326 0.326922 0.292946
0.496411 0.327211 0.292946
0.496495 0.327500 0.292946
0.496580 0.327788 0.292945
0.496664 0.328077 0.292945
0.496748 0.328366 0.292945
0.496833 0.328654 0.292944
0.496917 0.328943 0.292944
0.497002 0.329232 0.292943
0.497086 0.329520 0.292943
0.497171 0.329809 0.292943
0.497255 0.330098 0.292942
0.497340 0.330386 0.292942
0.497424 0.330675 0.292942
0.497509 0.330964 0.292941
0.497593 0.331252 0.292941
0.497677 0.331541 0.292941
0.497762 0.331830 0.292941
0.497846 0.332118 0.292940
0.497931 0.332407 0.292940
0.498015 0.332695 0.292940
0.498100 0.332984 0.292939
0.498184 0.333273 0.292939
0.498269 0.333561 0.292939
0.498353 0.333850 0.292938
0.498438 0.334139 0.292938
0.498522 0.334427 0.292938
0.498606 0.334716 0.292937
0.498691 0.335005 0.292937
0.498775 0.335293 0.292937
0.498860 0.335582 0.292937
0.498944 0.335871 0.292936
0.499029 0.336159 0.292936
0.499113 0.336448 0.292936
0.499198 0.336737 0.292935
0.499282 0.337025 0.292935
0.499367 0.337314 0.292935
0.499451 0.337603 0.292935
0.499536 0.337891 0.292934
0.499620 0.338180 0.292934
0.499704 0.338469 0.292934
0.499789 0.338757 0.292933
0.499873 0.339046 0.292933
0.499958 0.339335 0.292933
0.500042 0.339623 0.292933
0.500127 0.339912 0.292932
0.500211 0.340201 0.292932
0.500296 0.340489 0.292932
0.500380 0.340778 0.292932
0.500465 0.341067 0.292931
0.500549 0.341355 0.292931
0.500634 0.341644 0.292931
0.500718 0.341933 0.292931
0.500803 0.342221 0.292930
0.500887 0.342510 0.292930
0.500971 0.342799 0.292930
0.501056 0.343087 0.292930
0.501140 0.343376 0.292929
0.501225 0.343665 0.292929
0.501309 0.343953 0.292929
0.501394 0.344242 0.292929
0.501478 0.344530 0.292928
0.501563 0.344819 0.292928
0.501647 0.345108 0.292928
0.501732 0.345396 0.292928
0.501816 0.345685 0.292927
0.501901 0.345974 0.292927
0.501985 0.346262 0.292927
0.502070 0.346551 0.292927
0.502154 0.346840 0.292926
0.502239 0.347128 0.292926
0.502323 0.347417 0.292926
0.502408 0.347706 0.292926
0.502492 0.347994 0.292926
0.502576 0.348283 0.292925
0.502661 0.348572 0.292925
0.502745 0.348860 0.292925
0.502830 0.349149 0.292925
0.502914 0.349438 0.292924
0.502999 0.349726 0.292924
0.503083 0.350015 0.292924
0.503168 0.350304 0.292924
0.503252 0.350592 0.292924
0.503337 0.350881 0.292923
0.503421 0.351170 0.292923
0.503506 0.351458 0.292923
0.503590 0.351747 0.292923
0.503675 0.352036 0.292923
0.503759 0.352324 0.292922
0.503844 0.352613 0.292922
0.503928 0.352902 0.292922
0.504013 0.353190 0.292922
0.504097 0.353479 0.292922
0.504182 0.353768 0.292921
0.504266 0.354056 0.292921
0.504351 0.354345 0.292921
0.504435 0.354634 0.292921
0.504520 0.354922 0.292921
0.504604 0.355211 0.292920
0.504689 0.355499 0.292920
0.504773 0.355788 0.292920
0.504858 0.356077 0.292920
0.504942 0.356365 0.292920
0.505026 0.356654 0.292919
0.505111 0.356943 0.292919
0.505195 0.357231 0.292919
0.505280 0.357520 0.292919
0.505364 0.357809 0.292919
0.505449 0.358097 0.292918
0.505533 0.358386 0.292918
0.505618 0.358675 0.292918
0.505702 0.358963 0.292918
0.505787 0.359252 0.292918
0.505871 0.359541 0.292918
0.505956 0.359829 0.292917
0.506040 0.360118 0.292917
0.506125 0.360407 0.292917
0.506209 0.360695 0.292917
0.506294 0.360984 0.292917
0.506378 0.361273 0.292917
0.506463 0.361561 0.292916
0.506547 0.361850 0.292916
0.506632 0.362139 0.292916
0.506716 0.362427 0.292916
0.506801 0.362716 0.292916
0.506885 0.363005 0.292915
0.506970 0.363293 0.292915
0.507054 0.363582 0.292915
0.507139 0.363871 0.292915
0.507223 0.364159 0.292915
0.507308 0.364448 0.292915
0.507392 0.364737 0.292915
0.507477 0.365025 0.292914
0.507561 0.365314 0.292914
0.507646 0.365603 0.292914
0.507730 0.365891 0.292914
0.507815 0.366180 0.292914
0.507899 0.366469 0.292914
0.507984 0.366757 0.292913
0.508068 0.367046 0.292913
0.508153 0.367334 0.292913
0.508237 0.367623 0.292913
0.508322 0.367912 0.292913
0.508406 0.368200 0.292913
0.508491 0.368489 0.292912
0.508575 0.368778 0.292912
0.508660 0.369066 0.292912
0.508744 0.369355 0.292912
0.508829 0.369644 0.292912
0.508913 0.369932 0.292912
0.508998 0.370221 0.292912
0.509082 0.370510 0.292911
0.509167 0.370798 0.292911
0.509251 0.371087 0.292911
0.509336 0.371376 0.292911
0.509420 0.371664 0.292911
0.509505 0.371953 0.292911
0.509589 0.372242 0.292911
0.509674 0.372530 0.292910
0.509758 0.372819 0.292910
0.509843 0.373108 0.292910
0.509927 0.373396 0.292910
0.510012 0.373685 0.292910
0.510096 0.373974 0.292910
0.510181 0.374262 0.292910
0.510265 0.374551 0.292909
0.510350 0.374840 0.292909
0.510434 0.375128 0.292909
0.510519 0.375417 0.292909
0.510603 0.375706 0.292909
0.510688 0.375994 0.292909
0.510772 0.376283 0.292909
0.510857 0.376572 0.292908
0.510941 0.376860 0.292908
0.511026 0.377149 0.292908
0.511110 0.377438 0.292908
0.511195 0.377726 0.292908
0.511279 0.378015 0.292908
0.511364 0.378303 0.292908
0.511448 0.378592 0.292908
0.511533 0.378881 0.292907
0.511617 0.379169 0.292907
0.511702 0.379458 0.292907
0.511786 0.379747 0.292907
0.511871 0.380035 0.292907
0.511955 0.380324 0.292907
0.512040 0.380613 0.292907
0.512124 0.380901 0.292907
0.512209 0.381190 0.292906
0.512293 0.381479 0.292906
0.512378 0.381767 0.292906
0.512462 0.382056 0.292906
0.512547 0.382345 0.292906
0.512631 0.382633 0.292906
0.512716 0.382922 0.292906
0.512800 0.383211 0.292906
0.512885 0.383499 0.292905
0.512969 0.383788 0.292905
0.513054 0.384077 0.292905
0.513138 0.384365 0.292905
0.513223 0.384654 0.292905
0.513307 0.384943 0.292905
0.513392 0.385231 0.292905
0.513476 0.385520 0.292905
0.513561 0.385809 0.292904
0.513645 0.386097 0.292904
0.513730 0.386386 0.292904
0.513814 0.386675 0.292904
0.513899 0.386963 0.292904
0.513983 0.387252 0.292904
0.514068 0.387541 0.292904
0.514152 0.387829 0.292904
0.514237 0.388118 0.292904
0.514321 0.388407 0.292903
0.514406 0.388695 0.292903
0.514490 0.388984 0.292903
0.514575 0.389273 0.292903
0.514659 0.389561 0.292903
0.514744 0.389850 0.292903
0.514828 0.390138 0.292903
0.514913 0.390427 0.292903
0.514997 0.390716 0.292903
0.515082 0.391004 0.292902
0.515166 0.391293 0.292902
0.515251 0.391582 0.292902
0.515335 0.391870 0.292902
0.515420 0.392159 0.292902
0.515504 0.392448 0.292902
0.515589 0.392736 0.292902
0.515673 0.393025 0.292902
0.515758 0.393314 0.292902
0.515842 0.393602 0.292902
0.515927 0.393891 0.292901
0.516011 0.394180 0.292901
0.516096 0.394468 0.292901
0.516180 0.394757 0.292901
0.516265 0.395046 0.292901
0.516349 0.395334 0.292901
0.516434 0.395623 0.292901
0.516518 0.395912 0.292901
0.516603 0.396200 0.292901
0.516687 0.396489 0.292900
0.516772 0.396778 0.292900
0.516856 0.397066 0.292900
0.516941 0.397355 0.292900
0.517025 0.397644 0.292900
0.517110 0.397932 0.292900
0.517194 0.398221 0.292900
0.517279 0.398510 0.292900
0.517363 0.398798 0.292900
0.517448 0.399087 0.292900
0.517532 0.399376 0.292900
0.517617 0.399664 0.292899
0.517701 0.399953 0.292899
0.517786 0.400242 0.292899
0.517871 0.400530 0.292899
0.517955 0.400819 0.292899
0.518040 0.401108 0.292899
0.518124 0.401396 0.292899
0.518209 0.401685 0.292899
0.518293 0.401973 0.292899
0.518378 0.402262 0.292899
0.518462 0.402551 0.292898
0.518547 0.402839 0.292898
0.518631 0.403128 0.292898
0.518716 0.403417 0.292898
0.518800 0.403705 0.292898
0.518885 0.403994 0.292898
0.518969 0.404283 0.292898
0.519054 0.404571 0.292898
0.519138 0.404860 0.292898
0.519223 0.405149 0.292898
0.519307 0.405437 0.292898
0.519392 0.405726 0.292898
0.519476 0.406015 0.292897
0.519561 0.406303 0.292897
0.519645 0.406592 0.292897
0.519730 0.406881 0.292897
0.519814 0.407169 0.292897
0.519899 0.407458 0.292897
0.519983 0.407747 0.292897
0.520068 0.408035 0.292897
0.520152 0.408324 0.292897
0.520237 0.408613 0.292897
0.520321 0.408901 0.292897
0.520406 0.409190 0.292896
0.520490 0.409479 0.292896
0.520575 0.409767 0.292896
0.520659 0.410056 0.292896
0.520744 0.410345 0.292896
0.520828 0.410633 0.292896
0.520913 0.410922 0.292896
0.520997 0.411211 0.292896
0.521082 0.411499 0.292896
0.521166 0.411788 0.292896
0.521251 0.412077 0.292896
0.521335 0.412365 0.292896
0.521420 0.412654 0.292896
0.521505 0.412942 0.292895
0.521589 0.413231 0.292895
0.521674 0.413520 0.292895
0.521758 0.413808 0.292895
0.521843 0.414097 0.292895
0.521927 0.414386 0.292895
0.522012 0.414674 0.292895
0.522096 0.414963 0.292895
0.522181 0.415252 0.292895
0.522265 0.415540 0.292895
0.522350 0.415829 0.292895
0.522434 0.416118 0.292895
0.522519 0.416406 0.292895
0.522603 0.416695 0.292894
0.522688 0.416984 0.292894
0.522772 0.417272 0.292894
0.522857 0.417561 0.292894
0.522941 0.417850 0.292894
0.523026 0.418138 0.292894
0.523110 0.418427 0.292894
0.523195 0.418716 0.292894
0.523279 0.419004 0.292894
0.523364 0.419293 0.292894
0.523448 0.419582 0.292894
0.523533 0.419870 0.292894
0.523617 0.420159 0.292894
0.523702 0.420448 0.292893
0.523786 0.420736 0.292893
0.523871 0.421025 0.292893
0.523955 0.421314 0.292893
0.524040 0.421602 0.292893
0.524124 0.421891 0.292893
0.524209 0.422180 0.292893
0.524294 0.422468 0.292893
0.524378 0.422757 0.292893
0.524463 0.423046 0.292893
0.524547 0.423334 0.292893
0.524632 0.423623 0.292893
0.524716 0.423912 0.292893
0.524801 0.424200 0.292893
0.524885 0.424489 0.292892
0.524970 0.424777 0.292892
0.525054 0.425066 0.292892
0.525139 0.425355 0.292892
0.525223 0.425643 0.292892
0.525308 0.425932 0.292892
0.525392 0.426221 0.292892
0.525477 0.426509 0.292892
0.525561 0.426798 0.292892
0.525646 0.427087 0.292892
0.525730 0.427375 0.292892
0.525815 0.427664 0.292892
0.525899 0.427953 0.292892
0.525984 0.428241 0.292892
0.526068 0.428530 0.292892
0.526153 0.428819 0.292891
0.526237 0.429107 0.292891
0.526322 0.429396 0.292891
0.526406 0.429685 0.292891
0.526491 0.429973 0.292891
0.526575 0.430262 0.292891
0.526660 0.430551 0.292891
0.526745 0.430839 0.292891
0.526829 0.431128 0.292891
0.526914 0.431417 0.292891
0.526998 0.431705 0.292891
0.527083 0.431994 0.292891
0.527167 0.432283 0.292891
0.527252 0.432571 0.292891
0.527336 0.432860 0.292891
0.527421 0.433149 0.292891
0.527505 0.433437 0.292890
0.527590 0.433726 0.292890
0.527674 0.434015 0.292890
0.527759 0.434303 0.292890
0.527843 0.434592 0.292890
0.527928 0.434881 0.292890
0.528012 0.435169 0.292890
0.528097 0.435458 0.292890
0.528181 0.435746 0.292890
0.528266 0.436035 0.292890
0.528350 0.436324 0.292890
0.528435 0.436612 0.292890
0.528519 0.436901 0.292890
0.528604 0.437190 0.292890
0.528688 0.437478 0.292890
0.528773 0.437767 0.292890
0.528858 0.438056 0.292890
0.528942 0.438344 0.292889
0.529027 0.438633 0.292889
0.529111 0.438922 0.292889
0.529196 0.439210 0.292889
0.529280 0.439499 0.292889
0.529365 0.439788 0.292889
0.529449 0.440076 0.292889
0.529534 0.440365 0.292889
0.529618 0.440654 0.292889
0.529703 0.440942 0.292889
0.529787 0.441231 0.292889
0.529872 0.441520 0.292889
0.529956 0.441808 0.292889
0.530041 0.442097 0.292889
0.530125 0.442386 0.292889
0.530210 0.442674 0.292889
0.530294 0.442963 0.292889
0.530379 0.443252 0.292889
0.530463 0.443540 0.292888
0.530548 0.443829 0.292888
0.530632 0.444118 0.292888
0.530717 0.444406 0.292888
0.530801 0.444695 0.292888
0.530886 0.444984 0.292888
0.530971 0.445272 0.292888
0.531055 0.445561 0.292888
0.531140 0.445850 0.292888
0.531224 0.446138 0.292888
0.531309 0.446427 0.292888
0.531393 0.446716 0.292888
0.531478 0.447004 0.292888
0.531562 0.447293 0.292888
0.531647 0.447581 0.292888
0.531731 0.447870 0.292888
0.531816 0.448159 0.292888
0.531900 0.448447 0.292888
0.531985 0.448736 0.292888
0.532069 0.449025 0.292887
0.532154 0.449313 0.292887
0.532238 0.449602 0.292887
0.532323 0.449891 0.292887
0.532407 0.450179 0.292887
0.532492 0.450468 0.292887
0.532576 0.450757 0.292887
0.532661 0.451045 0.292887
0.532745 0.451334 0.292887
0.532830 0.451623 0.292887
0.532914 0.451911 0.292887
0.532999 0.452200 0.292887
0.533084 0.452489 0.292887
0.533168 0.452777 0.292887
0.533253 0.453066 0.292887
0.533337 0.453355 0.292887
0.533422 0.453643 0.292887
0.533506 0.453932 0.292887
0.533591 0.454221 0.292887
0.533675 0.454509 0.292887
0.533760 0.454798 0.292886
0.533844 0.455087 0.292886
0.533929 0.455375 0.292886
0.534013 0.455664 0.292886
0.534098 0.455953 0.292886
0.534182 0.456241 0.292886
0.534267 0.456530 0.292886
0.534351 0.456819 0.292886
0.534436 0.457107 0.292886
0.534520 0.457396 0.292886
0.534605 0.457685 0.292886
0.534689 0.457973 0.292886
0.534774 0.458262 0.292886
0.534859 0.458550 0.292886
0.534943 0.458839 0.292886
0.535028 0.459128 0.292886
0.535112 0.459416 0.292886
0.535197 0.459705 0.292886
0.535281 0.459994 0.292886
0.535366 0.460282 0.292886
0.535450 0.460571 0.292886
0.535535 0.460860 0.292886
0.535619 0.461148 0.292885
0.535704 0.461437 0.292885
0.535788 0.461726 0.292885
0.535873 0.462014 0.292885
0.535957 0.462303 0.292885
0.536042 0.462592 0.292885
0.536126 0.462880 0.292885
0.536211 0.463169 0.292885
0.536295 0.463458 0.292885
0.536380 0.463746 0.292885
0.536464 0.464035 0.292885
0.536549 0.464324 0.292885
0.536634 0.464612 0.292885
0.536718 0.464901 0.292885
0.536803 0.465190 0.292885
0.536887 0.465478 0.292885
0.536972 0.465767 0.292885
0.537056 0.466056 0.292885
0.537141 0.466344 0.292885
0.537225 0.466633 0.292885
0.537310 0.466922 0.292885
0.537394 0.467210 0.292885
0.537479 0.467499 0.292885
0.537563 0.467788 0.292884
0.537648 0.468076 0.292884
0.537732 0.468365 0.292884
0.537817 0.468654 0.292884
0.537901 0.468942 0.292884
0.537986 0.469231 0.292884
0.538070 0.469520 0.292884
0.538155 0.469808 0.292884
0.538239 0.470097 0.292884
0.538324 0.470385 0.292884
0.538409 0.470674 0.292884
0.538493 0.470963 0.292884
0.538578 0.471251 0.292884
0.538662 0.471540 0.292884
0.538747 0.471829 0.292884
0.538831 0.472117 0.292884
0.538916 0.472406 0.292884
0.539000 0.472695 0.292884
0.539085 0.472983 0.292884
0.539169 0.473272 0.292884
0.539254 0.473561 0.292884
0.539338 0.473849 0.292884
0.539423 0.474138 0.292884
0.539507 0.474427 0.292884
0.539592 0.474715 0.292884
0.539676 0.475004 0.292883
0.539761 0.475293 0.292883
0.539845 0.475581 0.292883
0.539930 0.475870 0.292883
0.540014 0.476159 0.292883
0.540099 0.476447 0.292883
0.540184 0.476736 0.292883
0.540268 0.477025 0.292883
0.540353 0.477313 0.292883
0.540437 0.477602 0.292883
0.540522 0.477891 0.292883
0.540606 0.478179 0.292883
0.540691 0.478468 0.292883
0.540775 0.478757 0.292883
0.540860 0.479045 0.292883
0.540944 0.479334 0.292883
0.541029 0.479623 0.292883
0.541113 0.479911 0.292883
0.541198 0.480200 0.292883
0.541282 0.480489 0.292883
0.541367 0.480777 0.292883
0.541451 0.481066 0.292883
0.541536 0.481354 0.292883
0.541620 0.481643 0.292883
0.541705 0.481932 0.292883
0.541790 0.482220 0.292883
0.541874 0.482509 0.292883
0.541959 0.482798 0.292882
0.542043 0.483086 0.292882
0.542128 0.483375 0.292882
0.542212 0.483664 0.292882
0.542297 0.483952 0.292882
0.542381 0.484241 0.292882
0.542466 0.484530 0.292882
0.542550 0.484818 0.292882
0.542635 0.485107 0.292882
0.542719 0.485396 0.292882
0.542804 0.485684 0.292882
0.542888 0.485973 0.292882
0.542973 0.486262 0.292882
0.543057 0.486550 0.292882
0.543142 0.486839 0.292882
0.543226 0.487128 0.292882
0.543311 0.487416 0.292882
0.543396 0.487705 0.292882
0.543480 0.487994 0.292882
0.543565 0.488282 0.292882
0.543649 0.488571 0.292882
0.543734 0.488860 0.292882
0.543818 0.489148 0.292882
0.543903 0.489437 0.292882
0.543987 0.489726 0.292882
0.544072 0.490014 0.292882
0.544156 0.490303 0.292882
0.544241 0.490592 0.292882
0.544325 0.490880 0.292882
0.544410 0.491169 0.292881
0.544494 0.491458 0.292881
0.544579 0.491746 0.292881
0.544663 0.492035 0.292881
0.544748 0.492324 0.292881
0.544832 0.492612 0.292881
0.544917 0.492901 0.292881
0.545002 0.493189 0.292881
0.545086 0.493478 0.292881
0.545171 0.493767 0.292881
0.545255 0.494055 0.292881
0.545340 0.494344 0.292881
0.545424 0.494633 0.292881
0.545509 0.494921 0.292881
0.545593 0.495210 0.292881
0.545678 0.495499 0.292881
0.545762 0.495787 0.292881
0.545847 0.496076 0.292881
0.545931 0.496365 0.292881
0.546016 0.496653 0.292881
0.546100 0.496942 0.292881
0.546185 0.497231 0.292881
0.546269 0.497519 0.292881
0.546354 0.497808 0.292881
0.546438 0.498097 0.292881
0.546523 0.498385 0.292881
0.546608 0.498674 0.292881
0.546692 0.498963 0.292881
0.546777 0.499251 0.292881
0.546861 0.499540 0.292881
0.546946 0.499829 0.292881
0.547030 0.500117 0.292881
0.547115 0.500406 0.292880
0.547199 0.500695 0.292880
0.547284 0.500983 0.292880
0.547368 0.501272 0.292880
0.547453 0.501561 0.292880
0.547537 0.501849 0.292880
0.547622 0.502138 0.292880
0.547706 0.502427 0.292880
0.547791 0.502715 0.292880
0.547875 0.503004 0.292880
0.547960 0.503293 0.292880
0.548044 0.503581 0.292880
0.548129 0.503870 0.292880
0.548214 0.504158 0.292880
0.548298 0.504447 0.292880
0.548383 0.504736 0.292880
0.548467 0.505024 0.292880
0.548552 0.505313 0.292880
0.548636 0.505602 0.292880
0.548721 0.505890 0.292880
0.548805 0.506179 0.292880
0.548890 0.506468 0.292880
0.548974 0.506756 0.292880
0.549059 0.507045 0.292880
0.549143 0.507334 0.292880
0.549228 0.507622 0.292880
0.549312 0.507911 0.292880
0.549397 0.508200 0.292880
0.549481 0.508488 0.292880
0.549566 0.508777 0.292880
0.549651 0.509066 0.292880
0.549735 0.509354 0.292880
0.549820 0.509643 0.292880
0.549904 0.509932 0.292880
0.549989 0.510220 0.292880
0.550073 0.510509 0.292880
0.550158 0.510798 0.292879
0.550242 0.511086 0.292879
0.550327 0.511375 0.292879
0.550411 0.511664 0.292879
0.550496 0.511952 0.292879
0.550580 0.512241 0.292879
0.550665 0.512530 0.292879
0.550749 0.512818 0.292879
0.550834 0.513107 0.292879
0.550918 0.513396 0.292879
0.551003 0.513684 0.292879
0.551088 0.513973 0.292879
0.551172 0.514262 0.292879
0.551257 0.514550 0.292879
0.551341 0.514839 0.292879
0.551426 0.515128 0.292879
0.551510 0.515416 0.292879
0.551595 0.515705 0.292879
0.551679 0.515993 0.292879
0.551764 0.516282 0.292879
0.551848 0.516571 0.292879
0.551933 0.516859 0.292879
0.552017 0.517148 0.292879
0.552102 0.517437 0.292879
0.552186 0.517725 0.292879
0.552271 0.518014 0.292879
0.552355 0.518303 0.292879
0.552440 0.518591 0.292879
0.552525 0.518880 0.292879
0.552609 0.519169 0.292879
0.552694 0.519457 0.292879
0.552778 0.519746 0.292879
0.552863 0.520035 0.292879
0.552947 0.520323 0.292879
0.553032 0.520612 0.292879
0.553116 0.520901 0.292879
0.553201 0.521189 0.292879
0.553285 0.521478 0.292879
0.553370 0.521767 0.292879
0.553454 0.522055 0.292878
0.553539 0.522344 0.292878
0.553623 0.522633 0.292878
0.553708 0.522921 0.292878
0.553792 0.523210 0.292878
0.553877 0.523499 0.292878
0.553962 0.523787 0.292878
0.554046 0.524076 0.292878
0.554131 0.524365 0.292878
0.554215 0.524653 0.292878
0.554300 0.524942 0.292878
0.554384 0.525231 0.292878
0.554469 0.525519 0.292878
0.554553 0.525808 0.292878
0.554638 0.526097 0.292878
0.554722 0.526385 0.292878
0.554807 0.526674 0.292878
0.554891 0.526962 0.292878
0.554976 0.527251 0.292878
0.555060 0.527540 0.292878
0.555145 0.527828 0.292878
0.555229 0.528117 0.292878
0.555314 0.528406 0.292878
0.555399 0.528694 0.292878
0.555483 0.528983 0.292878
0.555568 0.529272 0.292878
0.555652 0.529560 0.292878
0.555737 0.529849 0.292878
0.555821 0.530138 0.292878
0.555906 0.530426 0.292878
0.555990 0.530715 0.292878
0.556075 0.531004 0.292878
0.556159 0.531292 0.292878
0.556244 0.531581 0.292878
0.556328 0.531870 0.292878
0.556413 0.532158 0.292878
0.556497 0.532447 0.292878
0.556582 0.532736 0.292878
0.556666 0.533024 0.292878
0.556751 0.533313 0.292878
0.556836 0.533602 0.292878
0.556920 0.533890 0.292878
0.557005 0.534179 0.292878
0.557089 0.534468 0.292878
0.557174 0.534756 0.292878
0.557258 0.535045 0.292877
0.557343 0.535334 0.292877
0.557427 0.535622 0.292877
0.557512 0.535911 0.292877
0.557596 0.536200 0.292877
0.557681 0.536488 0.292877
0.557765 0.536777 0.292877
0.557850 0.537066 0.292877
0.557934 0.537354 0.292877
0.558019 0.537643 0.292877
0.558103 0.537932 0.292877
0.558188 0.538220 0.292877
0.558273 0.538509 0.292877
0.558357 0.538797 0.292877
0.558442 0.539086 0.292877
0.558526 0.539375 0.292877
0.558611 0.539663 0.292877
0.558695 0.539952 0.292877
0.558780 0.540241 0.292877
0.558864 0.540529 0.292877
0.558949 0.540818 0.292877
0.559033 0.541107 0.292877
0.559118 0.541395 0.292877
0.559202 0.541684 0.292877
0.559287 0.541973 0.292877
0.559371 0.542261 0.292877
0.559456 0.542550 0.292877
0.559540 0.542839 0.292877
0.559625 0.543127 0.292877
0.559710 0.543416 0.292877
0.559794 0.543705 0.292877
0.559879 0.543993 0.292877
0.559963 0.544282 0.292877
0.560048 0.544571 0.292877
0.560132 0.544859 0.292877
0.560217 0.545148 0.292877
0.560301 0.545437 0.292877
0.560386 0.545725 0.292877
0.560470 0.546014 0.292877
0.560555 0.546303 0.292877
0.560639 0.546591 0.292877
0.560724 0.546880 0.292877
0.560808 0.547169 0.292877
0.560893 0.547457 0.292877
0.560978 0.547746 0.292877
0.561062 0.548035 0.292877
0.561147 0.548323 0.292877
0.561231 0.548612 0.292877
0.561316 0.548901 0.292877
0.561400 0.549189 0.292877
0.561485 0.549478 0.292876
0.561569 0.549766 0.292876
0.561654 0.550055 0.292876
0.561738 0.550344 0.292876
0.561823 0.550632 0.292876
0.561907 0.550921 0.292876
0.561992 0.551210 0.292876
0.562076 0.551498 0.292876
0.562161 0.551787 0.292876
0.562245 0.552076 0.292876
0.562330 0.552364 0.292876
0.562415 0.552653 0.292876
0.562499 0.552942 0.292876
0.562584 0.553230 0.292876
0.562668 0.553519 0.292876
0.562753 0.553808 0.292876
0.562837 0.554096 0.292876
0.562922 0.554385 0.292876
0.563006 0.554674 0.292876
0.563091 0.554962 0.292876
0.563175 0.555251 0.292876
0.563260 0.555540 0.292876
0.563344 0.555828 0.292876
0.563429 0.556117 0.292876
0.563513 0.556406 0.292876
0.563598 0.556694 0.292876
0.563683 0.556983 0.292876
0.563767 0.557272 0.292876
0.563852 0.557560 0.292876
0.563936 0.557849 0.292876
0.564021 0.558138 0.292876
0.564105 0.558426 0.292876
0.564190 0.558715 0.292876
0.564274 0.559004 0.292876
0.564359 0.559292 0.292876
0.564443 0.559581 0.292876
0.564528 0.559870 0.292876
0.564612 0.560158 0.292876
0.564697 0.560447 0.292876
0.564781 0.560736 0.292876
0.564866 0.561024 0.292876
0.564950 0.561313 0.292876
0.565035 0.561601 0.292876
0.565120 0.561890 0.292876
0.565204 0.562179 0.292876
0.565289 0.562467 0.292876
0.565373 0.562756 0.292876
0.565458 0.563045 0.292876
0.565542 0.563333 0.292876
0.565627 0.563622 0.292876
0.565711 0.563911 0.292876
0.565796 0.564199 0.292876
0.565880 0.564488 0.292876
0.565965 0.564777 0.292876
0.566049 0.565065 0.292876
0.566134 0.565354 0.292876
0.566218 0.565643 0.292876
0.566303 0.565931 0.292876
0.566388 0.566220 0.292875
0.566472 0.566509 0.292875
0.566557 0.566797 0.292875
0.566641 0.567086 0.292875
0.566726 0.567375 0.292875
0.566810 0.567663 0.292875
0.566895 0.567952 0.292875
0.566979 0.568241 0.292875
0.567064 0.568529 0.292875
0.567148 0.568818 0.292875
0.567233 0.569107 0.292875
0.567317 0.569395 0.292875
0.567402 0.569684 0.292875
0.567486 0.569973 0.292875
0.567571 0.570261 0.292875
0.567655 0.570550 0.292875
0.567740 0.570839 0.292875
0.567825 0.571127 0.292875
0.567909 0.571416 0.292875
0.567994 0.571705 0.292875
0.568078 0.571993 0.292875
0.568163 0.572282 0.292875
0.568247 0.572570 0.292875
0.568332 0.572859 0.292875
0.568416 0.573148 0.292875
0.568501 0.573436 0.292875
0.568585 0.573725 0.292875
0.568670 0.574014 0.292875
0.568754 0.574302 0.292875
0.568839 0.574591 0.292875
0.568923 0.574880 0.292875
0.569008 0.575168 0.292875
0.569093 0.575457 0.292875
0.569177 0.575746 0.292875
0.569262 0.576034 0.292875
0.569346 0.576323 0.292875
0.569431 0.576612 0.292875
0.569515 0.576900 0.292875
0.569600 0.577189 0.292875
0.569684 0.577478 0.292875
0.569769 0.577766 0.292875
0.569853 0.578055 0.292875
0.569938 0.578344 0.292875
0.570022 0.578632 0.292875
0.570107 0.578921 0.292875
0.570191 0.579210 0.292875
0.570276 0.579498 0.292875
0.570361 0.579787 0.292875
0.570445 0.580076 0.292875
0.570530 0.580364 0.292875
0.570614 0.580653 0.292875
0.570699 0.580942 0.292875
0.570783 0.581230 0.292875
0.570868 0.581519 0.292875
0.570952 0.581808 0.292875
0.571037 0.582096 0.292875
0.571121 0.582385 0.292875
0.571206 0.582674 0.292875
0.571290 0.582962 0.292875
0.571375 0.583251 0.292875
0.571459 0.583540 0.292875
0.571544 0.583828 0.292875
0.571629 0.584117 0.292875
0.571713 0.584405 0.292875
0.571798 0.584694 0.292875
0.571882 0.584983 0.292875
0.571967 0.585271 0.292875
0.572051 0.585560 0.292874
0.572136 0.585849 0.292874
0.572220 0.586137 0.292874
0.572305 0.586426 0.292874
0.572389 0.586715 0.292874
0.572474 0.587003 0.292874
0.572558 0.587292 0.292874
0.572643 0.587581 0.292874
0.572727 0.587869 0.292874
0.572812 0.588158 0.292874
0.572897 0.588447 0.292874
0.572981 0.588735 0.292874
0.573066 0.589024 0.292874
0.573150 0.589313 0.292874
0.573235 0.589601 0.292874
0.573319 0.589890 0.292874
0.573404 0.590179 0.292874
0.573488 0.590467 0.292874
0.573573 0.590756 0.292874
0.573657 0.591045 0.292874
0.573742 0.591333 0.292874
0.573826 0.591622 0.292874
0.573911 0.591911 0.292874
0.573995 0.592199 0.292874
0.574080 0.592488 0.292874
0.574165 0.592777 0.292874
0.574249 0.593065 0.292874
0.574334 0.593354 0.292874
0.574418 0.593643 0.292874
0.574503 0.593931 0.292874
0.574587 0.594220 0.292874
0.574672 0.594509 0.292874
0.574756 0.594797 0.292874
0.574841 0.595086 0.292874
0.574925 0.595374 0.292874
0.575010 0.595663 0.292874
0.575094 0.595952 0.292874
0.575179 0.596240 0.292874
0.575263 0.596529 0.292874
0.575348 0.596818 0.292874
0.575432 0.597106 0.292874
0.575517 0.597395 0.292874
0.575602 0.597684 0.292874
0.575686 0.597972 0.292874
0.575771 0.598261 0.292874
0.575855 0.598550 0.292874
0.575940 0.598838 0.292874
0.576024 0.599127 0.292874
0.576109 0.599416 0.292874
0.576193 0.599704 0.292874
0.576278 0.599993 0.292874
0.576362 0.600282 0.292874
0.576447 0.600570 0.292874
0.576531 0.600859 0.292874
0.576616 0.601148 0.292874
0.576700 0.601436 0.292874
0.576785 0.601725 0.292874
0.576870 0.602014 0.292874
0.576954 0.602302 0.292874
0.577039 0.602591 0.292874
0.577123 0.602880 0.292874
0.577208 0.603168 0.292874
0.577292 0.603457 0.292874
0.577377 0.603746 0.292874
0.577461 0.604034 0.292874
0.577546 0.604323 0.292874
0.577630 0.604612 0.292874
0.577715 0.604900 0.292874
0.577799 0.605189 0.292874
0.577884 0.605478 0.292874
0.577968 0.605766 0.292874
0.578053 0.606055 0.292874
0.578138 0.606344 0.292874
0.578222 0.606632 0.292874
0.578307 0.606921 0.292874
0.578391 0.607209 0.292874
0.578476 0.607498 0.292874
0.578560 0.607787 0.292874
0.578645 0.608075 0.292874
0.578729 0.608364 0.292874
0.578814 0.608653 0.292874
0.578898 0.608941 0.292874
0.578983 0.609230 0.292873
0.579067 0.609519 0.292873
0.579152 0.609807 0.292873
0.579237 0.610096 0.292873
0.579321 0.610385 0.292873
0.579406 0.610673 0.292873
0.579490 0.610962 0.292873
0.579575 0.611251 0.292873
0.579659 0.611539 0.292873
0.579744 0.611828 0.292873
0.579828 0.612117 0.292873
0.579913 0.612405 0.292873
0.579997 0.612694 0.292873
0.580082 0.612983 0.292873
0.580166 0.613271 0.292873
0.580251 0.613560 0.292873
0.580335 0.613849 0.292873
0.580420 0.614137 0.292873
0.580505 0.614426 0.292873
0.580589 0.614715 0.292873
0.580674 0.615003 0.292873
0.580758 0.615292 0.292873
0.580843 0.615581 0.292873
0.580927 0.615869 0.292873
0.581012 0.616158 0.292873
0.581096 0.616447 0.292873
0.581181 0.616735 0.292873
0.581265 0.617024 0.292873
0.581350 0.617313 0.292873
0.581434 0.617601 0.292873
0.581519 0.617890 0.292873
0.581603 0.618178 0.292873
0.581688 0.618467 0.292873
0.581773 0.618756 0.292873
0.581857 0.619044 0.292873
0.581942 0.619333 0.292873
0.582026 0.619622 0.292873
0.582111 0.619910 0.292873
0.582195 0.620199 0.292873
0.582280 0.620488 0.292873
0.582364 0.620776 0.292873
0.582449 0.621065 0.292873
0.582533 0.621354 0.292873
0.582618 0.621642 0.292873
0.582702 0.621931 0.292873
0.582787 0.622220 0.292873
0.582871 0.622508 0.292873
0.582956 0.622797 0.292873
0.583041 0.623086 0.292873
0.583125 0.623374 0.292873
0.583210 0.623663 0.292873
0.583294 0.623952 0.292873
0.583379 0.624240 0.292873
0.583463 0.624529 0.292873
0.583548 0.624818 0.292873
0.583632 0.625106 0.292873
0.583717 0.625395 0.292873
0.583801 0.625684 0.292873
0.583886 0.625972 0.292873
0.583970 0.626261 0.292873
0.584055 0.626550 0.292873
0.584139 0.626838 0.292873
0.584224 0.627127 0.292873
0.584309 0.627416 0.292873
0.584393 0.627704 0.292873
0.584478 0.627993 0.292873
0.584562 0.628282 0.292873
0.584647 0.628570 0.292873
0.584731 0.628859 0.292873
0.584816 0.629148 0.292873
0.584900 0.629436 0.292873
0.584985 0.629725 0.292873
0.585069 0.630013 0.292873
0.585154 0.630302 0.292873
0.585238 0.630591 0.292873
0.585323 0.630879 0.292873
0.585407 0.631168 0.292873
0.585492 0.631457 0.292873
0.585577 0.631745 0.292873
0.585661 0.632034 0.292873
0.585746 0.632323 0.292873
0.585830 0.632611 0.292873
0.585915 0.632900 0.292873
0.585999 0.633189 0.292873
0.586084 0.633477 0.292873
0.586168 0.633766 0.292873
0.586253 0.634055 0.292873
0.586337 0.634343 0.292873
0.586422 0.634632 0.292873
0.586506 0.634921 0.292873
0.586591 0.635209 0.292873
0.586675 0.635498 0.292873
0.586760 0.635787 0.292873
0.586845 0.636075 0.292873
0.586929 0.636364 0.292873
0.587014 0.636653 0.292873
0.587098 0.636941 0.292873
0.587183 0.637230 0.292873
0.587267 0.637519 0.292873
0.587352 0.637807 0.292873
0.587436 0.638096 0.292873
0.587521 0.638385 0.292873
0.587605 0.638673 0.292872
0.587690 0.638962 0.292872
0.587774 0.639251 0.292872
0.587859 0.639539 0.292872
0.587944 0.639828 0.292872
0.588028 0.640117 0.292872
0.588113 0.640405 0.292872
0.588197 0.640694 0.292872
0.588282 0.640982 0.292872
0.588366 0.641271 0.292872
0.588451 0.641560 0.292872
0.588535 0.641848 0.292872
0.588620 0.642137 0.292872
0.588704 0.642426 0.292872
0.588789 0.642714 0.292872
0.588873 0.643003 0.292872
0.588958 0.643292 0.292872
0.589042 0.643580 0.292872
0.589127 0.643869 0.292872
0.589212 0.644158 0.292872
0.589296 0.644446 0.292872
0.589381 0.644735 0.292872
0.589465 0.645024 0.292872
0.589550 0.645312 0.292872
0.589634 0.645601 0.292872
0.589719 0.645890 0.292872
0.589803 0.646178 0.292872
0.589888 0.646467 0.292872
0.589972 0.646756 0.292872
0.590057 0.647044 0.292872
0.590141 0.647333 0.292872
0.590226 0.647622 0.292872
0.590310 0.647910 0.292872
0.590395 0.648199 0.292872
0.590480 0.648488 0.292872
0.590564 0.648776 0.292872
0.590649 0.649065 0.292872
0.590733 0.649354 0.292872
0.590818 0.649642 0.292872
0.590902 0.649931 0.292872
0.590987 0.650220 0.292872
0.591071 0.650508 0.292872
0.591156 0.650797 0.292872
0.591240 0.651086 0.292872
0.591325 0.651374 0.292872
0.591409 0.651663 0.292872
0.591494 0.651952 0.292872
0.591579 0.652240 0.292872
0.591663 0.652529 0.292872
0.591748 0.652817 0.292872
0.591832 0.653106 0.292872
0.591917 0.653395 0.292872
0.592001 0.653683 0.292872
0.592086 0.653972 0.292872
0.592170 0.654261 0.292872
0.592255 0.654549 0.292872
0.592339 0.654838 0.292872
0.592424 0.655127 0.292872
0.592508 0.655415 0.292872
0.592593 0.655704 0.292872
0.592677 0.655993 0.292872
0.592762 0.656281 0.292872
0.592847 0.656570 0.292872
0.592931 0.656859 0.292872
0.593016 0.657147 0.292872
0.593100 0.657436 0.292872
0.593185 0.657725 0.292872
0.593269 0.658013 0.292872
0.593354 0.658302 0.292872
0.593438 0.658591 0.292872
0.593523 0.658879 0.292872
0.593607 0.659168 0.292872
0.593692 0.659457 0.292872
0.593776 0.659745 0.292872
0.593861 0.660034 0.292872
0.593945 0.660323 0.292872
0.594030 0.660611 0.292872
0.594115 0.660900 0.292872
0.594199 0.661189 0.292872
0.594284 0.661477 0.292872
0.594368 0.661766 0.292872
0.594453 0.662055 0.292872
0.594537 0.662343 0.292872
0.594622 0.662632 0.292872
0.594706 0.662921 0.292872
0.594791 0.663209 0.292872
0.594875 0.663498 0.292872
0.594960 0.663786 0.292872
0.595044 0.664075 0.292872
0.595129 0.664364 0.292872
0.595214 0.664652 0.292872
0.595298 0.664941 0.292872
0.595383 0.665230 0.292872
0.595467 0.665518 0.292872
0.595552 0.665807 0.292872
0.595636 0.666096 0.292872
0.595721 0.666384 0.292872
0.595805 0.666673 0.292872
0.595890 0.666962 0.292872
0.595974 0.667250 0.292872
0.596059 0.667539 0.292872
0.596143 0.667828 0.292872
0.596228 0.668116 0.292872
0.596312 0.668405 0.292872
0.596397 0.668694 0.292872
0.596482 0.668982 0.292872
0.596566 0.669271 0.292872
0.596651 0.669560 0.292872
0.596735 0.669848 0.292872
0.596820 0.670137 0.292872
0.596904 0.670426 0.292872
0.596989 0.670714 0.292872
0.597073 0.671003 0.292872
0.597158 0.671292 0.292872
0.597242 0.671580 0.292872
0.597327 0.671869 0.292872
0.597411 0.672158 0.292872
0.597496 0.672446 0.292872
0.597581 0.672735 0.292872
0.597665 0.673024 0.292872
0.597750 0.673312 0.292872
0.597834 0.673601 0.292872
0.597919 0.673890 0.292872
0.598003 0.674178 0.292872
0.598088 0.674467 0.292872
0.598172 0.674756 0.292872
0.598257 0.675044 0.292872
0.598341 0.675333 0.292872
0.598426 0.675621 0.292872
0.598510 0.675910 0.292872
0.598595 0.676199 0.292872
0.598679 0.676487 0.292872
0.598764 0.676776 0.292872
0.598849 0.677065 0.292872
0.598933 0.677353 0.292871
0.599018 0.677642 0.292871
0.599102 0.677931 0.292871
0.599187 0.678219 0.292871
0.599271 0.678508 0.292871
0.599356 0.678797 0.292871
0.599440 0.679085 0.292871
0.599525 0.679374 0.292871
0.599609 0.679663 0.292871
0.599694 0.679951 0.292871
0.599778 0.680240 0.292871
0.599863 0.680529 0.292871
0.599947 0.680817 0.292871
0.600032 0.681106 0.292871
0.600117 0.681395 0.292871
0.600201 0.681683 0.292871
0.600286 0.681972 0.292871
0.600370 0.682261 0.292871
0.600455 0.682549 0.292871
0.600539 0.682838 0.292871
0.600624 0.683127 0.292871
0.600708 0.683415 0.292871
0.600793 0.683704 0.292871
0.600877 0.683993 0.292871
0.600962 0.684281 0.292871
0.601046 0.684570 0.292871
0.601131 0.684859 0.292871
0.601216 0.685147 0.292871
0.601300 0.685436 0.292871
0.601385 0.685725 0.292871
0.601469 0.686013 0.292871
0.601554 0.686302 0.292871
0.601638 0.686590 0.292871
0.601723 0.686879 0.292871
0.601807 0.687168 0.292871
0.601892 0.687456 0.292871
0.601976 0.687745 0.292871
0.602061 0.688034 0.292871
0.602145 0.688322 0.292871
0.602230 0.688611 0.292871
0.602314 0.688900 0.292871
0.602399 0.689188 0.292871
0.602484 0.689477 0.292871
0.602568 0.689766 0.292871
0.602653 0.690054 0.292871
0.602737 0.690343 0.292871
0.602822 0.690632 0.292871
0.602906 0.690920 0.292871
0.602991 0.691209 0.292871
0.603075 0.691498 0.292871
0.603160 0.691786 0.292871
0.603244 0.692075 0.292871
0.603329 0.692364 0.292871
0.603413 0.692652 0.292871
0.603498 0.692941 0.292871
0.603583 0.693230 0.292871
0.603667 0.693518 0.292871
0.603752 0.693807 0.292871
0.603836 0.694096 0.292871
0.603921 0.694384 0.292871
0.604005 0.694673 0.292871
0.604090 0.694962 0.292871
0.604174 0.695250 0.292871
0.604259 0.695539 0.292871
0.604343 0.695828 0.292871
0.604428 0.696116 0.292871
0.604512 0.696405 0.292871
0.604597 0.696694 0.292871
0.604681 0.696982 0.292871
0.604766 0.697271 0.292871
0.604851 0.697560 0.292871
0.604935 0.697848 0.292871
0.605020 0.698137 0.292871
0.605104 0.698425 0.292871
0.605189 0.698714 0.292871
0.605273 0.699003 0.292871
0.605358 0.699291 0.292871
0.605442 0.699580 0.292871
0.605527 0.699869 0.292871
0.605565 0.700000 0.292871
