0.540556 0.000578 0.000000
0.540556 0.000867 0.000000
0.540556 0.001156 0.000000
0.540556 0.001444 0.000000
0.540556 0.001733 0.000000
0.540556 0.002022 0.000000
0.540556 0.002311 0.000000
0.540556 0.002599 0.000000
0.540556 0.002888 0.000000
0.540556 0.003177 0.000000
0.540556 0.003466 0.000000
0.540556 0.003754 0.000000
0.540556 0.004043 0.000000
0.540556 0.004332 0.000000
0.540556 0.004621 0.000000
0.540556 0.004909 0.000000
0.540556 0.005198 0.000000
0.540556 0.005487 0.000000
0.540556 0.005776 0.000000
0.540556 0.006064 0.000000
0.540556 0.006353 0.000000
0.540556 0.006642 0.000000
0.540556 0.006931 0.000000
0.540556 0.007219 0.000000
0.540556 0.007508 0.000000
0.540556 0.007797 0.000000
0.540556 0.008086 0.000000
0.540556 0.008374 0.000000
0.540556 0.008663 0.000000
0.540556 0.008952 0.000000
0.540556 0.009241 0.000000
0.540556 0.009529 0.000000
0.540556 0.009818 0.000000
0.540556 0.010107 0.000000
0.540556 0.010396 0.000000
0.540556 0.010684 0.000000
0.540556 0.010973 0.000000
0.540556 0.011262 0.000000
0.540556 0.011551 0.000000
0.540556 0.011839 0.000000
0.540556 0.012128 0.000000
0.540556 0.012417 0.000000
0.540556 0.012706 0.000000
0.540556 0.012994 0.000000
0.540556 0.013283 0.000000
0.540556 0.013572 0.000000
0.540556 0.013861 0.000000
0.540556 0.014149 0.000000
0.540556 0.014438 0.000000
0.540556 0.014727 0.000000
0.540556 0.015016 0.000000
0.540556 0.015304 0.000000
0.540556 0.015593 0.000000
0.540556 0.015882 0.000000
0.540556 0.016171 0.000000
0.540556 0.016459 0.000000
0.540556 0.016748 0.000000
0.540556 0.017037 0.000000
0.540556 0.017326 0.000000
0.540556 0.017614 0.000000
0.540556 0.017903 0.000000
0.540556 0.018192 0.000000
0.540556 0.018481 0.000000
0.540556 0.018769 0.000000
0.540556 0.019058 0.000000
0.540556 0.019347 0.000000
0.540556 0.019636 0.000000
0.540556 0.019924 0.000000
0.540556 0.020213 0.000000
0.540556 0.020502 0.000000
0.540556 0.020791 0.000000
0.540556 0.021079 0.000000
0.540556 0.021368 0.000000
0.540556 0.021657 0.000000
0.540556 0.021946 0.000000
0.540556 0.022234 0.000000
0.540556 0.022523 0.000000
0.540556 0.022812 0.000000
0.540556 0.023101 0.000000
0.540556 0.023389 0.000000
0.540556 0.023678 0.000000
0.540556 0.023967 0.000000
0.540556 0.024256 0.000000
0.540556 0.024544 0.000000
0.540556 0.024833 0.000000
0.540556 0.025122 0.000000
0.540556 0.025411 0.000000
0.540556 0.025699 0.000000
0.540556 0.025988 0.000000
0.540556 0.026277 0.000000
0.540556 0.026566 0.000000
0.540556 0.026854 0.000000
0.540556 0.027143 0.000000
0.540556 0.027432 0.000000
0.540556 0.027721 0.000000
0.540556 0.028009 0.000000
0.540556 0.028298 0.000000
0.540556 0.028587 0.000000
0.540556 0.028876 0.000000
0.540556 0.029164 0.000000
0.540556 0.029453 0.000000
0.540556 0.029742 0.000000
0.540556 0.030031 0.000000
0.540556 0.030319 0.000000
0.540556 0.030608 0.000000
0.540556 0.030897 0.000000
0.540556 0.031186 0.000000
0.540556 0.031474 0.000000
0.540556 0.031763 0.000000
0.540556 0.032052 0.000000
0.540556 0.032341 0.000000
0.540556 0.032629 0.000000
0.540556 0.032918 0.000000
0.540556 0.033207 0.000000
0.540556 0.033496 0.000000
0.540556 0.033784 0.000000
0.540556 0.034073 0.000000
0.540556 0.034362 0.000000
0.540556 0.034651 0.000000
0.540556 0.034939 0.000000
0.540556 0.035228 0.000000
0.540556 0.035517 0.000000
0.540556 0.035806 0.000000
0.540556 0.036094 0.000000
0.540556 0.036383 0.000000
0.540556 0.036672 0.000000
0.540556 0.036961 0.000000
0.540556 0.037249 0.000000
0.540556 0.037538 0.000000
0.540556 0.037827 0.000000
0.540556 0.038116 0.000000
0.540556 0.038404 0.000000
0.540556 0.038693 0.000000
0.540556 0.038982 0.000000
0.540556 0.039271 0.000000
0.540556 0.039559 0.000000
0.540556 0.039848 0.000000
0.540556 0.040137 0.000000
0.540556 0.040426 0.000000
0.540556 0.040714 0.000000
0.540556 0.041003 0.000000
0.540556 0.041292 0.000000
0.540556 0.041581 0.000000
0.540556 0.041869 0.000000
0.540556 0.042158 0.000000
0.540556 0.042447 0.000000
0.540556 0.042736 0.000000
0.540556 0.043024 0.000000
0.540556 0.043313 0.000000
0.540556 0.043602 0.000000
0.540556 0.043891 0.000000
0.540556 0.044179 0.000000
0.540556 0.044468 0.000000
0.540556 0.044757 0.000000
0.540556 0.045046 0.000000
0.540556 0.045334 0.000000
0.540556 0.045623 0.000000
0.540556 0.045912 0.000000
0.540556 0.046201 0.000000
0.540556 0.046489 0.000000
0.540556 0.046778 0.000000
0.540556 0.047067 0.000000
0.540556 0.047356 0.000000
0.540556 0.047644 0.000000
0.540556 0.047933 0.000000
0.540556 0.048222 0.000000
0.540556 0.048511 0.000000
0.540556 0.048799 0.000000
0.540556 0.049088 0.000000
0.540556 0.049377 0.000000
0.540556 0.049665 0.000000
0.540556 0.049954 0.000000
0.540556 0.050243 0.000000
0.540556 0.050532 0.000000
0.540556 0.050820 0.000000
0.540556 0.051109 0.000000
0.540556 0.051398 0.000000
0.540556 0.051687 0.000000
0.540556 0.051975 0.000000
0.540556 0.052264 0.000000
0.540556 0.052553 0.000000
0.540556 0.052842 0.000000
0.540556 0.053130 0.000000
0.540556 0.053419 0.000000
0.540556 0.053708 0.000000
0.540556 0.053997 0.000000
0.540556 0.054285 0.000000
0.540556 0.054574 0.000000
0.540556 0.054863 0.000000
0.540556 0.055152 0.000000
0.540556 0.055440 0.000000
0.540556 0.055729 0.000000
0.540556 0.056018 0.000000
0.540556 0.056307 0.000000
0.540556 0.056595 0.000000
0.540556 0.056884 0.000000
0.540556 0.057173 0.000000
0.540556 0.057462 0.000000
0.540556 0.057750 0.000000
0.540556 0.058039 0.000000
0.540556 0.058328 0.000000
0.540556 0.058617 0.000000
0.540556 0.058905 0.000000
0.540556 0.059194 0.000000
0.540556 0.059483 0.000000
0.540556 0.059772 0.000000
0.540556 0.060060 0.000000
0.540556 0.060349 0.000000
0.540556 0.060638 0.000000
0.540556 0.060927 0.000000
0.540556 0.061215 0.000000
0.540556 0.061504 0.000000
0.540556 0.061793 0.000000
0.540556 0.062082 0.000000
0.540556 0.062370 0.000000
0.540556 0.062659 0.000000
0.540556 0.062948 0.000000
0.540556 0.063237 0.000000
0.540556 0.063525 0.000000
0.540556 0.063814 0.000000
0.540556 0.064103 0.000000
0.540556 0.064392 0.000000
0.540556 0.064680 0.000000
0.540556 0.064969 0.000000
0.540556 0.065258 0.000000
0.540556 0.065547 0.000000
0.540556 0.065835 0.000000
0.540556 0.066124 0.000000
0.540556 0.066413 0.000000
0.540556 0.066702 0.000000
0.540556 0.066990 0.000000
0.540556 0.067279 0.000000
0.540556 0.067568 0.000000
0.540556 0.067857 0.000000
0.540556 0.068145 0.000000
0.540556 0.068434 0.000000
0.540556 0.068723 0.000000
0.540556 0.069012 0.000000
0.540556 0.069300 0.000000
0.540556 0.069589 0.000000
0.540556 0.069878 0.000000
0.540556 0.070167 0.000000
0.540556 0.070455 0.000000
0.540556 0.070744 0.000000
0.540556 0.071033 0.000000
0.540556 0.071322 0.000000
0.540556 0.071610 0.000000
0.540556 0.071899 0.000000
0.540556 0.072188 0.000000
0.540556 0.072477 0.000000
0.540556 0.072765 0.000000
0.540556 0.073054 0.000000
0.540556 0.073343 0.000000
0.540556 0.073632 0.000000
0.540556 0.073920 0.000000
0.540556 0.074209 0.000000
0.540556 0.074498 0.000000
0.540556 0.074787 0.000000
0.540556 0.075075 0.000000
0.540556 0.075364 0.000000
0.540556 0.075653 0.000000
0.540556 0.075942 0.000000
0.540556 0.076230 0.000000
0.540556 0.076519 0.000000
0.540556 0.076808 0.000000
0.540556 0.077097 0.000000
0.540556 0.077385 0.000000
0.540556 0.077674 0.000000
0.540556 0.077963 0.000000
0.540556 0.078252 0.000000
0.540556 0.078540 0.000000
0.540556 0.078829 0.000000
0.540556 0.079118 0.000000
0.540556 0.079407 0.000000
0.540556 0.079695 0.000000
0.540556 0.079984 0.000000
0.540556 0.080273 0.000000
0.540556 0.080562 0.000000
0.540556 0.080850 0.000000
0.540556 0.081139 0.000000
0.540556 0.081428 0.000000
0.540556 0.081717 0.000000
0.540556 0.082005 0.000000
0.540556 0.082294 0.000000
0.540556 0.082583 0.000000
0.540556 0.082872 0.000000
0.540556 0.083160 0.000000
0.540556 0.083449 0.000000
0.540556 0.083738 0.000000
0.540556 0.084027 0.000000
0.540556 0.084315 0.000000
0.540556 0.084604 0.000000
0.540556 0.084893 0.000000
0.540556 0.085182 0.000000
0.540556 0.085470 0.000000
0.540556 0.085759 0.000000
0.540556 0.086048 0.000000
0.540556 0.086337 0.000000
0.540556 0.086625 0.000000
0.540556 0.086914 0.000000
0.540556 0.087203 0.000000
0.540556 0.087492 0.000000
0.540556 0.087780 0.000000
0.540556 0.088069 0.000000
0.540556 0.088358 0.000000
0.540556 0.088647 0.000000
0.540556 0.088935 0.000000
0.540556 0.089224 0.000000
0.540556 0.089513 0.000000
0.540556 0.089802 0.000000
0.540556 0.090090 0.000000
0.540556 0.090379 0.000000
0.540556 0.090668 0.000000
0.540556 0.090957 0.000000
0.540556 0.091245 0.000000
0.540556 0.091534 0.000000
0.540556 0.091823 0.000000
0.540556 0.092112 0.000000
0.540556 0.092400 0.000000
0.540556 0.092689 0.000000
0.540556 0.092978 0.000000
0.540556 0.093267 0.000000
0.540556 0.093555 0.000000
0.540556 0.093844 0.000000
0.540556 0.094133 0.000000
0.540556 0.094422 0.000000
0.540556 0.094710 0.000000
0.540556 0.094999 0.000000
0.540556 0.095288 0.000000
0.540556 0.095577 0.000000
0.540556 0.095865 0.000000
0.540556 0.096154 0.000000
0.540556 0.096443 0.000000
0.540556 0.096732 0.000000
0.540556 0.097020 0.000000
0.540556 0.097309 0.000000
0.540556 0.097598 0.000000
0.540556 0.097887 0.000000
0.540556 0.098175 0.000000
0.540556 0.098464 0.000000
0.540556 0.098753 0.000000
0.540556 0.099042 0.000000
0.540556 0.099330 0.000000
0.540556 0.099619 0.000000
0.540556 0.099908 0.000000
0.540556 0.100196 0.000000
0.540556 0.100485 0.000000
0.540556 0.100774 0.000000
0.540556 0.101063 0.000000
0.540556 0.101351 0.000000
0.540556 0.101640 0.000000
0.540556 0.101929 0.000000
0.540556 0.102218 0.000000
0.540556 0.102506 0.000000
0.540556 0.102795 0.000000
0.540556 0.103084 0.000000
0.540556 0.103373 0.000000
0.540556 0.103661 0.000000
0.540556 0.103950 0.000000
0.540556 0.104239 0.000000
0.540556 0.104528 0.000000
0.540556 0.104816 0.000000
0.540556 0.105105 0.000000
0.540556 0.105394 0.000000
0.540556 0.105683 0.000000
0.540556 0.105971 0.000000
0.540556 0.106260 0.000000
0.540556 0.106549 0.000000
0.540556 0.106838 0.000000
0.540556 0.107126 0.000000
0.540556 0.107415 0.000000
0.540556 0.107704 0.000000
0.540556 0.107993 0.000000
0.540556 0.108281 0.000000
0.540556 0.108570 0.000000
0.540556 0.108859 0.000000
0.540556 0.109148 0.000000
0.540556 0.109436 0.000000
0.540556 0.109725 0.000000
0.540556 0.110014 0.000000
0.540556 0.110303 0.000000
0.540556 0.110591 0.000000
0.540556 0.110880 0.000000
0.540556 0.111169 0.000000
0.540556 0.111458 0.000000
0.540556 0.111746 0.000000
0.540556 0.112035 0.000000
0.540556 0.112324 0.000000
0.540556 0.112613 0.000000
0.540556 0.112901 0.000000
0.540556 0.113190 0.000000
0.540556 0.113479 0.000000
0.540556 0.113768 0.000000
0.540556 0.114056 0.000000
0.540556 0.114345 0.000000
0.540556 0.114634 0.000000
0.540556 0.114923 0.000000
0.540556 0.115211 0.000000
0.540556 0.115500 0.000000
0.540556 0.115789 0.000000
0.540556 0.116078 0.000000
0.540556 0.116366 0.000000
0.540556 0.116655 0.000000
0.540556 0.116944 0.000000
0.540556 0.117233 0.000000
0.540556 0.117521 0.000000
0.540556 0.117810 0.000000
0.540556 0.118099 0.000000
0.540556 0.118388 0.000000
0.540556 0.118676 0.000000
0.540556 0.118965 0.000000
0.540556 0.119254 0.000000
0.540556 0.119543 0.000000
0.540556 0.119831 0.000000
0.540556 0.120120 0.000000
0.540556 0.120409 0.000000
0.540556 0.120698 0.000000
0.540556 0.120986 0.000000
0.540556 0.121275 0.000000
0.540556 0.121564 0.000000
0.540556 0.121853 0.000000
0.540556 0.122141 0.000000
0.540556 0.122430 0.000000
0.540556 0.122719 0.000000
0.540556 0.123008 0.000000
0.540556 0.123296 0.000000
0.540556 0.123585 0.000000
0.540556 0.123874 0.000000
0.540556 0.124163 0.000000
0.540556 0.124451 0.000000
0.540556 0.124740 0.000000
0.540556 0.125029 0.000000
0.540556 0.125318 0.000000
0.540556 0.125606 0.000000
0.540556 0.125895 0.000000
0.540556 0.126184 0.000000
0.540556 0.126473 0.000000
0.540556 0.126761 0.000000
0.540556 0.127050 0.000000
0.540556 0.127339 0.000000
0.540556 0.127628 0.000000
0.540556 0.127916 0.000000
0.540556 0.128205 0.000000
0.540556 0.128494 0.000000
0.540556 0.128783 0.000000
0.540556 0.129071 0.000000
0.540556 0.129360 0.000000
0.540556 0.129649 0.000000
0.540556 0.129938 0.000000
0.540556 0.130226 0.000000
0.540556 0.130515 0.000000
0.540556 0.130804 0.000000
0.540556 0.131093 0.000000
0.540556 0.131381 0.000000
0.540556 0.131670 0.000000
0.540556 0.131959 0.000000
0.540556 0.132248 0.000000
0.540556 0.132536 0.000000
0.540556 0.132825 0.000000
0.540556 0.133114 0.000000
0.540556 0.133403 0.000000
0.540556 0.133691 0.000000
0.540556 0.133980 0.000000
0.540556 0.134269 0.000000
0.540556 0.134558 0.000000
0.540556 0.134846 0.000000
0.540556 0.135135 0.000000
0.540556 0.135424 0.000000
0.540556 0.135713 0.000000
0.540556 0.136001 0.000000
0.540556 0.136290 0.000000
0.540556 0.136579 0.000000
0.540556 0.136868 0.000000
0.540556 0.137156 0.000000
0.540556 0.137445 0.000000
0.540556 0.137734 0.000000
0.540556 0.138023 0.000000
0.540556 0.138311 0.000000
0.540556 0.138600 0.000000
0.540556 0.138889 0.000000
0.540556 0.139178 0.000000
0.540556 0.139466 0.000000
0.540556 0.139755 0.000000
0.540556 0.140044 0.000000
0.540556 0.140333 0.000000
0.540556 0.140621 0.000000
0.540556 0.140910 0.000000
0.540556 0.141199 0.000000
0.540556 0.141488 0.000000
0.540556 0.141776 0.000000
0.540556 0.142065 0.000000
0.540556 0.142354 0.000000
0.540556 0.142643 0.000000
0.540556 0.142931 0.000000
0.540556 0.143220 0.000000
0.540556 0.143509 0.000000
0.540556 0.143798 0.000000
0.540556 0.144086 0.000000
0.540556 0.144375 0.000000
0.540556 0.144664 0.000000
0.540556 0.144953 0.000000
0.540556 0.145241 0.000000
0.540556 0.145530 0.000000
0.540556 0.145819 0.000000
0.540556 0.146108 0.000000
0.540556 0.146396 0.000000
0.540556 0.146685 0.000000
0.540556 0.146974 0.000000
0.540556 0.147263 0.000000
0.540556 0.147551 0.000000
0.540556 0.147840 0.000000
0.540556 0.148129 0.000000
0.540556 0.148418 0.000000
0.540556 0.148706 0.000000
0.540556 0.148995 0.000000
0.540556 0.149284 0.000000
0.540556 0.149573 0.000000
0.540556 0.149861 0.000000
0.540556 0.150150 0.000000
0.540556 0.150439 0.000000
0.540556 0.150727 0.000000
0.540556 0.151016 0.000000
0.540556 0.151305 0.000000
0.540556 0.151594 0.000000
0.540556 0.151882 0.000000
0.540556 0.152171 0.000000
0.540556 0.152460 0.000000
0.540556 0.152749 0.000000
0.540556 0.153037 0.000000
0.540556 0.153326 0.000000
0.540556 0.153615 0.000000
0.540556 0.153904 0.000000
0.540556 0.154192 0.000000
0.540556 0.154481 0.000000
0.540556 0.154770 0.000000
0.540556 0.155059 0.000000
0.540556 0.155347 0.000000
0.540556 0.155636 0.000000
0.540556 0.155925 0.000000
0.540556 0.156214 0.000000
0.540556 0.156502 0.000000
0.540556 0.156791 0.000000
0.540556 0.157080 0.000000
0.540556 0.157369 0.000000
0.540556 0.157657 0.000000
0.540556 0.157946 0.000000
0.540556 0.158235 0.000000
0.540556 0.158524 0.000000
0.540556 0.158812 0.000000
0.540556 0.159101 0.000000
0.540556 0.159390 0.000000
0.540556 0.159679 0.000000
0.540556 0.159967 0.000000
0.540556 0.160256 0.000000
0.540556 0.160545 0.000000
0.540556 0.160834 0.000000
0.540556 0.161122 0.000000
0.540556 0.161411 0.000000
0.540556 0.161700 0.000000
0.540556 0.161989 0.000000
0.540556 0.162277 0.000000
0.540556 0.162566 0.000000
0.540556 0.162855 0.000000
0.540556 0.163144 0.000000
0.540556 0.163432 0.000000
0.540556 0.163721 0.000000
0.540556 0.164010 0.000000
0.540556 0.164299 0.000000
0.540556 0.164587 0.000000
0.540556 0.164876 0.000000
0.540556 0.165165 0.000000
0.540556 0.165454 0.000000
0.540556 0.165742 0.000000
0.540556 0.166031 0.000000
0.540556 0.166320 0.000000
0.540556 0.166609 0.000000
0.540556 0.166897 0.000000
0.540556 0.167186 0.000000
0.540556 0.167475 0.000000
0.540556 0.167764 0.000000
0.540556 0.168052 0.000000
0.540556 0.168341 0.000000
0.540556 0.168630 0.000000
0.540556 0.168919 0.000000
0.540556 0.169207 0.000000
0.540556 0.169496 0.000000
0.540556 0.169785 0.000000
0.540556 0.170074 0.000000
0.540556 0.170362 0.000000
0.540556 0.170651 0.000000
0.540556 0.170940 0.000000
0.540556 0.171229 0.000000
0.540556 0.171517 0.000000
0.540556 0.171806 0.000000
0.540556 0.172095 0.000000
0.540556 0.172384 0.000000
0.540556 0.172672 0.000000
0.540556 0.172961 0.000000
0.540556 0.173250 0.000000
0.540556 0.173539 0.000000
0.540556 0.173827 0.000000
0.540556 0.174116 0.000000
0.540556 0.174405 0.000000
0.540556 0.174694 0.000000
0.540556 0.174982 0.000000
0.540556 0.175271 0.000000
0.540556 0.175560 0.000000
0.540556 0.175849 0.000000
0.540556 0.176137 0.000000
0.540556 0.176426 0.000000
0.540556 0.176715 0.000000
0.540556 0.177004 0.000000
0.540556 0.177292 0.000000
0.540556 0.177581 0.000000
0.540556 0.177870 0.000000
0.540556 0.178159 0.000000
0.540556 0.178447 0.000000
0.540556 0.178736 0.000000
0.540556 0.179025 0.000000
0.540556 0.179314 0.000000
0.540556 0.179602 0.000000
0.540556 0.179891 0.000000
0.540556 0.180180 0.000000
0.540556 0.180469 0.000000
0.540556 0.180757 0.000000
0.540556 0.181046 0.000000
0.540556 0.181335 0.000000
0.540556 0.181624 0.000000
0.540556 0.181912 0.000000
0.540556 0.182201 0.000000
0.540556 0.182490 0.000000
0.540556 0.182779 0.000000
0.540556 0.183067 0.000000
0.540556 0.183356 0.000000
0.540556 0.183645 0.000000
0.540556 0.183934 0.000000
0.540556 0.184222 0.000000
0.540556 0.184511 0.000000
0.540556 0.184800 0.000000
0.540556 0.185089 0.000000
0.540556 0.185377 0.000000
0.540556 0.185666 0.000000
0.540556 0.185955 0.000000
0.540556 0.186244 0.000000
0.540556 0.186532 0.000000
0.540556 0.186821 0.000000
0.540556 0.187110 0.000000
0.540556 0.187399 0.000000
0.540556 0.187687 0.000000
0.540556 0.187976 0.000000
0.540556 0.188265 0.000000
0.540556 0.188554 0.000000
0.540556 0.188842 0.000000
0.540556 0.189131 0.000000
0.540556 0.189420 0.000000
0.540556 0.189709 0.000000
0.540556 0.189997 0.000000
0.540556 0.190286 0.000000
0.540556 0.190575 0.000000
0.540556 0.190864 0.000000
0.540556 0.191152 0.000000
0.540556 0.191441 0.000000
0.540556 0.191730 0.000000
0.540556 0.192019 0.000000
0.540556 0.192307 0.000000
0.540556 0.192596 0.000000
0.540556 0.192885 0.000000
0.540556 0.193174 0.000000
0.540556 0.193462 0.000000
0.540556 0.193751 0.000000
0.540556 0.194040 0.000000
0.540556 0.194329 0.000000
0.540556 0.194617 0.000000
0.540556 0.194906 0.000000
0.540556 0.195195 0.000000
0.540556 0.195484 0.000000
0.540556 0.195772 0.000000
0.540556 0.196061 0.000000
0.540556 0.196350 0.000000
0.540556 0.196639 0.000000
0.540556 0.196927 0.000000
0.540556 0.197216 0.000000
0.540556 0.197505 0.000000
0.540556 0.197794 0.000000
0.540556 0.198082 0.000000
0.540556 0.198371 0.000000
0.540556 0.198660 0.000000
0.540556 0.198949 0.000000
0.540556 0.199237 0.000000
0.540556 0.199526 0.000000
0.540556 0.199815 0.000000
0.540556 0.200104 0.000000
0.540556 0.200392 0.000000
0.540556 0.200681 0.000000
0.540556 0.200970 0.000000
0.540556 0.201258 0.000000
0.540556 0.201547 0.000000
0.540556 0.201836 0.000000
0.540556 0.202125 0.000000
0.540556 0.202413 0.000000
0.540556 0.202702 0.000000
0.540556 0.202991 0.000000
0.540556 0.203280 0.000000
0.540556 0.203568 0.000000
0.540556 0.203857 0.000000
0.540556 0.204146 0.000000
0.540556 0.204435 0.000000
0.540556 0.204723 0.000000
0.540556 0.205012 0.000000
0.540556 0.205301 0.000000
0.540556 0.205590 0.000000
0.540556 0.205878 0.000000
0.540556 0.206167 0.000000
0.540556 0.206456 0.000000
0.540556 0.206745 0.000000
0.540556 0.207033 0.000000
0.540556 0.207322 0.000000
0.540556 0.207611 0.000000
0.540556 0.207900 0.000000
0.540556 0.208188 0.000000
0.540556 0.208477 0.000000
0.540556 0.208766 0.000000
0.540556 0.209055 0.000000
0.540556 0.209343 0.000000
0.540556 0.209632 0.000000
0.540556 0.209921 0.000000
0.540556 0.210210 0.000000
0.540556 0.210498 0.000000
0.540556 0.210787 0.000000
0.540556 0.211076 0.000000
0.540556 0.211365 0.000000
0.540556 0.211653 0.000000
0.540556 0.211942 0.000000
0.540556 0.212231 0.000000
0.540556 0.212520 0.000000
0.540556 0.212808 0.000000
0.540556 0.213097 0.000000
0.540556 0.213386 0.000000
0.540556 0.213675 0.000000
0.540556 0.213963 0.000000
0.540556 0.214252 0.000000
0.540556 0.214541 0.000000
0.540556 0.214830 0.000000
0.540556 0.215118 0.000000
0.540556 0.215407 0.000000
0.540556 0.215696 0.000000
0.540556 0.215985 0.000000
0.540556 0.216273 0.000000
0.540556 0.216562 0.000000
0.540556 0.216851 0.000000
0.540556 0.217140 0.000000
0.540556 0.217428 0.000000
0.540556 0.217717 0.000000
0.540556 0.218006 0.000000
0.540556 0.218295 0.000000
0.540556 0.218583 0.000000
0.540556 0.218872 0.000000
0.540556 0.219161 0.000000
0.540556 0.219450 0.000000
0.540556 0.219738 0.000000
0.540556 0.220027 0.000000
0.540556 0.220316 0.000000
0.540556 0.220605 0.000000
0.540556 0.220893 0.000000
0.540556 0.221182 0.000000
0.540556 0.221471 0.000000
0.540556 0.221760 0.000000
0.540556 0.222048 0.000000
0.540556 0.222337 0.000000
0.540556 0.222626 0.000000
0.540556 0.222915 0.000000
0.540556 0.223203 0.000000
0.540556 0.223492 0.000000
0.540556 0.223781 0.000000
0.540556 0.224070 0.000000
0.540556 0.224358 0.000000
0.540556 0.224647 0.000000
0.540556 0.224936 0.000000
0.540556 0.225225 0.000000
0.540556 0.225513 0.000000
0.540556 0.225802 0.000000
0.540556 0.226091 0.000000
0.540556 0.226380 0.000000
0.540556 0.226668 0.000000
0.540556 0.226957 0.000000
0.540556 0.227246 0.000000
0.540556 0.227535 0.000000
0.540556 0.227823 0.000000
0.540556 0.228112 0.000000
0.540556 0.228401 0.000000
0.540556 0.228690 0.000000
0.540556 0.228978 0.000000
0.540556 0.229267 0.000000
0.540556 0.229556 0.000000
0.540556 0.229845 0.000000
0.540556 0.230133 0.000000
0.540556 0.230422 0.000000
0.540556 0.230711 0.000000
0.540556 0.231000 0.000000
0.540556 0.231288 0.000000
0.540556 0.231577 0.000000
0.540556 0.231866 0.000000
0.540556 0.232155 0.000000
0.540556 0.232443 0.000000
0.540556 0.232732 0.000000
0.540556 0.233021 0.000000
0.540556 0.233310 0.000000
0.540556 0.233598 0.000000
0.540556 0.233887 0.000000
0.540556 0.234176 0.000000
0.540556 0.234465 0.000000
0.540556 0.234753 0.000000
0.540556 0.235042 0.000000
0.540556 0.235331 0.000000
0.540556 0.235620 0.000000
0.540556 0.235908 0.000000
0.540556 0.236197 0.000000
0.540556 0.236486 0.000000
0.540556 0.236775 0.000000
0.540556 0.237063 0.000000
0.540556 0.237352 0.000000
0.540556 0.237641 0.000000
0.540556 0.237930 0.000000
0.540556 0.238218 0.000000
0.540556 0.238507 0.000000
0.540556 0.238796 0.000000
0.540556 0.239085 0.000000
0.540556 0.239373 0.000000
0.540556 0.239662 0.000000
0.540556 0.239951 0.000000
0.540556 0.240240 0.000000
0.540556 0.240528 0.000000
0.540556 0.240817 0.000000
0.540556 0.241106 0.000000
0.540556 0.241395 0.000000
0.540556 0.241683 0.000000
0.540556 0.241972 0.000000
0.540556 0.242261 0.000000
0.540556 0.242550 0.000000
0.540556 0.242838 0.000000
0.540556 0.243127 0.000000
0.540556 0.243416 0.000000
0.540556 0.243705 0.000000
0.540556 0.243993 0.000000
0.540556 0.244282 0.000000
0.540556 0.244571 0.000000
0.540556 0.244860 0.000000
0.540556 0.245148 0.000000
0.540556 0.245437 0.000000
0.540556 0.245726 0.000000
0.540556 0.246015 0.000000
0.540556 0.246303 0.000000
0.540556 0.246592 0.000000
0.540556 0.246881 0.000000
0.540556 0.247170 0.000000
0.540556 0.247458 0.000000
0.540556 0.247747 0.000000
0.540556 0.248036 0.000000
0.540556 0.248325 0.000000
0.540556 0.248613 0.000000
0.540556 0.248902 0.000000
0.540556 0.249191 0.000000
0.540556 0.249480 0.000000
0.540556 0.249768 0.000000
0.540556 0.250057 0.000000
0.540556 0.250346 0.000000
0.540556 0.250635 0.000000
0.540556 0.250923 0.000000
0.540556 0.251212 0.000000
0.540556 0.251501 0.000000
0.540556 0.251789 0.000000
0.540556 0.252078 0.000000
0.540556 0.252367 0.000000
0.540556 0.252656 0.000000
0.540556 0.252944 0.000000
0.540556 0.253233 0.000000
0.540556 0.253522 0.000000
0.540556 0.253811 0.000000
0.540556 0.254099 0.000000
0.540556 0.254388 0.000000
0.540556 0.254677 0.000000
0.540556 0.254966 0.000000
0.540556 0.255254 0.000000
0.540556 0.255543 0.000000
0.540556 0.255832 0.000000
0.540556 0.256121 0.000000
0.540556 0.256409 0.000000
0.540556 0.256698 0.000000
0.540556 0.256987 0.000000
0.540556 0.257276 0.000000
0.540556 0.257564 0.000000
0.540556 0.257853 0.000000
0.540556 0.258142 0.000000
0.540556 0.258431 0.000000
0.540556 0.258719 0.000000
0.540556 0.259008 0.000000
0.540556 0.259297 0.000000
0.540556 0.259586 0.000000
0.540556 0.259874 0.000000
0.540556 0.260163 0.000000
0.540556 0.260452 0.000000
0.540556 0.260741 0.000000
0.540556 0.261029 0.000000
0.540556 0.261318 0.000000
0.540556 0.261607 0.000000
0.540556 0.261896 0.000000
0.540556 0.262184 0.000000
0.540556 0.262473 0.000000
0.540556 0.262762 0.000000
0.540556 0.263051 0.000000
0.540556 0.263339 0.000000
0.540556 0.263628 0.000000
0.540556 0.263917 0.000000
0.540556 0.264206 0.000000
0.540556 0.264494 0.000000
0.540556 0.264783 0.000000
0.540556 0.265072 0.000000
0.540556 0.265361 0.000000
0.540556 0.265649 0.000000
0.540556 0.265938 0.000000
0.540556 0.266227 0.000000
0.540556 0.266516 0.000000
0.540556 0.266804 0.000000
0.540556 0.267093 0.000000
0.540556 0.267382 0.000000
0.540556 0.267671 0.000000
0.540556 0.267959 0.000000
0.540556 0.268248 0.000000
0.540556 0.268537 0.000000
0.540556 0.268826 0.000000
0.540556 0.269114 0.000000
0.540556 0.269403 0.000000
0.540556 0.269692 0.000000
0.540556 0.269981 0.000000
0.540556 0.270269 0.000000
0.540556 0.270558 0.000000
0.540556 0.270847 0.000000
0.540556 0.271136 0.000000
0.540556 0.271424 0.000000
0.540556 0.271713 0.000000
0.540556 0.272002 0.000000
0.540556 0.272291 0.000000
0.540556 0.272579 0.000000
0.540556 0.272868 0.000000
0.540556 0.273157 0.000000
0.540556 0.273446 0.000000
0.540556 0.273734 0.000000
0.540556 0.274023 0.000000
0.540556 0.274312 0.000000
0.540556 0.274601 0.000000
0.540556 0.274889 0.000000
0.540556 0.275178 0.000000
0.540556 0.275467 0.000000
0.540556 0.275756 0.000000
0.540556 0.276044 0.000000
0.540556 0.276333 0.000000
0.540556 0.276622 0.000000
0.540556 0.276911 0.000000
0.540556 0.277199 0.000000
0.540556 0.277488 0.000000
0.540556 0.277777 0.000000
0.540556 0.278066 0.000000
0.540556 0.278354 0.000000
0.540556 0.278643 0.000000
0.540556 0.278932 0.000000
0.540556 0.279221 0.000000
0.540556 0.279509 0.000000
0.540556 0.279798 0.000000
0.540556 0.280087 0.000000
0.540556 0.280376 0.000000
0.540556 0.280664 0.000000
0.540556 0.280953 0.000000
0.540556 0.281242 0.000000
0.540556 0.281531 0.000000
0.540556 0.281819 0.000000
0.540556 0.282108 0.000000
0.540556 0.282397 0.000000
0.540556 0.282686 0.000000
0.540556 0.282974 0.000000
0.540556 0.283263 0.000000
0.540556 0.283552 0.000000
0.540556 0.283841 0.000000
0.540556 0.284129 0.000000
0.540556 0.284418 0.000000
0.540556 0.284707 0.000000
0.540556 0.284996 0.000000
0.540556 0.285284 0.000000
0.540556 0.285573 0.000000
0.540556 0.285862 0.000000
0.540556 0.286151 0.000000
0.540556 0.286439 0.000000
0.540556 0.286728 0.000000
0.540556 0.287017 0.000000
0.540556 0.287306 0.000000
0.540556 0.287594 0.000000
0.540556 0.287883 0.000000
0.540556 0.288172 0.000000
0.540556 0.288461 0.000000
0.540556 0.288749 0.000000
0.540556 0.289038 0.000000
0.540556 0.289327 0.000000
0.540556 0.289616 0.000000
0.540556 0.289904 0.000000
0.540556 0.290193 0.000000
0.540556 0.290482 0.000000
0.540556 0.290771 0.000000
0.540556 0.291059 0.000000
0.540556 0.291348 0.000000
0.540556 0.291637 0.000000
0.540556 0.291926 0.000000
0.540556 0.292214 0.000000
0.540556 0.292503 0.000000
0.540556 0.292792 0.000000
0.540556 0.293081 0.000000
0.540556 0.293369 0.000000
0.540556 0.293658 0.000000
0.540556 0.293947 0.000000
0.540556 0.294236 0.000000
0.540556 0.294524 0.000000
0.540556 0.294813 0.000000
0.540556 0.295102 0.000000
0.540556 0.295391 0.000000
0.540556 0.295679 0.000001
0.540556 0.295968 0.000001
0.540556 0.296257 0.000001
0.540556 0.296546 0.000001
0.540556 0.296834 0.000001
0.540556 0.297123 0.000001
0.540556 0.297412 0.000002
0.540556 0.297701 0.000002
0.540556 0.297989 0.000002
0.540556 0.298278 0.000002
0.540556 0.298567 0.000003
0.540556 0.298856 0.000003
0.540556 0.299144 0.000004
0.540556 0.299433 0.000005
0.540556 0.299722 0.000005
0.540556 0.300011 0.000006
0.540556 0.300299 0.000007
0.540556 0.300588 0.000009
0.540556 0.300877 0.000010
0.540556 0.301166 0.000012
0.540556 0.301454 0.000014
0.540556 0.301743 0.000016
0.540556 0.302032 0.000019
0.540556 0.302321 0.000022
0.540556 0.302609 0.000026
0.540556 0.302898 0.000031
0.540556 0.303187 0.000036
0.540556 0.303475 0.000042
0.540556 0.303764 0.000049
0.540556 0.304053 0.000058
0.540556 0.304342 0.000068
0.540556 0.304630 0.000079
0.540556 0.304919 0.000093
0.540556 0.305208 0.000109
0.540556 0.305497 0.000127
0.540556 0.305785 0.000149
0.540556 0.306074 0.000174
0.540556 0.306363 0.000204
0.540556 0.306652 0.000238
0.540556 0.306940 0.000279
0.540556 0.307229 0.000326
0.540556 0.307518 0.000382
0.540556 0.307807 0.000447
0.540556 0.308095 0.000522
0.540556 0.308384 0.000611
0.540556 0.308673 0.000714
0.540556 0.308962 0.000835
0.540556 0.309250 0.000977
0.540556 0.309539 0.001142
0.540556 0.309828 0.001334
0.540556 0.310117 0.001559
0.540556 0.310405 0.001822
0.540556 0.310694 0.002128
0.540556 0.310983 0.002486
0.540556 0.311272 0.002902
0.540556 0.311560 0.003388
0.540556 0.311849 0.003953
0.540556 0.312138 0.004610
0.540556 0.312427 0.005374
0.540556 0.312715 0.006262
0.540556 0.313004 0.007291
0.540556 0.313293 0.008483
0.540556 0.313582 0.009863
0.540556 0.313870 0.011455
0.540556 0.314159 0.013290
0.540556 0.314448 0.015400
0.540556 0.314737 0.017819
0.540556 0.315025 0.020584
0.540556 0.315314 0.023733
0.540556 0.315603 0.027307
0.540556 0.315892 0.031345
0.540556 0.316180 0.035885
0.540556 0.316469 0.040961
0.540556 0.316758 0.046602
0.540556 0.317047 0.052830
0.540556 0.317335 0.059656
0.540556 0.317624 0.067079
0.540556 0.317913 0.075085
0.540556 0.318202 0.083642
0.540556 0.318490 0.092703
0.540556 0.318779 0.102206
0.540556 0.319068 0.112073
0.540556 0.319357 0.122214
0.540556 0.319645 0.132530
0.540556 0.319934 0.142918
0.540556 0.320223 0.153273
0.540556 0.320512 0.163494
0.540556 0.320800 0.173488
0.540556 0.321089 0.183169
0.540556 0.321378 0.192467
0.540556 0.321667 0.201323
0.540556 0.321955 0.209694
0.540556 0.322244 0.217549
0.540556 0.322533 0.224872
0.540556 0.322822 0.231657
0.540556 0.323110 0.237908
0.540556 0.323399 0.243638
0.540556 0.323688 0.248866
0.540556 0.323977 0.253616
0.540556 0.324265 0.257916
0.540556 0.324554 0.261794
0.540556 0.324843 0.265281
0.540556 0.325132 0.268408
0.540556 0.325420 0.271206
0.540556 0.325709 0.273704
0.540556 0.325998 0.275929
0.540556 0.326287 0.277908
0.540556 0.326575 0.279665
0.540556 0.326864 0.281224
0.540556 0.327153 0.282604
0.540556 0.327442 0.283826
0.540556 0.327730 0.284905
0.540556 0.328019 0.285859
0.540556 0.328308 0.286701
0.540556 0.328597 0.287443
0.540556 0.328885 0.288097
0.540556 0.329174 0.288674
0.540556 0.329463 0.289181
0.540556 0.329752 0.289628
0.540556 0.330040 0.290022
0.540556 0.330329 0.290367
0.540556 0.330618 0.290672
0.540556 0.330907 0.290939
0.540556 0.331195 0.291174
0.540556 0.331484 0.291381
0.540556 0.331773 0.291563
0.540556 0.332062 0.291722
0.540556 0.332350 0.291862
0.540556 0.332639 0.291985
0.540556 0.332928 0.292093
0.540556 0.333217 0.292188
0.540556 0.333505 0.292272
0.540556 0.333794 0.292345
0.540556 0.334083 0.292409
0.540556 0.334372 0.292465
0.540556 0.334660 0.292515
0.540556 0.334949 0.292558
0.540556 0.335238 0.292596
0.540556 0.335527 0.292630
0.540556 0.335815 0.292659
0.540556 0.336104 0.292685
0.540556 0.336393 0.292707
0.540556 0.336682 0.292727
0.540556 0.336970 0.292745
0.540556 0.337259 0.292760
0.540556 0.337548 0.292773
0.540556 0.337837 0.292785
0.540556 0.338125 0.292795
0.540556 0.338414 0.292804
0.540556 0.338703 0.292812
0.540556 0.338992 0.292819
0.540556 0.339280 0.292825
0.540556 0.339569 0.292831
0.540556 0.339858 0.292835
0.540556 0.340147 0.292839
0.540556 0.340435 0.292843
0.540556 0.340724 0.292846
0.540556 0.341013 0.292849
0.540556 0.341302 0.292851
0.540556 0.341590 0.292853
0.540556 0.341879 0.292855
0.540556 0.342168 0.292857
0.540556 0.342457 0.292858
0.540556 0.342745 0.292859
0.540556 0.343034 0.292861
0.540556 0.343323 0.292862
0.540556 0.343612 0.292862
0.540556 0.343900 0.292863
0.540556 0.344189 0.292864
0.540556 0.344478 0.292864
0.540556 0.344767 0.292865
0.540556 0.345055 0.292865
0.540556 0.345344 0.292866
0.540556 0.345633 0.292866
0.540556 0.345922 0.292866
0.540556 0.346210 0.292866
0.540556 0.346499 0.292867
0.540556 0.346788 0.292867
0.540556 0.347077 0.292867
0.540556 0.347365 0.292867
0.540556 0.347654 0.292867
0.540556 0.347943 0.292867
0.540556 0.348232 0.292868
0.540556 0.348520 0.292868
0.540556 0.348809 0.292868
0.540556 0.349098 0.292868
0.540556 0.349387 0.292868
0.540556 0.349675 0.292868
0.540556 0.349964 0.292868
0.540556 0.350253 0.292868
0.540556 0.350542 0.292868
0.540556 0.350830 0.292868
0.540556 0.351119 0.292868
0.540556 0.351408 0.292868
0.540556 0.351697 0.292868
0.540556 0.351985 0.292868
0.540556 0.352274 0.292868
0.540556 0.352563 0.292868
0.540556 0.352852 0.292868
0.540556 0.353140 0.292868
0.540556 0.353429 0.292868
0.540556 0.353718 0.292868
0.540556 0.354006 0.292868
0.540556 0.354295 0.292868
0.540556 0.354584 0.292868
0.540556 0.354873 0.292868
0.540556 0.355161 0.292868
0.540556 0.355450 0.292868
0.540556 0.355739 0.292868
0.540556 0.356028 0.292868
0.540556 0.356316 0.292868
0.540556 0.356605 0.292868
0.540556 0.356894 0.292868
0.540556 0.357183 0.292868
0.540556 0.357471 0.292868
0.540556 0.357760 0.292868
0.540556 0.358049 0.292868
0.540556 0.358338 0.292868
0.540556 0.358626 0.292868
0.540556 0.358915 0.292868
0.540556 0.359204 0.292868
0.540556 0.359493 0.292868
0.540556 0.359781 0.292868
0.540556 0.360070 0.292868
0.540556 0.360359 0.292868
0.540556 0.360648 0.292868
0.540556 0.360936 0.292868
0.540556 0.361225 0.292868
0.540556 0.361514 0.292868
0.540556 0.361803 0.292868
0.540556 0.362091 0.292868
0.540556 0.362380 0.292868
0.540556 0.362669 0.292868
0.540556 0.362958 0.292868
0.540556 0.363246 0.292868
0.540556 0.363535 0.292868
0.540556 0.363824 0.292868
0.540556 0.364113 0.292868
0.540556 0.364401 0.292868
0.540556 0.364690 0.292868
0.540556 0.364979 0.292868
0.540556 0.365268 0.292868
0.540556 0.365556 0.292868
0.540556 0.365845 0.292868
0.540556 0.366134 0.292868
0.540556 0.366423 0.292868
0.540556 0.366711 0.292868
0.540556 0.367000 0.292868
0.540556 0.367289 0.292868
0.540556 0.367578 0.292868
0.540556 0.367866 0.292868
0.540556 0.368155 0.292868
0.540556 0.368444 0.292868
0.540556 0.368733 0.292868
0.540556 0.369021 0.292868
0.540556 0.369310 0.292868
0.540556 0.369599 0.292868
0.540556 0.369888 0.292868
0.540556 0.370176 0.292868
0.540556 0.370465 0.292868
0.540556 0.370754 0.292868
0.540556 0.371043 0.292868
0.540556 0.371331 0.292868
0.540556 0.371620 0.292868
0.540556 0.371909 0.292868
0.540556 0.372198 0.292868
0.540556 0.372486 0.292868
0.540556 0.372775 0.292868
0.540556 0.373064 0.292868
0.540556 0.373353 0.292868
0.540556 0.373641 0.292868
0.540556 0.373930 0.292868
0.540556 0.374219 0.292868
0.540556 0.374508 0.292868
0.540556 0.374796 0.292868
0.540556 0.375085 0.292868
0.540556 0.375374 0.292868
0.540556 0.375663 0.292868
0.540556 0.375951 0.292868
0.540556 0.376240 0.292868
0.540556 0.376529 0.292868
0.540556 0.376818 0.292868
0.540556 0.377106 0.292868
0.540556 0.377395 0.292868
0.540556 0.377684 0.292868
0.540556 0.377973 0.292868
0.540556 0.378261 0.292868
0.540556 0.378550 0.292868
0.540556 0.378839 0.292868
0.540556 0.379128 0.292868
0.540556 0.379416 0.292868
0.540556 0.379705 0.292868
0.540556 0.379994 0.292868
0.540556 0.380283 0.292868
0.540556 0.380571 0.292868
0.540556 0.380860 0.292868
0.540556 0.381149 0.292868
0.540556 0.381438 0.292868
0.540556 0.381726 0.292868
0.540556 0.382015 0.292868
0.540556 0.382304 0.292868
0.540556 0.382593 0.292868
0.540556 0.382881 0.292868
0.540556 0.383170 0.292868
0.540556 0.383459 0.292868
0.540556 0.383748 0.292868
0.540556 0.384036 0.292868
0.540556 0.384325 0.292868
0.540556 0.384614 0.292868
0.540556 0.384903 0.292868
0.540556 0.385191 0.292868
0.540556 0.385480 0.292868
0.540556 0.385769 0.292868
0.540556 0.386058 0.292868
0.540556 0.386346 0.292868
0.540556 0.386635 0.292868
0.540556 0.386924 0.292868
0.540556 0.387213 0.292868
0.540556 0.387501 0.292868
0.540556 0.387790 0.292868
0.540556 0.388079 0.292868
0.540556 0.388368 0.292868
0.540556 0.388656 0.292868
0.540556 0.388945 0.292868
0.540556 0.389234 0.292868
0.540556 0.389523 0.292868
0.540556 0.389811 0.292868
0.540556 0.390100 0.292868
0.540556 0.390389 0.292868
0.540556 0.390678 0.292868
0.540556 0.390966 0.292868
0.540556 0.391255 0.292868
0.540556 0.391544 0.292868
0.540556 0.391833 0.292868
0.540556 0.392121 0.292868
0.540556 0.392410 0.292868
0.540556 0.392699 0.292868
0.540556 0.392988 0.292868
0.540556 0.393276 0.292868
0.540556 0.393565 0.292868
0.540556 0.393854 0.292868
0.540556 0.394143 0.292868
0.540556 0.394431 0.292868
0.540556 0.394720 0.292868
0.540556 0.395009 0.292868
0.540556 0.395298 0.292868
0.540556 0.395586 0.292868
0.540556 0.395875 0.292868
0.540556 0.396164 0.292868
0.540556 0.396453 0.292868
0.540556 0.396741 0.292868
0.540556 0.397030 0.292868
0.540556 0.397319 0.292868
0.540556 0.397608 0.292868
0.540556 0.397896 0.292868
0.540556 0.398185 0.292868
0.540556 0.398474 0.292868
0.540556 0.398763 0.292868
0.540556 0.399051 0.292868
0.540556 0.399340 0.292868
0.540556 0.399629 0.292868
0.540556 0.399918 0.292868
0.540556 0.400206 0.292868
0.540556 0.400495 0.292868
0.540556 0.400784 0.292868
0.540556 0.401073 0.292868
0.540556 0.401361 0.292868
0.540556 0.401650 0.292868
0.540556 0.401939 0.292868
0.540556 0.402228 0.292868
0.540556 0.402516 0.292868
0.540556 0.402805 0.292868
0.540556 0.403094 0.292868
0.540556 0.403383 0.292868
0.540556 0.403671 0.292868
0.540556 0.403960 0.292868
0.540556 0.404249 0.292868
0.540556 0.404537 0.292868
0.540556 0.404826 0.292868
0.540556 0.405115 0.292868
0.540556 0.405404 0.292868
0.540556 0.405692 0.292868
0.540556 0.405981 0.292868
0.540556 0.406270 0.292868
0.540556 0.406559 0.292868
0.540556 0.406847 0.292868
0.540556 0.407136 0.292868
0.540556 0.407425 0.292868
0.540556 0.407714 0.292868
0.540556 0.408002 0.292868
0.540556 0.408291 0.292868
0.540556 0.408580 0.292868
0.540556 0.408869 0.292868
0.540556 0.409157 0.292868
0.540556 0.409446 0.292868
0.540556 0.409735 0.292868
0.540556 0.410024 0.292868
0.540556 0.410312 0.292868
0.540556 0.410601 0.292868
0.540556 0.410890 0.292868
0.540556 0.411179 0.292868
0.540556 0.411467 0.292868
0.540556 0.411756 0.292868
0.540556 0.412045 0.292868
0.540556 0.412334 0.292868
0.540556 0.412622 0.292868
0.540556 0.412911 0.292868
0.540556 0.413200 0.292868
0.540556 0.413489 0.292868
0.540556 0.413777 0.292868
0.540556 0.414066 0.292868
0.540556 0.414355 0.292868
0.540556 0.414644 0.292868
0.540556 0.414932 0.292868
0.540556 0.415221 0.292868
0.540556 0.415510 0.292868
0.540556 0.415799 0.292868
0.540556 0.416087 0.292868
0.540556 0.416376 0.292868
0.540556 0.416665 0.292868
0.540556 0.416954 0.292868
0.540556 0.417242 0.292868
0.540556 0.417531 0.292868
0.540556 0.417820 0.292868
0.540556 0.418109 0.292868
0.540556 0.418397 0.292868
0.540556 0.418686 0.292868
0.540556 0.418975 0.292868
0.540556 0.419264 0.292868
0.540556 0.419552 0.292868
0.540556 0.419841 0.292868
0.540556 0.420130 0.292868
0.540556 0.420419 0.292868
0.540556 0.420707 0.292868
0.540556 0.420996 0.292868
0.540556 0.421285 0.292868
0.540556 0.421574 0.292868
0.540556 0.421862 0.292868
0.540556 0.422151 0.292868
0.540556 0.422440 0.292868
0.540556 0.422729 0.292868
0.540556 0.423017 0.292868
0.540556 0.423306 0.292868
0.540556 0.423595 0.292868
0.540556 0.423884 0.292868
0.540556 0.424172 0.292868
0.540556 0.424461 0.292868
0.540556 0.424750 0.292868
0.540556 0.425039 0.292868
0.540556 0.425327 0.292868
0.540556 0.425616 0.292868
0.540556 0.425905 0.292868
0.540556 0.426194 0.292868
0.540556 0.426482 0.292868
0.540556 0.426771 0.292868
0.540556 0.427060 0.292868
0.540556 0.427349 0.292868
0.540556 0.427637 0.292868
0.540556 0.427926 0.292868
0.540556 0.428215 0.292868
0.540556 0.428504 0.292868
0.540556 0.428792 0.292868
0.540556 0.429081 0.292868
0.540556 0.429370 0.292868
0.540556 0.429659 0.292868
0.540556 0.429947 0.292868
0.540556 0.430236 0.292868
0.540556 0.430525 0.292868
0.540556 0.430814 0.292868
0.540556 0.431102 0.292868
0.540556 0.431391 0.292868
0.540556 0.431680 0.292868
0.540556 0.431969 0.292868
0.540556 0.432257 0.292868
0.540556 0.432546 0.292868
0.540556 0.432835 0.292868
0.540556 0.433124 0.292868
0.540556 0.433412 0.292868
0.540556 0.433701 0.292868
0.540556 0.433990 0.292868
0.540556 0.434279 0.292868
0.540556 0.434567 0.292868
0.540556 0.434856 0.292868
0.540556 0.435145 0.292868
0.540556 0.435434 0.292868
0.540556 0.435722 0.292868
0.540556 0.436011 0.292868
0.540556 0.436300 0.292868
0.540556 0.436589 0.292868
0.540556 0.436877 0.292868
0.540556 0.437166 0.292868
0.540556 0.437455 0.292868
0.540556 0.437744 0.292868
0.540556 0.438032 0.292868
0.540556 0.438321 0.292868
0.540556 0.438610 0.292868
0.540556 0.438899 0.292868
0.540556 0.439187 0.292868
0.540556 0.439476 0.292868
0.540556 0.439765 0.292868
0.540556 0.440054 0.292868
0.540556 0.440342 0.292868
0.540556 0.440631 0.292868
0.540556 0.440920 0.292868
0.540556 0.441209 0.292868
0.540556 0.441497 0.292868
0.540556 0.441786 0.292868
0.540556 0.442075 0.292868
0.540556 0.442364 0.292868
0.540556 0.442652 0.292868
0.540556 0.442941 0.292868
0.540556 0.443230 0.292868
0.540556 0.443519 0.292868
0.540556 0.443807 0.292868
0.540556 0.444096 0.292868
0.540556 0.444385 0.292868
0.540556 0.444674 0.292868
0.540556 0.444962 0.292868
0.540556 0.445251 0.292868
0.540556 0.445540 0.292868
0.540556 0.445829 0.292868
0.540556 0.446117 0.292868
0.540556 0.446406 0.292868
0.540556 0.446695 0.292868
0.540556 0.446984 0.292868
0.540556 0.447272 0.292868
0.540556 0.447561 0.292868
0.540556 0.447850 0.292868
0.540556 0.448139 0.292868
0.540556 0.448427 0.292868
0.540556 0.448716 0.292868
0.540556 0.449005 0.292868
0.540556 0.449294 0.292868
0.540556 0.449582 0.292868
0.540556 0.449871 0.292868
0.540556 0.450160 0.292868
0.540556 0.450449 0.292868
0.540556 0.450737 0.292868
0.540556 0.451026 0.292868
0.540556 0.451315 0.292868
0.540556 0.451604 0.292868
0.540556 0.451892 0.292868
0.540556 0.452181 0.292868
0.540556 0.452470 0.292868
0.540556 0.452759 0.292868
0.540556 0.453047 0.292868
0.540556 0.453336 0.292868
0.540556 0.453625 0.292868
0.540556 0.453914 0.292868
0.540556 0.454202 0.292868
0.540556 0.454491 0.292868
0.540556 0.454780 0.292868
0.540556 0.455068 0.292868
0.540556 0.455357 0.292868
0.540556 0.455646 0.292868
0.540556 0.455935 0.292868
0.540556 0.456223 0.292868
0.540556 0.456512 0.292868
0.540556 0.456801 0.292868
0.540556 0.457090 0.292868
0.540556 0.457378 0.292868
0.540556 0.457667 0.292868
0.540556 0.457956 0.292868
0.540556 0.458245 0.292868
0.540556 0.458533 0.292868
0.540556 0.458822 0.292868
0.540556 0.459111 0.292868
0.540556 0.459400 0.292868
0.540556 0.459688 0.292868
0.540556 0.459977 0.292868
0.540556 0.460266 0.292868
0.540556 0.460555 0.292868
0.540556 0.460843 0.292868
0.540556 0.461132 0.292868
0.540556 0.461421 0.292868
0.540556 0.461710 0.292868
0.540556 0.461998 0.292868
0.540556 0.462287 0.292868
0.540556 0.462576 0.292868
0.540556 0.462865 0.292868
0.540556 0.463153 0.292868
0.540556 0.463442 0.292868
0.540556 0.463731 0.292868
0.540556 0.464020 0.292868
0.540556 0.464308 0.292868
0.540556 0.464597 0.292868
0.540556 0.464886 0.292868
0.540556 0.465175 0.292868
0.540556 0.465463 0.292868
0.540556 0.465752 0.292868
0.540556 0.466041 0.292868
0.540556 0.466330 0.292868
0.540556 0.466618 0.292868
0.540556 0.466907 0.292868
0.540556 0.467196 0.292868
0.540556 0.467485 0.292868
0.540556 0.467773 0.292868
0.540556 0.468062 0.292868
0.540556 0.468351 0.292868
0.540556 0.468640 0.292868
0.540556 0.468928 0.292868
0.540556 0.469217 0.292868
0.540556 0.469506 0.292868
0.540556 0.469795 0.292868
0.540556 0.470083 0.292868
0.540556 0.470372 0.292868
0.540556 0.470661 0.292868
0.540556 0.470950 0.292868
0.540556 0.471238 0.292868
0.540556 0.471527 0.292868
0.540556 0.471816 0.292868
0.540556 0.472105 0.292868
0.540556 0.472393 0.292868
0.540556 0.472682 0.292868
0.540556 0.472971 0.292868
0.540556 0.473260 0.292868
0.540556 0.473548 0.292868
0.540556 0.473837 0.292868
0.540556 0.474126 0.292868
0.540556 0.474415 0.292868
0.540556 0.474703 0.292868
0.540556 0.474992 0.292868
0.540556 0.475281 0.292868
0.540556 0.475570 0.292868
0.540556 0.475858 0.292868
0.540556 0.476147 0.292868
0.540556 0.476436 0.292868
0.540556 0.476725 0.292868
0.540556 0.477013 0.292868
0.540556 0.477302 0.292868
0.540556 0.477591 0.292868
0.540556 0.477880 0.292868
0.540556 0.478168 0.292868
0.540556 0.478457 0.292868
0.540556 0.478746 0.292868
0.540556 0.479035 0.292868
0.540556 0.479323 0.292868
0.540556 0.479612 0.292868
0.540556 0.479901 0.292868
0.540556 0.480190 0.292868
0.540556 0.480478 0.292868
0.540556 0.480767 0.292868
0.540556 0.481056 0.292868
0.540556 0.481345 0.292868
0.540556 0.481633 0.292868
0.540556 0.481922 0.292868
0.540556 0.482211 0.292868
0.540556 0.482500 0.292868
0.540556 0.482788 0.292868
0.540556 0.483077 0.292868
0.540556 0.483366 0.292868
0.540556 0.483655 0.292868
0.540556 0.483943 0.292868
0.540556 0.484232 0.292868
0.540556 0.484521 0.292868
0.540556 0.484810 0.292868
0.540556 0.485098 0.292868
0.540556 0.485387 0.292868
0.540556 0.485676 0.292868
0.540556 0.485965 0.292868
0.540556 0.486253 0.292868
0.540556 0.486542 0.292868
0.540556 0.486831 0.292868
0.540556 0.487120 0.292868
0.540556 0.487408 0.292868
0.540556 0.487697 0.292868
0.540556 0.487986 0.292868
0.540556 0.488275 0.292868
0.540556 0.488563 0.292868
0.540556 0.488852 0.292868
0.540556 0.489141 0.292868
0.540556 0.489430 0.292868
0.540556 0.489718 0.292868
0.540556 0.490007 0.292868
0.540556 0.490296 0.292868
0.540556 0.490585 0.292868
0.540556 0.490873 0.292868
0.540556 0.491162 0.292868
0.540556 0.491451 0.292868
0.540556 0.491740 0.292868
0.540556 0.492028 0.292868
0.540556 0.492317 0.292868
0.540556 0.492606 0.292868
0.540556 0.492895 0.292868
0.540556 0.493183 0.292868
0.540556 0.493472 0.292868
0.540556 0.493761 0.292868
0.540556 0.494050 0.292868
0.540556 0.494338 0.292868
0.540556 0.494627 0.292868
0.540556 0.494916 0.292868
0.540556 0.495205 0.292868
0.540556 0.495493 0.292868
0.540556 0.495782 0.292868
0.540556 0.496071 0.292868
0.540556 0.496360 0.292868
0.540556 0.496648 0.292868
0.540556 0.496937 0.292868
0.540556 0.497226 0.292868
0.540556 0.497515 0.292868
0.540556 0.497803 0.292868
0.540556 0.498092 0.292868
0.540556 0.498381 0.292868
0.540556 0.498670 0.292868
0.540556 0.498958 0.292868
0.540556 0.499247 0.292868
0.540556 0.499536 0.292868
0.540556 0.499825 0.292868
0.540556 0.500113 0.292868
0.540556 0.500402 0.292868
0.540556 0.500691 0.292868
0.540556 0.500980 0.292868
0.540556 0.501268 0.292868
0.540556 0.501557 0.292868
0.540556 0.501846 0.292868
0.540556 0.502135 0.292868
0.540556 0.502423 0.292868
0.540556 0.502712 0.292868
0.540556 0.503001 0.292868
0.540556 0.503290 0.292868
0.540556 0.503578 0.292868
0.540556 0.503867 0.292868
0.540556 0.504156 0.292868
0.540556 0.504445 0.292868
0.540556 0.504733 0.292868
0.540556 0.505022 0.292868
0.540556 0.505311 0.292868
0.540556 0.505599 0.292868
0.540556 0.505888 0.292868
0.540556 0.506177 0.292868
0.540556 0.506466 0.292868
0.540556 0.506754 0.292868
0.540556 0.507043 0.292868
0.540556 0.507332 0.292868
0.540556 0.507621 0.292868
0.540556 0.507909 0.292868
0.540556 0.508198 0.292868
0.540556 0.508487 0.292868
0.540556 0.508776 0.292868
0.540556 0.509064 0.292868
0.540556 0.509353 0.292868
0.540556 0.509642 0.292868
0.540556 0.509931 0.292868
0.540556 0.510219 0.292868
0.540556 0.510508 0.292868
0.540556 0.510797 0.292868
0.540556 0.511086 0.292868
0.540556 0.511374 0.292868
0.540556 0.511663 0.292868
0.540556 0.511952 0.292868
0.540556 0.512241 0.292868
0.540556 0.512529 0.292868
0.540556 0.512818 0.292868
0.540556 0.513107 0.292868
0.540556 0.513396 0.292868
0.540556 0.513684 0.292868
0.540556 0.513973 0.292868
0.540556 0.514262 0.292868
0.540556 0.514551 0.292868
0.540556 0.514839 0.292868
0.540556 0.515128 0.292868
0.540556 0.515417 0.292868
0.540556 0.515706 0.292868
0.540556 0.515994 0.292868
0.540556 0.516283 0.292868
0.540556 0.516572 0.292868
0.540556 0.516861 0.292868
0.540556 0.517149 0.292868
0.540556 0.517438 0.292868
0.540556 0.517727 0.292868
0.540556 0.518016 0.292868
0.540556 0.518304 0.292868
0.540556 0.518593 0.292868
0.540556 0.518882 0.292868
0.540556 0.519171 0.292868
0.540556 0.519459 0.292868
0.540556 0.519748 0.292868
0.540556 0.520037 0.292868
0.540556 0.520326 0.292868
0.540556 0.520614 0.292868
0.540556 0.520903 0.292868
0.540556 0.521192 0.292868
0.540556 0.521481 0.292868
0.540556 0.521769 0.292868
0.540556 0.522058 0.292868
0.540556 0.522347 0.292868
0.540556 0.522636 0.292868
0.540556 0.522924 0.292868
0.540556 0.523213 0.292868
0.540556 0.523502 0.292868
0.540556 0.523791 0.292868
0.540556 0.524079 0.292868
0.540556 0.524368 0.292868
0.540556 0.524657 0.292868
0.540556 0.524946 0.292868
0.540556 0.525234 0.292868
0.540556 0.525523 0.292868
0.540556 0.525812 0.292868
0.540556 0.526101 0.292868
0.540556 0.526389 0.292868
0.540556 0.526678 0.292868
0.540556 0.526967 0.292868
0.540556 0.527256 0.292868
0.540556 0.527544 0.292868
0.540556 0.527833 0.292868
0.540556 0.528122 0.292868
0.540556 0.528411 0.292868
0.540556 0.528699 0.292868
0.540556 0.528988 0.292868
0.540556 0.529277 0.292868
0.540556 0.529566 0.292868
0.540556 0.529854 0.292868
0.540556 0.530143 0.292868
0.540556 0.530432 0.292868
0.540556 0.530721 0.292868
0.540556 0.531009 0.292868
0.540556 0.531298 0.292868
0.540556 0.531587 0.292868
0.540556 0.531876 0.292868
0.540556 0.532164 0.292868
0.540556 0.532453 0.292868
0.540556 0.532742 0.292868
0.540556 0.533031 0.292868
0.540556 0.533319 0.292868
0.540556 0.533608 0.292868
0.540556 0.533897 0.292868
0.540556 0.534186 0.292868
0.540556 0.534474 0.292868
0.540556 0.534763 0.292868
0.540556 0.535052 0.292868
0.540556 0.535341 0.292868
0.540556 0.535629 0.292868
0.540556 0.535918 0.292868
0.540556 0.536207 0.292868
0.540556 0.536496 0.292868
0.540556 0.536784 0.292868
0.540556 0.537073 0.292868
0.540556 0.537362 0.292868
0.540556 0.537651 0.292868
0.540556 0.537939 0.292868
0.540556 0.538228 0.292868
0.540556 0.538517 0.292868
0.540556 0.538806 0.292868
0.540556 0.539094 0.292868
0.540556 0.539383 0.292868
0.540556 0.539672 0.292868
0.540556 0.539961 0.292868
0.540556 0.540249 0.292868
0.540556 0.540538 0.292868
0.540556 0.540827 0.292868
0.540556 0.541116 0.292868
0.540556 0.541404 0.292868
0.540556 0.541693 0.292868
0.540556 0.541982 0.292868
0.540556 0.542271 0.292868
0.540556 0.542559 0.292868
0.540556 0.542848 0.292868
0.540556 0.543137 0.292868
0.540556 0.543426 0.292868
0.540556 0.543714 0.292868
0.540556 0.544003 0.292868
0.540556 0.544292 0.292868
0.540556 0.544581 0.292868
0.540556 0.544869 0.292868
0.540556 0.545158 0.292868
0.540556 0.545447 0.292868
0.540556 0.545736 0.292868
0.540556 0.546024 0.292868
0.540556 0.546313 0.292868
0.540556 0.546602 0.292868
0.540556 0.546891 0.292868
0.540556 0.547179 0.292868
0.540556 0.547468 0.292868
0.540556 0.547757 0.292868
0.540556 0.548046 0.292868
0.540556 0.548334 0.292868
0.540556 0.548623 0.292868
0.540556 0.548912 0.292868
0.540556 0.549201 0.292868
0.540556 0.549489 0.292868
0.540556 0.549778 0.292868
0.540556 0.550067 0.292868
0.540556 0.550356 0.292868
0.540556 0.550644 0.292868
0.540556 0.550933 0.292868
0.540556 0.551222 0.292868
0.540556 0.551511 0.292868
0.540556 0.551799 0.292868
0.540556 0.552088 0.292868
0.540556 0.552377 0.292868
0.540556 0.552666 0.292868
0.540556 0.552954 0.292868
0.540556 0.553243 0.292868
0.540556 0.553532 0.292868
0.540556 0.553821 0.292868
0.540556 0.554109 0.292868
0.540556 0.554398 0.292868
0.540556 0.554687 0.292868
0.540556 0.554976 0.292868
0.540556 0.555264 0.292868
0.540556 0.555553 0.292868
0.540556 0.555842 0.292868
0.540556 0.556130 0.292868
0.540556 0.556419 0.292868
0.540556 0.556708 0.292868
0.540556 0.556997 0.292868
0.540556 0.557285 0.292868
0.540556 0.557574 0.292868
0.540556 0.557863 0.292868
0.540556 0.558152 0.292868
0.540556 0.558440 0.292868
0.540556 0.558729 0.292868
0.540556 0.559018 0.292868
0.540556 0.559307 0.292868
0.540556 0.559595 0.292868
0.540556 0.559884 0.292868
0.540556 0.560173 0.292868
0.540556 0.560462 0.292868
0.540556 0.560750 0.292868
0.540556 0.561039 0.292868
0.540556 0.561328 0.292868
0.540556 0.561617 0.292868
0.540556 0.561905 0.292868
0.540556 0.562194 0.292868
0.540556 0.562483 0.292868
0.540556 0.562772 0.292868
0.540556 0.563060 0.292868
0.540556 0.563349 0.292868
0.540556 0.563638 0.292868
0.540556 0.563927 0.292868
0.540556 0.564215 0.292868
0.540556 0.564504 0.292868
0.540556 0.564793 0.292868
0.540556 0.565082 0.292868
0.540556 0.565370 0.292868
0.540556 0.565659 0.292868
0.540556 0.565948 0.292868
0.540556 0.566237 0.292868
0.540556 0.566525 0.292868
0.540556 0.566814 0.292868
0.540556 0.567103 0.292868
0.540556 0.567392 0.292868
0.540556 0.567680 0.292868
0.540556 0.567969 0.292868
0.540556 0.568258 0.292868
0.540556 0.568547 0.292868
0.540556 0.568835 0.292868
0.540556 0.569124 0.292868
0.540556 0.569413 0.292868
0.540556 0.569702 0.292868
0.540556 0.569990 0.292868
0.540556 0.570279 0.292868
0.540556 0.570568 0.292868
0.540556 0.570857 0.292868
0.540556 0.571145 0.292868
0.540556 0.571434 0.292868
0.540556 0.571723 0.292868
0.540556 0.572012 0.292868
0.540556 0.572300 0.292868
0.540556 0.572589 0.292868
0.540556 0.572878 0.292868
0.540556 0.573167 0.292868
0.540556 0.573455 0.292868
0.540556 0.573744 0.292868
0.540556 0.574033 0.292868
0.540556 0.574322 0.292868
0.540556 0.574610 0.292868
0.540556 0.574899 0.292868
0.540556 0.575188 0.292868
0.540556 0.575477 0.292868
0.540556 0.575765 0.292868
0.540556 0.576054 0.292868
0.540556 0.576343 0.292868
0.540556 0.576632 0.292868
0.540556 0.576920 0.292868
0.540556 0.577209 0.292868
0.540556 0.577498 0.292868
0.540556 0.577787 0.292868
0.540556 0.578075 0.292868
0.540556 0.578364 0.292868
0.540556 0.578653 0.292868
0.540556 0.578942 0.292868
0.540556 0.579230 0.292868
0.540556 0.579519 0.292868
0.540556 0.579808 0.292868
0.540556 0.580097 0.292868
0.540556 0.580385 0.292868
0.540556 0.580674 0.292868
0.540556 0.580963 0.292868
0.540556 0.581252 0.292868
0.540556 0.581540 0.292868
0.540556 0.581829 0.292868
0.540556 0.582118 0.292868
0.540556 0.582407 0.292868
0.540556 0.582695 0.292868
0.540556 0.582984 0.292868
0.540556 0.583273 0.292868
0.540556 0.583562 0.292868
0.540556 0.583850 0.292868
0.540556 0.584139 0.292868
0.540556 0.584428 0.292868
0.540556 0.584717 0.292868
0.540556 0.585005 0.292868
0.540556 0.585294 0.292868
0.540556 0.585583 0.292868
0.540556 0.585872 0.292868
0.540556 0.586160 0.292868
0.540556 0.586449 0.292868
0.540556 0.586738 0.292868
0.540556 0.587027 0.292868
0.540556 0.587315 0.292868
0.540556 0.587604 0.292868
0.540556 0.587893 0.292868
0.540556 0.588182 0.292868
0.540556 0.588470 0.292868
0.540556 0.588759 0.292868
0.540556 0.589048 0.292868
0.540556 0.589337 0.292868
0.540556 0.589625 0.292868
0.540556 0.589914 0.292868
0.540556 0.590203 0.292868
0.540556 0.590492 0.292868
0.540556 0.590780 0.292868
0.540556 0.591069 0.292868
0.540556 0.591358 0.292868
0.540556 0.591647 0.292868
0.540556 0.591935 0.292868
0.540556 0.592224 0.292868
0.540556 0.592513 0.292868
0.540556 0.592802 0.292868
0.540556 0.593090 0.292868
0.540556 0.593379 0.292868
0.540556 0.593668 0.292868
0.540556 0.593957 0.292868
0.540556 0.594245 0.292868
0.540556 0.594534 0.292868
0.540556 0.594823 0.292868
0.540556 0.595112 0.292868
0.540556 0.595400 0.292868
0.540556 0.595689 0.292868
0.540556 0.595978 0.292868
0.540556 0.596267 0.292868
0.540556 0.596555 0.292868
0.540556 0.596844 0.292868
0.540556 0.597133 0.292868
0.540556 0.597422 0.292868
0.540556 0.597710 0.292868
0.540556 0.597999 0.292868
0.540556 0.598288 0.292868
0.540556 0.598577 0.292868
0.540556 0.598865 0.292868
0.540556 0.599154 0.292868
0.540556 0.599443 0.292868
0.540556 0.599732 0.292868
0.540556 0.600000 0.292868
