0.180556 0.000376 0.000000
0.180556 0.000697 0.000000
0.180556 0.001003 0.000000
0.180556 0.001301 0.000000
0.180556 0.001596 0.000000
0.180556 0.001888 0.000000
0.180556 0.002179 0.000000
0.180556 0.002468 0.000000
0.180556 0.002758 0.000000
0.180556 0.003047 0.000000
0.180556 0.003336 0.000000
0.180556 0.003625 0.000000
0.180556 0.003914 0.000000
0.180556 0.004202 0.000000
0.180556 0.004491 0.000000
0.180556 0.004780 0.000000
0.180556 0.005068 0.000000
0.180556 0.005357 0.000000
0.180556 0.005646 0.000000
0.180556 0.005934 0.000000
0.180556 0.006223 0.000000
0.180556 0.006512 0.000000
0.180556 0.006800 0.000000
0.180556 0.007089 0.000000
0.180556 0.007378 0.000000
0.180556 0.007666 0.000000
0.180556 0.007955 0.000000
0.180556 0.008244 0.000000
0.180556 0.008532 0.000000
0.180556 0.008821 0.000000
0.180556 0.009110 0.000000
0.180556 0.009398 0.000000
0.180556 0.009687 0.000000
0.180556 0.009976 0.000000
0.180556 0.010264 0.000000
0.180556 0.010553 0.000000
0.180556 0.010842 0.000000
0.180556 0.011130 0.000000
0.180556 0.011419 0.000000
0.180556 0.011708 0.000000
0.180556 0.011996 0.000000
0.180556 0.012285 0.000000
0.180556 0.012574 0.000000
0.180556 0.012862 0.000000
0.180556 0.013151 0.000000
0.180556 0.013439 0.000000
0.180556 0.013728 0.000000
0.180556 0.014017 0.000000
0.180556 0.014305 0.000000
0.180556 0.014594 0.000000
0.180556 0.014883 0.000000
0.180556 0.015171 0.000000
0.180556 0.015460 0.000000
0.180556 0.015749 0.000000
0.180556 0.016037 0.000000
0.180556 0.016326 0.000000
0.180556 0.016615 0.000000
0.180556 0.016903 0.000000
0.180556 0.017192 0.000000
0.180556 0.017481 0.000000
0.180556 0.017769 0.000000
0.180556 0.018058 0.000000
0.180556 0.018347 0.000000
0.180556 0.018635 0.000000
0.180556 0.018924 0.000000
0.180556 0.019213 0.000000
0.180556 0.019501 0.000000
0.180556 0.019790 0.000000
0.180556 0.020079 0.000000
0.180556 0.020367 0.000000
0.180556 0.020656 0.000000
0.180556 0.020945 0.000000
0.180556 0.021233 0.000000
0.180556 0.021522 0.000000
0.180556 0.021811 0.000000
0.180556 0.022099 0.000000
0.180556 0.022388 0.000000
0.180556 0.022677 0.000000
0.180556 0.022965 0.000000
0.180556 0.023254 0.000000
0.180556 0.023543 0.000000
0.180556 0.023831 0.000000
0.180556 0.024120 0.000000
0.180556 0.024408 0.000000
0.180556 0.024697 0.000000
0.180556 0.024986 0.000000
0.180556 0.025274 0.000000
0.180556 0.025563 0.000000
0.180556 0.025852 0.000000
0.180556 0.026140 0.000000
0.180556 0.026429 0.000000
0.180556 0.026718 0.000000
0.180556 0.027006 0.000000
0.180556 0.027295 0.000000
0.180556 0.027584 0.000000
0.180556 0.027872 0.000000
0.180556 0.028161 0.000000
0.180556 0.028450 0.000000
0.180556 0.028738 0.000000
0.180556 0.029027 0.000000
0.180556 0.029316 0.000000
0.180556 0.029604 0.000000
0.180556 0.029893 0.000000
0.180556 0.030182 0.000000
0.180556 0.030470 0.000000
0.180556 0.030759 0.000000
0.180556 0.031048 0.000000
0.180556 0.031336 0.000000
0.180556 0.031625 0.000000
0.180556 0.031914 0.000000
0.180556 0.032202 0.000000
0.180556 0.032491 0.000000
0.180556 0.032780 0.000000
0.180556 0.033068 0.000000
0.180556 0.033357 0.000000
0.180556 0.033646 0.000000
0.180556 0.033934 0.000000
0.180556 0.034223 0.000000
0.180556 0.034512 0.000000
0.180556 0.034800 0.000000
0.180556 0.035089 0.000000
0.180556 0.035378 0.000000
0.180556 0.035666 0.000000
0.180556 0.035955 0.000000
0.180556 0.036243 0.000000
0.180556 0.036532 0.000000
0.180556 0.036821 0.000000
0.180556 0.037109 0.000000
0.180556 0.037398 0.000000
0.180556 0.037687 0.000000
0.180556 0.037975 0.000000
0.180556 0.038264 0.000000
0.180556 0.038553 0.000000
0.180556 0.038841 0.000000
0.180556 0.039130 0.000000
0.180556 0.039419 0.000000
0.180556 0.039707 0.000000
0.180556 0.039996 0.000000
0.180556 0.040285 0.000000
0.180556 0.040573 0.000000
0.180556 0.040862 0.000000
0.180556 0.041151 0.000000
0.180556 0.041439 0.000000
0.180556 0.041728 0.000000
0.180556 0.042017 0.000000
0.180556 0.042305 0.000000
0.180556 0.042594 0.000000
0.180556 0.042883 0.000000
0.180556 0.043171 0.000000
0.180556 0.043460 0.000000
0.180556 0.043749 0.000000
0.180556 0.044037 0.000000
0.180556 0.044326 0.000000
0.180556 0.044615 0.000000
0.180556 0.044903 0.000000
0.180556 0.045192 0.000000
0.180556 0.045481 0.000000
0.180556 0.045769 0.000000
0.180556 0.046058 0.000000
0.180556 0.046347 0.000000
0.180556 0.046635 0.000000
0.180556 0.046924 0.000000
0.180556 0.047212 0.000000
0.180556 0.047501 0.000000
0.180556 0.047790 0.000000
0.180556 0.048078 0.000000
0.180556 0.048367 0.000000
0.180556 0.048656 0.000000
0.180556 0.048944 0.000000
0.180556 0.049233 0.000000
0.180556 0.049522 0.000000
0.180556 0.049810 0.000000
0.180556 0.050099 0.000000
0.180556 0.050388 0.000000
0.180556 0.050676 0.000000
0.180556 0.050965 0.000000
0.180556 0.051254 0.000000
0.180556 0.051542 0.000000
0.180556 0.051831 0.000000
0.180556 0.052120 0.000000
0.180556 0.052408 0.000000
0.180556 0.052697 0.000000
0.180556 0.052986 0.000000
0.180556 0.053274 0.000000
0.180556 0.053563 0.000000
0.180556 0.053852 0.000000
0.180556 0.054140 0.000000
0.180556 0.054429 0.000000
0.180556 0.054718 0.000000
0.180556 0.055006 0.000000
0.180556 0.055295 0.000000
0.180556 0.055584 0.000000
0.180556 0.055872 0.000000
0.180556 0.056161 0.000000
0.180556 0.056450 0.000000
0.180556 0.056738 0.000000
0.180556 0.057027 0.000000
0.180556 0.057316 0.000000
0.180556 0.057604 0.000000
0.180556 0.057893 0.000000
0.180556 0.058182 0.000000
0.180556 0.058470 0.000000
0.180556 0.058759 0.000000
0.180556 0.059047 0.000000
0.180556 0.059336 0.000000
0.180556 0.059625 0.000000
0.180556 0.059913 0.000000
0.180556 0.060202 0.000000
0.180556 0.060491 0.000000
0.180556 0.060779 0.000000
0.180556 0.061068 0.000000
0.180556 0.061357 0.000000
0.180556 0.061645 0.000000
0.180556 0.061934 0.000000
0.180556 0.062223 0.000000
0.180556 0.062511 0.000000
0.180556 0.062800 0.000000
0.180556 0.063089 0.000000
0.180556 0.063377 0.000000
0.180556 0.063666 0.000000
0.180556 0.063955 0.000000
0.180556 0.064243 0.000000
0.180556 0.064532 0.000000
0.180556 0.064821 0.000000
0.180556 0.065109 0.000000
0.180556 0.065398 0.000000
0.180556 0.065687 0.000000
0.180556 0.065975 0.000000
0.180556 0.066264 0.000000
0.180556 0.066553 0.000000
0.180556 0.066841 0.000000
0.180556 0.067130 0.000000
0.180556 0.067419 0.000000
0.180556 0.067707 0.000000
0.180556 0.067996 0.000000
0.180556 0.068285 0.000000
0.180556 0.068573 0.000000
0.180556 0.068862 0.000000
0.180556 0.069151 0.000000
0.180556 0.069439 0.000000
0.180556 0.069728 0.000000
0.180556 0.070017 0.000000
0.180556 0.070305 0.000000
0.180556 0.070594 0.000000
0.180556 0.070882 0.000000
0.180556 0.071171 0.000000
0.180556 0.071460 0.000000
0.180556 0.071748 0.000000
0.180556 0.072037 0.000000
0.180556 0.072326 0.000000
0.180556 0.072614 0.000000
0.180556 0.072903 0.000000
0.180556 0.073192 0.000000
0.180556 0.073480 0.000000
0.180556 0.073769 0.000000
0.180556 0.074058 0.000000
0.180556 0.074346 0.000000
0.180556 0.074635 0.000000
0.180556 0.074924 0.000000
0.180556 0.075212 0.000000
0.180556 0.075501 0.000000
0.180556 0.075790 0.000000
0.180556 0.076078 0.000000
0.180556 0.076367 0.000000
0.180556 0.076656 0.000000
0.180556 0.076944 0.000000
0.180556 0.077233 0.000000
0.180556 0.077522 0.000000
0.180556 0.077810 0.000000
0.180556 0.078099 0.000000
0.180556 0.078388 0.000000
0.180556 0.078676 0.000000
0.180556 0.078965 0.000000
0.180556 0.079254 0.000000
0.180556 0.079542 0.000000
0.180556 0.079831 0.000000
0.180556 0.080120 0.000000
0.180556 0.080408 0.000000
0.180556 0.080697 0.000000
0.180556 0.080986 0.000000
0.180556 0.081274 0.000000
0.180556 0.081563 0.000000
0.180556 0.081851 0.000000
0.180556 0.082140 0.000000
0.180556 0.082429 0.000000
0.180556 0.082717 0.000000
0.180556 0.083006 0.000000
0.180556 0.083295 0.000000
0.180556 0.083583 0.000000
0.180556 0.083872 0.000000
0.180556 0.084161 0.000000
0.180556 0.084449 0.000000
0.180556 0.084738 0.000000
0.180556 0.085027 0.000000
0.180556 0.085315 0.000000
0.180556 0.085604 0.000000
0.180556 0.085893 0.000000
0.180556 0.086181 0.000000
0.180556 0.086470 0.000000
0.180556 0.086759 0.000000
0.180556 0.087047 0.000000
0.180556 0.087336 0.000000
0.180556 0.087625 0.000000
0.180556 0.087913 0.000000
0.180556 0.088202 0.000000
0.180556 0.088491 0.000000
0.180556 0.088779 0.000000
0.180556 0.089068 0.000000
0.180556 0.089357 0.000000
0.180556 0.089645 0.000000
0.180556 0.089934 0.000000
0.180556 0.090223 0.000000
0.180556 0.090511 0.000000
0.180556 0.090800 0.000000
0.180556 0.091089 0.000000
0.180556 0.091377 0.000000
0.180556 0.091666 0.000000
0.180556 0.091955 0.000000
0.180556 0.092243 0.000000
0.180556 0.092532 0.000000
0.180556 0.092821 0.000000
0.180556 0.093109 0.000000
0.180556 0.093398 0.000000
0.180556 0.093686 0.000000
0.180556 0.093975 0.000000
0.180556 0.094264 0.000000
0.180556 0.094552 0.000000
0.180556 0.094841 0.000000
0.180556 0.095130 0.000000
0.180556 0.095418 0.000000
0.180556 0.095707 0.000000
0.180556 0.095996 0.000000
0.180556 0.096284 0.000000
0.180556 0.096573 0.000000
0.180556 0.096862 0.000000
0.180556 0.097150 0.000000
0.180556 0.097439 0.000000
0.180556 0.097728 0.000000
0.180556 0.098016 0.000000
0.180556 0.098305 0.000000
0.180556 0.098594 0.000000
0.180556 0.098882 0.000000
0.180556 0.099171 0.000000
0.180556 0.099460 0.000000
0.180556 0.099748 0.000000
0.180556 0.100037 0.000000
0.180556 0.100326 0.000000
0.180556 0.100614 0.000000
0.180556 0.100903 0.000000
0.180556 0.101192 0.000000
0.180556 0.101480 0.000000
0.180556 0.101769 0.000000
0.180556 0.102058 0.000000
0.180556 0.102346 0.000000
0.180556 0.102635 0.000000
0.180556 0.102924 0.000000
0.180556 0.103212 0.000000
0.180556 0.103501 0.000000
0.180556 0.103790 0.000000
0.180556 0.104078 0.000000
0.180556 0.104367 0.000000
0.180556 0.104655 0.000000
0.180556 0.104944 0.000000
0.180556 0.105233 0.000000
0.180556 0.105521 0.000000
0.180556 0.105810 0.000000
0.180556 0.106099 0.000000
0.180556 0.106387 0.000000
0.180556 0.106676 0.000000
0.180556 0.106965 0.000000
0.180556 0.107253 0.000000
0.180556 0.107542 0.000000
0.180556 0.107831 0.000000
0.180556 0.108119 0.000000
0.180556 0.108408 0.000000
0.180556 0.108697 0.000000
0.180556 0.108985 0.000001
0.180556 0.109274 0.000001
0.180556 0.109563 0.000001
0.180556 0.109851 0.000001
0.180556 0.110140 0.000001
0.180556 0.110429 0.000002
0.180556 0.110717 0.000002
0.180556 0.111006 0.000002
0.180556 0.111295 0.000003
0.180556 0.111583 0.000004
0.180556 0.111872 0.000004
0.180556 0.112161 0.000005
0.180556 0.112449 0.000007
0.180556 0.112738 0.000008
0.180557 0.113027 0.000010
0.180557 0.113315 0.000012
0.180557 0.113604 0.000015
0.180558 0.113893 0.000018
0.180558 0.114181 0.000022
0.180559 0.114470 0.000026
0.180559 0.114759 0.000032
0.180560 0.115047 0.000038
0.180561 0.115336 0.000046
0.180562 0.115625 0.000056
0.180563 0.115913 0.000068
0.180565 0.116202 0.000081
0.180567 0.116490 0.000098
0.180569 0.116779 0.000117
0.180572 0.117068 0.000141
0.180575 0.117356 0.000169
0.180579 0.117645 0.000202
0.180584 0.117934 0.000242
0.180590 0.118222 0.000290
0.180597 0.118511 0.000346
0.180605 0.118800 0.000413
0.180614 0.119088 0.000492
0.180626 0.119377 0.000586
0.180639 0.119666 0.000698
0.180655 0.119954 0.000829
0.180674 0.120243 0.000986
0.180697 0.120532 0.001170
0.180723 0.120820 0.001388
0.180755 0.121109 0.001645
0.180792 0.121398 0.001948
0.180836 0.121686 0.002304
0.180888 0.121975 0.002724
0.180949 0.122264 0.003217
0.181021 0.122552 0.003796
0.181105 0.122841 0.004475
0.181204 0.123130 0.005270
0.181321 0.123418 0.006199
0.181457 0.123707 0.007284
0.181616 0.123996 0.008549
0.181801 0.124284 0.010019
0.182016 0.124573 0.011725
0.182266 0.124862 0.013700
0.182555 0.125150 0.015979
0.182889 0.125439 0.018602
0.183272 0.125728 0.021608
0.183711 0.126016 0.025040
0.184211 0.126305 0.028942
0.184778 0.126594 0.033354
0.185417 0.126882 0.038316
0.186133 0.127171 0.043861
0.186931 0.127459 0.050017
0.187811 0.127748 0.056799
0.188777 0.128037 0.064211
0.189826 0.128325 0.072243
0.190956 0.128614 0.080866
0.192161 0.128903 0.090035
0.193434 0.129191 0.099686
0.194765 0.129480 0.109741
0.196141 0.129769 0.120104
0.197551 0.130057 0.130673
0.198978 0.130346 0.141336
0.200410 0.130635 0.151982
0.201831 0.130923 0.162501
0.203228 0.131212 0.172792
0.204589 0.131501 0.182763
0.205904 0.131789 0.192337
0.207163 0.132078 0.201451
0.208360 0.132367 0.210056
0.209490 0.132655 0.218121
0.210551 0.132944 0.225627
0.211541 0.133233 0.232567
0.212460 0.133521 0.238947
0.213310 0.133810 0.244781
0.214092 0.134099 0.250088
0.214810 0.134387 0.254897
0.215468 0.134676 0.259235
0.216069 0.134965 0.263135
0.216618 0.135253 0.266630
0.217118 0.135542 0.269752
0.217574 0.135831 0.272534
0.217989 0.136119 0.275007
0.218368 0.136408 0.277201
0.218713 0.136697 0.279143
0.219029 0.136985 0.280859
0.219318 0.137274 0.282374
0.219583 0.137563 0.283709
0.219827 0.137851 0.284883
0.220052 0.138140 0.285915
0.220260 0.138429 0.286821
0.220453 0.138717 0.287616
0.220633 0.139006 0.288313
0.220801 0.139294 0.288923
0.220959 0.139583 0.289456
0.221108 0.139872 0.289922
0.221248 0.140160 0.290330
0.221382 0.140449 0.290685
0.221510 0.140738 0.290995
0.221632 0.141026 0.291265
0.221749 0.141315 0.291501
0.221862 0.141604 0.291705
0.221972 0.141892 0.291884
0.222078 0.142181 0.292038
0.222181 0.142470 0.292173
0.222282 0.142758 0.292290
0.222381 0.143047 0.292391
0.222478 0.143336 0.292479
0.222574 0.143624 0.292555
0.222667 0.143913 0.292621
0.222760 0.144202 0.292678
0.222852 0.144490 0.292727
0.222942 0.144779 0.292769
0.223032 0.145068 0.292806
0.223121 0.145356 0.292837
0.223210 0.145645 0.292864
0.223298 0.145934 0.292887
0.223385 0.146222 0.292907
0.223472 0.146511 0.292924
0.223559 0.146800 0.292939
0.223645 0.147088 0.292951
0.223731 0.147377 0.292961
0.223817 0.147666 0.292970
0.223903 0.147954 0.292978
0.223988 0.148243 0.292984
0.224074 0.148532 0.292989
0.224159 0.148820 0.292994
0.224244 0.149109 0.292997
0.224329 0.149398 0.293000
0.224414 0.149686 0.293003
0.224499 0.149975 0.293005
0.224584 0.150263 0.293006
0.224668 0.150552 0.293007
0.224753 0.150841 0.293008
0.224838 0.151129 0.293009
0.224922 0.151418 0.293009
0.225007 0.151707 0.293009
0.225092 0.151995 0.293009
0.225176 0.152284 0.293009
0.225261 0.152573 0.293009
0.225345 0.152861 0.293008
0.225430 0.153150 0.293008
0.225514 0.153439 0.293007
0.225599 0.153727 0.293007
0.225683 0.154016 0.293006
0.225768 0.154305 0.293006
0.225852 0.154593 0.293005
0.225937 0.154882 0.293004
0.226021 0.155171 0.293003
0.226106 0.155459 0.293003
0.226190 0.155748 0.293002
0.226274 0.156037 0.293001
0.226359 0.156325 0.293000
0.226443 0.156614 0.293000
0.226528 0.156903 0.292999
0.226612 0.157191 0.292998
0.226697 0.157480 0.292997
0.226781 0.157769 0.292997
0.226866 0.158057 0.292996
0.226950 0.158346 0.292995
0.227035 0.158635 0.292994
0.227119 0.158923 0.292994
0.227204 0.159212 0.292993
0.227288 0.159501 0.292992
0.227372 0.159789 0.292991
0.227457 0.160078 0.292991
0.227541 0.160367 0.292990
0.227626 0.160655 0.292989
0.227710 0.160944 0.292989
0.227795 0.161233 0.292988
0.227879 0.161521 0.292987
0.227964 0.161810 0.292986
0.228048 0.162098 0.292986
0.228133 0.162387 0.292985
0.228217 0.162676 0.292984
0.228301 0.162964 0.292984
0.228386 0.163253 0.292983
0.228470 0.163542 0.292982
0.228555 0.163830 0.292982
0.228639 0.164119 0.292981
0.228724 0.164408 0.292981
0.228808 0.164696 0.292980
0.228893 0.164985 0.292979
0.228977 0.165274 0.292979
0.229062 0.165562 0.292978
0.229146 0.165851 0.292977
0.229231 0.166140 0.292977
0.229315 0.166428 0.292976
0.229400 0.166717 0.292976
0.229484 0.167006 0.292975
0.229569 0.167294 0.292975
0.229653 0.167583 0.292974
0.229737 0.167872 0.292973
0.229822 0.168160 0.292973
0.229906 0.168449 0.292972
0.229991 0.168738 0.292972
0.230075 0.169026 0.292971
0.230160 0.169315 0.292971
0.230244 0.169604 0.292970
0.230329 0.169892 0.292970
0.230413 0.170181 0.292969
0.230498 0.170470 0.292969
0.230582 0.170758 0.292968
0.230667 0.171047 0.292968
0.230751 0.171336 0.292967
0.230836 0.171624 0.292967
0.230920 0.171913 0.292966
0.231005 0.172202 0.292966
0.231089 0.172490 0.292965
0.231174 0.172779 0.292965
0.231258 0.173067 0.292964
0.231343 0.173356 0.292964
0.231427 0.173645 0.292963
0.231512 0.173933 0.292963
0.231596 0.174222 0.292962
0.231681 0.174511 0.292962
0.231765 0.174799 0.292961
0.231850 0.175088 0.292961
0.231934 0.175377 0.292961
0.232019 0.175665 0.292960
0.232103 0.175954 0.292960
0.232187 0.176243 0.292959
0.232272 0.176531 0.292959
0.232356 0.176820 0.292958
0.232441 0.177109 0.292958
0.232525 0.177397 0.292957
0.232610 0.177686 0.292957
0.232694 0.177975 0.292957
0.232779 0.178263 0.292956
0.232863 0.178552 0.292956
0.232948 0.178841 0.292955
0.233032 0.179129 0.292955
0.233117 0.179418 0.292955
0.233201 0.179707 0.292954
0.233286 0.179995 0.292954
0.233370 0.180284 0.292953
0.233455 0.180573 0.292953
0.233539 0.180861 0.292953
0.233624 0.181150 0.292952
0.233708 0.181439 0.292952
0.233793 0.181727 0.292952
0.233877 0.182016 0.292951
0.233962 0.182305 0.292951
0.234046 0.182593 0.292950
0.234131 0.182882 0.292950
0.234215 0.183171 0.292950
0.234300 0.183459 0.292949
0.234384 0.183748 0.292949
0.234469 0.184037 0.292949
0.234553 0.184325 0.292948
0.234638 0.184614 0.292948
0.234722 0.184902 0.292948
0.234807 0.185191 0.292947
0.234891 0.185480 0.292947
0.234976 0.185768 0.292947
0.235060 0.186057 0.292946
0.235145 0.186346 0.292946
0.235229 0.186634 0.292945
0.235314 0.186923 0.292945
0.235398 0.187212 0.292945
0.235483 0.187500 0.292945
0.235567 0.187789 0.292944
0.235652 0.188078 0.292944
0.235736 0.188366 0.292944
0.235821 0.188655 0.292943
0.235905 0.188944 0.292943
0.235990 0.189232 0.292943
0.236074 0.189521 0.292942
0.236159 0.189810 0.292942
0.236243 0.190098 0.292942
0.236328 0.190387 0.292941
0.236412 0.190676 0.292941
0.236497 0.190964 0.292941
0.236581 0.191253 0.292940
0.236666 0.191542 0.292940
0.236750 0.191830 0.292940
0.236835 0.192119 0.292940
0.236919 0.192408 0.292939
0.237004 0.192696 0.292939
0.237088 0.192985 0.292939
0.237173 0.193274 0.292938
0.237257 0.193562 0.292938
0.237342 0.193851 0.292938
0.237426 0.194140 0.292938
0.237511 0.194428 0.292937
0.237595 0.194717 0.292937
0.237680 0.195006 0.292937
0.237764 0.195294 0.292936
0.237849 0.195583 0.292936
0.237933 0.195871 0.292936
0.238018 0.196160 0.292936
0.238102 0.196449 0.292935
0.238187 0.196737 0.292935
0.238271 0.197026 0.292935
0.238356 0.197315 0.292935
0.238440 0.197603 0.292934
0.238525 0.197892 0.292934
0.238609 0.198181 0.292934
0.238694 0.198469 0.292934
0.238778 0.198758 0.292933
0.238863 0.199047 0.292933
0.238947 0.199335 0.292933
0.239032 0.199624 0.292933
0.239116 0.199913 0.292932
0.239201 0.200201 0.292932
0.239285 0.200490 0.292932
0.239370 0.200779 0.292932
0.239454 0.201067 0.292931
0.239539 0.201356 0.292931
0.239623 0.201645 0.292931
0.239708 0.201933 0.292931
0.239793 0.202222 0.292930
0.239877 0.202511 0.292930
0.239962 0.202799 0.292930
0.240046 0.203088 0.292930
0.240131 0.203377 0.292929
0.240215 0.203665 0.292929
0.240300 0.203954 0.292929
0.240384 0.204243 0.292929
0.240469 0.204531 0.292928
0.240553 0.204820 0.292928
0.240638 0.205109 0.292928
0.240722 0.205397 0.292928
0.240807 0.205686 0.292928
0.240891 0.205975 0.292927
0.240976 0.206263 0.292927
0.241060 0.206552 0.292927
0.241145 0.206841 0.292927
0.241229 0.207129 0.292926
0.241314 0.207418 0.292926
0.241398 0.207706 0.292926
0.241483 0.207995 0.292926
0.241567 0.208284 0.292926
0.241652 0.208572 0.292925
0.241736 0.208861 0.292925
0.241821 0.209150 0.292925
0.241905 0.209438 0.292925
0.241990 0.209727 0.292925
0.242074 0.210016 0.292924
0.242159 0.210304 0.292924
0.242243 0.210593 0.292924
0.242328 0.210882 0.292924
0.242412 0.211170 0.292924
0.242497 0.211459 0.292923
0.242581 0.211748 0.292923
0.242666 0.212036 0.292923
0.242750 0.212325 0.292923
0.242835 0.212614 0.292923
0.242919 0.212902 0.292922
0.243004 0.213191 0.292922
0.243088 0.213480 0.292922
0.243173 0.213768 0.292922
0.243257 0.214057 0.292922
0.243342 0.214346 0.292921
0.243426 0.214634 0.292921
0.243511 0.214923 0.292921
0.243596 0.215212 0.292921
0.243680 0.215500 0.292921
0.243765 0.215789 0.292920
0.243849 0.216078 0.292920
0.243934 0.216366 0.292920
0.244018 0.216655 0.292920
0.244103 0.216944 0.292920
0.244187 0.217232 0.292920
0.244272 0.217521 0.292919
0.244356 0.217810 0.292919
0.244441 0.218098 0.292919
0.244525 0.218387 0.292919
0.244610 0.218675 0.292919
0.244694 0.218964 0.292919
0.244779 0.219253 0.292918
0.244863 0.219541 0.292918
0.244948 0.219830 0.292918
0.245032 0.220119 0.292918
0.245117 0.220407 0.292918
0.245201 0.220696 0.292918
0.245286 0.220985 0.292917
0.245370 0.221273 0.292917
0.245455 0.221562 0.292917
0.245539 0.221851 0.292917
0.245624 0.222139 0.292917
0.245708 0.222428 0.292917
0.245793 0.222717 0.292916
0.245877 0.223005 0.292916
0.245962 0.223294 0.292916
0.246046 0.223583 0.292916
0.246131 0.223871 0.292916
0.246216 0.224160 0.292916
0.246300 0.224449 0.292915
0.246385 0.224737 0.292915
0.246469 0.225026 0.292915
0.246554 0.225315 0.292915
0.246638 0.225603 0.292915
0.246723 0.225892 0.292915
0.246807 0.226181 0.292914
0.246892 0.226469 0.292914
0.246976 0.226758 0.292914
0.247061 0.227047 0.292914
0.247145 0.227335 0.292914
0.247230 0.227624 0.292914
0.247314 0.227913 0.292914
0.247399 0.228201 0.292913
0.247483 0.228490 0.292913
0.247568 0.228779 0.292913
0.247652 0.229067 0.292913
0.247737 0.229356 0.292913
0.247821 0.229645 0.292913
0.247906 0.229933 0.292912
0.247990 0.230222 0.292912
0.248075 0.230510 0.292912
0.248159 0.230799 0.292912
0.248244 0.231088 0.292912
0.248328 0.231376 0.292912
0.248413 0.231665 0.292912
0.248497 0.231954 0.292911
0.248582 0.232242 0.292911
0.248667 0.232531 0.292911
0.248751 0.232820 0.292911
0.248836 0.233108 0.292911
0.248920 0.233397 0.292911
0.249005 0.233686 0.292911
0.249089 0.233974 0.292911
0.249174 0.234263 0.292910
0.249258 0.234552 0.292910
0.249343 0.234840 0.292910
0.249427 0.235129 0.292910
0.249512 0.235418 0.292910
0.249596 0.235706 0.292910
0.249681 0.235995 0.292910
0.249765 0.236284 0.292909
0.249850 0.236572 0.292909
0.249934 0.236861 0.292909
0.250019 0.237150 0.292909
0.250103 0.237438 0.292909
0.250188 0.237727 0.292909
0.250272 0.238016 0.292909
0.250357 0.238304 0.292909
0.250441 0.238593 0.292908
0.250526 0.238882 0.292908
0.250610 0.239170 0.292908
0.250695 0.239459 0.292908
0.250780 0.239748 0.292908
0.250864 0.240036 0.292908
0.250949 0.240325 0.292908
0.251033 0.240614 0.292908
0.251118 0.240902 0.292907
0.251202 0.241191 0.292907
0.251287 0.241479 0.292907
0.251371 0.241768 0.292907
0.251456 0.242057 0.292907
0.251540 0.242345 0.292907
0.251625 0.242634 0.292907
0.251709 0.242923 0.292907
0.251794 0.243211 0.292906
0.251878 0.243500 0.292906
0.251963 0.243789 0.292906
0.252047 0.244077 0.292906
0.252132 0.244366 0.292906
0.252216 0.244655 0.292906
0.252301 0.244943 0.292906
0.252385 0.245232 0.292906
0.252470 0.245521 0.292906
0.252554 0.245809 0.292905
0.252639 0.246098 0.292905
0.252723 0.246387 0.292905
0.252808 0.246675 0.292905
0.252893 0.246964 0.292905
0.252977 0.247253 0.292905
0.253062 0.247541 0.292905
0.253146 0.247830 0.292905
0.253231 0.248119 0.292904
0.253315 0.248407 0.292904
0.253400 0.248696 0.292904
0.253484 0.248985 0.292904
0.253569 0.249273 0.292904
0.253653 0.249562 0.292904
0.253738 0.249851 0.292904
0.253822 0.250139 0.292904
0.253907 0.250428 0.292904
0.253991 0.250717 0.292904
0.254076 0.251005 0.292903
0.254160 0.251294 0.292903
0.254245 0.251583 0.292903
0.254329 0.251871 0.292903
0.254414 0.252160 0.292903
0.254498 0.252449 0.292903
0.254583 0.252737 0.292903
0.254667 0.253026 0.292903
0.254752 0.253314 0.292903
0.254837 0.253603 0.292902
0.254921 0.253892 0.292902
0.255006 0.254180 0.292902
0.255090 0.254469 0.292902
0.255175 0.254758 0.292902
0.255259 0.255046 0.292902
0.255344 0.255335 0.292902
0.255428 0.255624 0.292902
0.255513 0.255912 0.292902
0.255597 0.256201 0.292902
0.255682 0.256490 0.292901
0.255766 0.256778 0.292901
0.255851 0.257067 0.292901
0.255935 0.257356 0.292901
0.256020 0.257644 0.292901
0.256104 0.257933 0.292901
0.256189 0.258222 0.292901
0.256273 0.258510 0.292901
0.256358 0.258799 0.292901
0.256442 0.259088 0.292901
0.256527 0.259376 0.292901
0.256612 0.259665 0.292900
0.256696 0.259954 0.292900
0.256781 0.260242 0.292900
0.256865 0.260531 0.292900
0.256950 0.260820 0.292900
0.257034 0.261108 0.292900
0.257119 0.261397 0.292900
0.257203 0.261686 0.292900
0.257288 0.261974 0.292900
0.257372 0.262263 0.292900
0.257457 0.262552 0.292899
0.257541 0.262840 0.292899
0.257626 0.263129 0.292899
0.257710 0.263418 0.292899
0.257795 0.263706 0.292899
0.257879 0.263995 0.292899
0.257964 0.264283 0.292899
0.258048 0.264572 0.292899
0.258133 0.264861 0.292899
0.258217 0.265149 0.292899
0.258302 0.265438 0.292899
0.258387 0.265727 0.292899
0.258471 0.266015 0.292898
0.258556 0.266304 0.292898
0.258640 0.266593 0.292898
0.258725 0.266881 0.292898
0.258809 0.267170 0.292898
0.258894 0.267459 0.292898
0.258978 0.267747 0.292898
0.259063 0.268036 0.292898
0.259147 0.268325 0.292898
0.259232 0.268613 0.292898
0.259316 0.268902 0.292898
0.259401 0.269191 0.292897
0.259485 0.269479 0.292897
0.259570 0.269768 0.292897
0.259654 0.270057 0.292897
0.259739 0.270345 0.292897
0.259823 0.270634 0.292897
0.259908 0.270923 0.292897
0.259993 0.271211 0.292897
0.260077 0.271500 0.292897
0.260162 0.271789 0.292897
0.260246 0.272077 0.292897
0.260331 0.272366 0.292897
0.260415 0.272655 0.292897
0.260500 0.272943 0.292896
0.260584 0.273232 0.292896
0.260669 0.273521 0.292896
0.260753 0.273809 0.292896
0.260838 0.274098 0.292896
0.260922 0.274387 0.292896
0.261007 0.274675 0.292896
0.261091 0.274964 0.292896
0.261176 0.275253 0.292896
0.261260 0.275541 0.292896
0.261345 0.275830 0.292896
0.261429 0.276118 0.292896
0.261514 0.276407 0.292895
0.261598 0.276696 0.292895
0.261683 0.276984 0.292895
0.261768 0.277273 0.292895
0.261852 0.277562 0.292895
0.261937 0.277850 0.292895
0.262021 0.278139 0.292895
0.262106 0.278428 0.292895
0.262190 0.278716 0.292895
0.262275 0.279005 0.292895
0.262359 0.279294 0.292895
0.262444 0.279582 0.292895
0.262528 0.279871 0.292895
0.262613 0.280160 0.292895
0.262697 0.280448 0.292894
0.262782 0.280737 0.292894
0.262866 0.281026 0.292894
0.262951 0.281314 0.292894
0.263035 0.281603 0.292894
0.263120 0.281892 0.292894
0.263204 0.282180 0.292894
0.263289 0.282469 0.292894
0.263374 0.282758 0.292894
0.263458 0.283046 0.292894
0.263543 0.283335 0.292894
0.263627 0.283624 0.292894
0.263712 0.283912 0.292894
0.263796 0.284201 0.292894
0.263881 0.284490 0.292893
0.263965 0.284778 0.292893
0.264050 0.285067 0.292893
0.264134 0.285356 0.292893
0.264219 0.285644 0.292893
0.264303 0.285933 0.292893
0.264388 0.286222 0.292893
0.264472 0.286510 0.292893
0.264557 0.286799 0.292893
0.264641 0.287087 0.292893
0.264726 0.287376 0.292893
0.264810 0.287665 0.292893
0.264895 0.287953 0.292893
0.264980 0.288242 0.292893
0.265064 0.288531 0.292893
0.265149 0.288819 0.292892
0.265233 0.289108 0.292892
0.265318 0.289397 0.292892
0.265402 0.289685 0.292892
0.265487 0.289974 0.292892
0.265571 0.290263 0.292892
0.265656 0.290551 0.292892
0.265740 0.290840 0.292892
0.265825 0.291129 0.292892
0.265909 0.291417 0.292892
0.265994 0.291706 0.292892
0.266078 0.291995 0.292892
0.266163 0.292283 0.292892
0.266247 0.292572 0.292892
0.266332 0.292861 0.292892
0.266416 0.293149 0.292892
0.266501 0.293438 0.292891
0.266586 0.293727 0.292891
0.266670 0.294015 0.292891
0.266755 0.294304 0.292891
0.266839 0.294593 0.292891
0.266924 0.294881 0.292891
0.267008 0.295170 0.292891
0.267093 0.295459 0.292891
0.267177 0.295747 0.292891
0.267262 0.296036 0.292891
0.267346 0.296325 0.292891
0.267431 0.296613 0.292891
0.267515 0.296902 0.292891
0.267600 0.297191 0.292891
0.267684 0.297479 0.292891
0.267769 0.297768 0.292891
0.267853 0.298057 0.292890
0.267938 0.298345 0.292890
0.268023 0.298634 0.292890
0.268107 0.298922 0.292890
0.268192 0.299211 0.292890
0.268276 0.299500 0.292890
0.268361 0.299788 0.292890
0.268445 0.300077 0.292890
0.268530 0.300366 0.292890
0.268614 0.300654 0.292890
0.268699 0.300943 0.292890
0.268783 0.301232 0.292890
0.268868 0.301520 0.292890
0.268952 0.301809 0.292890
0.269037 0.302098 0.292890
0.269121 0.302386 0.292890
0.269206 0.302675 0.292890
0.269290 0.302964 0.292889
0.269375 0.303252 0.292889
0.269459 0.303541 0.292889
0.269544 0.303830 0.292889
0.269629 0.304118 0.292889
0.269713 0.304407 0.292889
0.269798 0.304696 0.292889
0.269882 0.304984 0.292889
0.269967 0.305273 0.292889
0.270051 0.305562 0.292889
0.270136 0.305850 0.292889
0.270220 0.306139 0.292889
0.270305 0.306428 0.292889
0.270389 0.306716 0.292889
0.270474 0.307005 0.292889
0.270558 0.307294 0.292889
0.270643 0.307582 0.292889
0.270727 0.307871 0.292889
0.270812 0.308160 0.292889
0.270896 0.308448 0.292888
0.270981 0.308737 0.292888
0.271066 0.309026 0.292888
0.271150 0.309314 0.292888
0.271235 0.309603 0.292888
0.271319 0.309891 0.292888
0.271404 0.310180 0.292888
0.271488 0.310469 0.292888
0.271573 0.310757 0.292888
0.271657 0.311046 0.292888
0.271742 0.311335 0.292888
0.271826 0.311623 0.292888
0.271911 0.311912 0.292888
0.271995 0.312201 0.292888
0.272080 0.312489 0.292888
0.272164 0.312778 0.292888
0.272249 0.313067 0.292888
0.272333 0.313355 0.292888
0.272418 0.313644 0.292888
0.272503 0.313933 0.292888
0.272587 0.314221 0.292887
0.272672 0.314510 0.292887
0.272756 0.314799 0.292887
0.272841 0.315087 0.292887
0.272925 0.315376 0.292887
0.273010 0.315665 0.292887
0.273094 0.315953 0.292887
0.273179 0.316242 0.292887
0.273263 0.316531 0.292887
0.273348 0.316819 0.292887
0.273432 0.317108 0.292887
0.273517 0.317397 0.292887
0.273601 0.317685 0.292887
0.273686 0.317974 0.292887
0.273770 0.318263 0.292887
0.273855 0.318551 0.292887
0.273940 0.318840 0.292887
0.274024 0.319129 0.292887
0.274109 0.319417 0.292887
0.274193 0.319706 0.292887
0.274278 0.319995 0.292887
0.274362 0.320283 0.292886
0.274447 0.320572 0.292886
0.274531 0.320861 0.292886
0.274616 0.321149 0.292886
0.274700 0.321438 0.292886
0.274785 0.321726 0.292886
0.274869 0.322015 0.292886
0.274954 0.322304 0.292886
0.275038 0.322592 0.292886
0.275123 0.322881 0.292886
0.275207 0.323170 0.292886
0.275292 0.323458 0.292886
0.275377 0.323747 0.292886
0.275461 0.324036 0.292886
0.275546 0.324324 0.292886
0.275630 0.324613 0.292886
0.275715 0.324902 0.292886
0.275799 0.325190 0.292886
0.275884 0.325479 0.292886
0.275968 0.325768 0.292886
0.276053 0.326056 0.292886
0.276137 0.326345 0.292886
0.276222 0.326634 0.292885
0.276306 0.326922 0.292885
0.276391 0.327211 0.292885
0.276475 0.327500 0.292885
0.276560 0.327788 0.292885
0.276644 0.328077 0.292885
0.276729 0.328366 0.292885
0.276814 0.328654 0.292885
0.276898 0.328943 0.292885
0.276983 0.329232 0.292885
0.277067 0.329520 0.292885
0.277152 0.329809 0.292885
0.277236 0.330098 0.292885
0.277321 0.330386 0.292885
0.277405 0.330675 0.292885
0.277490 0.330964 0.292885
0.277574 0.331252 0.292885
0.277659 0.331541 0.292885
0.277743 0.331830 0.292885
0.277828 0.332118 0.292885
0.277912 0.332407 0.292885
0.277997 0.332695 0.292885
0.278081 0.332984 0.292885
0.278166 0.333273 0.292885
0.278251 0.333561 0.292884
0.278335 0.333850 0.292884
0.278420 0.334139 0.292884
0.278504 0.334427 0.292884
0.278589 0.334716 0.292884
0.278673 0.335005 0.292884
0.278758 0.335293 0.292884
0.278842 0.335582 0.292884
0.278927 0.335871 0.292884
0.279011 0.336159 0.292884
0.279096 0.336448 0.292884
0.279180 0.336737 0.292884
0.279265 0.337025 0.292884
0.279349 0.337314 0.292884
0.279434 0.337603 0.292884
0.279518 0.337891 0.292884
0.279603 0.338180 0.292884
0.279688 0.338469 0.292884
0.279772 0.338757 0.292884
0.279857 0.339046 0.292884
0.279941 0.339335 0.292884
0.280026 0.339623 0.292884
0.280110 0.339912 0.292884
0.280195 0.340201 0.292884
0.280279 0.340489 0.292884
0.280364 0.340778 0.292884
0.280448 0.341067 0.292883
0.280533 0.341355 0.292883
0.280617 0.341644 0.292883
0.280702 0.341933 0.292883
0.280786 0.342221 0.292883
0.280871 0.342510 0.292883
0.280956 0.342799 0.292883
0.281040 0.343087 0.292883
0.281125 0.343376 0.292883
0.281209 0.343665 0.292883
0.281294 0.343953 0.292883
0.281378 0.344242 0.292883
0.281463 0.344530 0.292883
0.281547 0.344819 0.292883
0.281632 0.345108 0.292883
0.281716 0.345396 0.292883
0.281801 0.345685 0.292883
0.281885 0.345974 0.292883
0.281970 0.346262 0.292883
0.282054 0.346551 0.292883
0.282139 0.346840 0.292883
0.282223 0.347128 0.292883
0.282308 0.347417 0.292883
0.282393 0.347706 0.292883
0.282477 0.347994 0.292883
0.282562 0.348283 0.292883
0.282646 0.348572 0.292883
0.282731 0.348860 0.292883
0.282815 0.349149 0.292882
0.282900 0.349438 0.292882
0.282984 0.349726 0.292882
0.283069 0.350015 0.292882
0.283153 0.350304 0.292882
0.283238 0.350592 0.292882
0.283322 0.350881 0.292882
0.283407 0.351170 0.292882
0.283491 0.351458 0.292882
0.283576 0.351747 0.292882
0.283660 0.352036 0.292882
0.283745 0.352324 0.292882
0.283830 0.352613 0.292882
0.283914 0.352902 0.292882
0.283999 0.353190 0.292882
0.284083 0.353479 0.292882
0.284168 0.353768 0.292882
0.284252 0.354056 0.292882
0.284337 0.354345 0.292882
0.284421 0.354634 0.292882
0.284506 0.354922 0.292882
0.284590 0.355211 0.292882
0.284675 0.355499 0.292882
0.284759 0.355788 0.292882
0.284844 0.356077 0.292882
0.284928 0.356365 0.292882
0.285013 0.356654 0.292882
0.285098 0.356943 0.292882
0.285182 0.357231 0.292882
0.285267 0.357520 0.292882
0.285351 0.357809 0.292881
0.285436 0.358097 0.292881
0.285520 0.358386 0.292881
0.285605 0.358675 0.292881
0.285689 0.358963 0.292881
0.285774 0.359252 0.292881
0.285858 0.359541 0.292881
0.285943 0.359829 0.292881
0.286027 0.360118 0.292881
0.286112 0.360407 0.292881
0.286196 0.360695 0.292881
0.286281 0.360984 0.292881
0.286366 0.361273 0.292881
0.286450 0.361561 0.292881
0.286535 0.361850 0.292881
0.286619 0.362139 0.292881
0.286704 0.362427 0.292881
0.286788 0.362716 0.292881
0.286873 0.363005 0.292881
0.286957 0.363293 0.292881
0.287042 0.363582 0.292881
0.287126 0.363871 0.292881
0.287211 0.364159 0.292881
0.287295 0.364448 0.292881
0.287380 0.364737 0.292881
0.287464 0.365025 0.292881
0.287549 0.365314 0.292881
0.287633 0.365603 0.292881
0.287718 0.365891 0.292881
0.287803 0.366180 0.292881
0.287887 0.366469 0.292881
0.287972 0.366757 0.292881
0.288056 0.367046 0.292881
0.288141 0.367334 0.292881
0.288225 0.367623 0.292880
0.288310 0.367912 0.292880
0.288394 0.368200 0.292880
0.288479 0.368489 0.292880
0.288563 0.368778 0.292880
0.288648 0.369066 0.292880
0.288732 0.369355 0.292880
0.288817 0.369644 0.292880
0.288901 0.369932 0.292880
0.288986 0.370221 0.292880
0.289071 0.370510 0.292880
0.289155 0.370798 0.292880
0.289240 0.371087 0.292880
0.289324 0.371376 0.292880
0.289409 0.371664 0.292880
0.289493 0.371953 0.292880
0.289578 0.372242 0.292880
0.289662 0.372530 0.292880
0.289747 0.372819 0.292880
0.289831 0.373108 0.292880
0.289916 0.373396 0.292880
0.290000 0.373685 0.292880
0.290085 0.373974 0.292880
0.290169 0.374262 0.292880
0.290254 0.374551 0.292880
0.290338 0.374840 0.292880
0.290423 0.375128 0.292880
0.290508 0.375417 0.292880
0.290592 0.375706 0.292880
0.290677 0.375994 0.292880
0.290761 0.376283 0.292880
0.290846 0.376572 0.292880
0.290930 0.376860 0.292880
0.291015 0.377149 0.292880
0.291099 0.377438 0.292880
0.291184 0.377726 0.292880
0.291268 0.378015 0.292879
0.291353 0.378303 0.292879
0.291437 0.378592 0.292879
0.291522 0.378881 0.292879
0.291606 0.379169 0.292879
0.291691 0.379458 0.292879
0.291776 0.379747 0.292879
0.291860 0.380035 0.292879
0.291945 0.380324 0.292879
0.292029 0.380613 0.292879
0.292114 0.380901 0.292879
0.292198 0.381190 0.292879
0.292283 0.381479 0.292879
0.292367 0.381767 0.292879
0.292452 0.382056 0.292879
0.292536 0.382345 0.292879
0.292621 0.382633 0.292879
0.292705 0.382922 0.292879
0.292790 0.383211 0.292879
0.292874 0.383499 0.292879
0.292959 0.383788 0.292879
0.293044 0.384077 0.292879
0.293128 0.384365 0.292879
0.293213 0.384654 0.292879
0.293297 0.384943 0.292879
0.293382 0.385231 0.292879
0.293466 0.385520 0.292879
0.293551 0.385809 0.292879
0.293635 0.386097 0.292879
0.293720 0.386386 0.292879
0.293804 0.386675 0.292879
0.293889 0.386963 0.292879
0.293973 0.387252 0.292879
0.294058 0.387541 0.292879
0.294142 0.387829 0.292879
0.294227 0.388118 0.292879
0.294312 0.388407 0.292879
0.294396 0.388695 0.292879
0.294481 0.388984 0.292879
0.294565 0.389273 0.292879
0.294650 0.389561 0.292879
0.294734 0.389850 0.292878
0.294819 0.390138 0.292878
0.294903 0.390427 0.292878
0.294988 0.390716 0.292878
0.295072 0.391004 0.292878
0.295157 0.391293 0.292878
0.295241 0.391582 0.292878
0.295326 0.391870 0.292878
0.295410 0.392159 0.292878
0.295495 0.392448 0.292878
0.295580 0.392736 0.292878
0.295664 0.393025 0.292878
0.295749 0.393314 0.292878
0.295833 0.393602 0.292878
0.295918 0.393891 0.292878
0.296002 0.394180 0.292878
0.296087 0.394468 0.292878
0.296171 0.394757 0.292878
0.296256 0.395046 0.292878
0.296340 0.395334 0.292878
0.296425 0.395623 0.292878
0.296509 0.395912 0.292878
0.296594 0.396200 0.292878
0.296678 0.396489 0.292878
0.296763 0.396778 0.292878
0.296848 0.397066 0.292878
0.296932 0.397355 0.292878
0.297017 0.397644 0.292878
0.297101 0.397932 0.292878
0.297186 0.398221 0.292878
0.297270 0.398510 0.292878
0.297355 0.398798 0.292878
0.297439 0.399087 0.292878
0.297524 0.399376 0.292878
0.297608 0.399664 0.292878
0.297693 0.399953 0.292878
0.297777 0.400242 0.292878
0.297862 0.400530 0.292878
0.297946 0.400819 0.292878
0.298031 0.401108 0.292878
0.298116 0.401396 0.292878
0.298200 0.401685 0.292878
0.298285 0.401973 0.292878
0.298369 0.402262 0.292878
0.298454 0.402551 0.292878
0.298538 0.402839 0.292878
0.298623 0.403128 0.292877
0.298707 0.403417 0.292877
0.298792 0.403705 0.292877
0.298876 0.403994 0.292877
0.298961 0.404283 0.292877
0.299045 0.404571 0.292877
0.299130 0.404860 0.292877
0.299214 0.405149 0.292877
0.299299 0.405437 0.292877
0.299384 0.405726 0.292877
0.299468 0.406015 0.292877
0.299553 0.406303 0.292877
0.299637 0.406592 0.292877
0.299722 0.406881 0.292877
0.299806 0.407169 0.292877
0.299891 0.407458 0.292877
0.299975 0.407747 0.292877
0.300060 0.408035 0.292877
0.300144 0.408324 0.292877
0.300229 0.408613 0.292877
0.300313 0.408901 0.292877
0.300398 0.409190 0.292877
0.300482 0.409479 0.292877
0.300567 0.409767 0.292877
0.300652 0.410056 0.292877
0.300736 0.410345 0.292877
0.300821 0.410633 0.292877
0.300905 0.410922 0.292877
0.300990 0.411211 0.292877
0.301074 0.411499 0.292877
0.301159 0.411788 0.292877
0.301243 0.412077 0.292877
0.301328 0.412365 0.292877
0.301412 0.412654 0.292877
0.301497 0.412942 0.292877
0.301581 0.413231 0.292877
0.301666 0.413520 0.292877
0.301750 0.413808 0.292877
0.301835 0.414097 0.292877
0.301920 0.414386 0.292877
0.302004 0.414674 0.292877
0.302089 0.414963 0.292877
0.302173 0.415252 0.292877
0.302258 0.415540 0.292877
0.302342 0.415829 0.292877
0.302427 0.416118 0.292877
0.302511 0.416406 0.292877
0.302596 0.416695 0.292877
0.302680 0.416984 0.292877
0.302765 0.417272 0.292877
0.302849 0.417561 0.292877
0.302934 0.417850 0.292877
0.303018 0.418138 0.292876
0.303103 0.418427 0.292876
0.303188 0.418716 0.292876
0.303272 0.419004 0.292876
0.303357 0.419293 0.292876
0.303441 0.419582 0.292876
0.303526 0.419870 0.292876
0.303610 0.420159 0.292876
0.303695 0.420448 0.292876
0.303779 0.420736 0.292876
0.303864 0.421025 0.292876
0.303948 0.421314 0.292876
0.304033 0.421602 0.292876
0.304117 0.421891 0.292876
0.304202 0.422180 0.292876
0.304286 0.422468 0.292876
0.304371 0.422757 0.292876
0.304456 0.423046 0.292876
0.304540 0.423334 0.292876
0.304625 0.423623 0.292876
0.304709 0.423912 0.292876
0.304794 0.424200 0.292876
0.304878 0.424489 0.292876
0.304963 0.424777 0.292876
0.305047 0.425066 0.292876
0.305132 0.425355 0.292876
0.305216 0.425643 0.292876
0.305301 0.425932 0.292876
0.305385 0.426221 0.292876
0.305470 0.426509 0.292876
0.305554 0.426798 0.292876
0.305639 0.427087 0.292876
0.305724 0.427375 0.292876
0.305808 0.427664 0.292876
0.305893 0.427953 0.292876
0.305977 0.428241 0.292876
0.306062 0.428530 0.292876
0.306146 0.428819 0.292876
0.306231 0.429107 0.292876
0.306315 0.429396 0.292876
0.306400 0.429685 0.292876
0.306484 0.429973 0.292876
0.306569 0.430262 0.292876
0.306653 0.430551 0.292876
0.306738 0.430839 0.292876
0.306822 0.431128 0.292876
0.306907 0.431417 0.292876
0.306992 0.431705 0.292876
0.307076 0.431994 0.292876
0.307161 0.432283 0.292876
0.307245 0.432571 0.292876
0.307330 0.432860 0.292876
0.307414 0.433149 0.292876
0.307499 0.433437 0.292876
0.307583 0.433726 0.292876
0.307668 0.434015 0.292876
0.307752 0.434303 0.292876
0.307837 0.434592 0.292876
0.307921 0.434881 0.292876
0.308006 0.435169 0.292875
0.308090 0.435458 0.292875
0.308175 0.435746 0.292875
0.308260 0.436035 0.292875
0.308344 0.436324 0.292875
0.308429 0.436612 0.292875
0.308513 0.436901 0.292875
0.308598 0.437190 0.292875
0.308682 0.437478 0.292875
0.308767 0.437767 0.292875
0.308851 0.438056 0.292875
0.308936 0.438344 0.292875
0.309020 0.438633 0.292875
0.309105 0.438922 0.292875
0.309189 0.439210 0.292875
0.309274 0.439499 0.292875
0.309358 0.439788 0.292875
0.309443 0.440076 0.292875
0.309528 0.440365 0.292875
0.309612 0.440654 0.292875
0.309697 0.440942 0.292875
0.309781 0.441231 0.292875
0.309866 0.441520 0.292875
0.309950 0.441808 0.292875
0.310035 0.442097 0.292875
0.310119 0.442386 0.292875
0.310204 0.442674 0.292875
0.310288 0.442963 0.292875
0.310373 0.443252 0.292875
0.310457 0.443540 0.292875
0.310542 0.443829 0.292875
0.310627 0.444118 0.292875
0.310711 0.444406 0.292875
0.310796 0.444695 0.292875
0.310880 0.444984 0.292875
0.310965 0.445272 0.292875
0.311049 0.445561 0.292875
0.311134 0.445850 0.292875
0.311218 0.446138 0.292875
0.311303 0.446427 0.292875
0.311387 0.446716 0.292875
0.311472 0.447004 0.292875
0.311556 0.447293 0.292875
0.311641 0.447581 0.292875
0.311725 0.447870 0.292875
0.311810 0.448159 0.292875
0.311895 0.448447 0.292875
0.311979 0.448736 0.292875
0.312064 0.449025 0.292875
0.312148 0.449313 0.292875
0.312233 0.449602 0.292875
0.312317 0.449891 0.292875
0.312402 0.450179 0.292875
0.312486 0.450468 0.292875
0.312571 0.450757 0.292875
0.312655 0.451045 0.292875
0.312740 0.451334 0.292875
0.312824 0.451623 0.292875
0.312909 0.451911 0.292875
0.312993 0.452200 0.292875
0.313078 0.452489 0.292875
0.313163 0.452777 0.292875
0.313247 0.453066 0.292875
0.313332 0.453355 0.292875
0.313416 0.453643 0.292875
0.313501 0.453932 0.292875
0.313585 0.454221 0.292875
0.313670 0.454509 0.292875
0.313754 0.454798 0.292875
0.313839 0.455087 0.292875
0.313923 0.455375 0.292874
0.314008 0.455664 0.292874
0.314092 0.455953 0.292874
0.314177 0.456241 0.292874
0.314261 0.456530 0.292874
0.314346 0.456819 0.292874
0.314431 0.457107 0.292874
0.314515 0.457396 0.292874
0.314600 0.457685 0.292874
0.314684 0.457973 0.292874
0.314769 0.458262 0.292874
0.314853 0.458550 0.292874
0.314938 0.458839 0.292874
0.315022 0.459128 0.292874
0.315107 0.459416 0.292874
0.315191 0.459705 0.292874
0.315276 0.459994 0.292874
0.315360 0.460282 0.292874
0.315445 0.460571 0.292874
0.315530 0.460860 0.292874
0.315614 0.461148 0.292874
0.315699 0.461437 0.292874
0.315783 0.461726 0.292874
0.315868 0.462014 0.292874
0.315952 0.462303 0.292874
0.316037 0.462592 0.292874
0.316121 0.462880 0.292874
0.316206 0.463169 0.292874
0.316290 0.463458 0.292874
0.316375 0.463746 0.292874
0.316459 0.464035 0.292874
0.316544 0.464324 0.292874
0.316628 0.464612 0.292874
0.316713 0.464901 0.292874
0.316798 0.465190 0.292874
0.316882 0.465478 0.292874
0.316967 0.465767 0.292874
0.317051 0.466056 0.292874
0.317136 0.466344 0.292874
0.317220 0.466633 0.292874
0.317305 0.466922 0.292874
0.317389 0.467210 0.292874
0.317474 0.467499 0.292874
0.317558 0.467788 0.292874
0.317643 0.468076 0.292874
0.317727 0.468365 0.292874
0.317812 0.468654 0.292874
0.317896 0.468942 0.292874
0.317981 0.469231 0.292874
0.318066 0.469520 0.292874
0.318150 0.469808 0.292874
0.318235 0.470097 0.292874
0.318319 0.470385 0.292874
0.318404 0.470674 0.292874
0.318488 0.470963 0.292874
0.318573 0.471251 0.292874
0.318657 0.471540 0.292874
0.318742 0.471829 0.292874
0.318826 0.472117 0.292874
0.318911 0.472406 0.292874
0.318995 0.472695 0.292874
0.319080 0.472983 0.292874
0.319165 0.473272 0.292874
0.319249 0.473561 0.292874
0.319334 0.473849 0.292874
0.319418 0.474138 0.292874
0.319503 0.474427 0.292874
0.319587 0.474715 0.292874
0.319672 0.475004 0.292874
0.319756 0.475293 0.292874
0.319841 0.475581 0.292874
0.319925 0.475870 0.292874
0.320010 0.476159 0.292874
0.320094 0.476447 0.292874
0.320179 0.476736 0.292874
0.320263 0.477025 0.292874
0.320348 0.477313 0.292874
0.320433 0.477602 0.292874
0.320517 0.477891 0.292874
0.320602 0.478179 0.292874
0.320686 0.478468 0.292874
0.320771 0.478757 0.292874
0.320855 0.479045 0.292874
0.320940 0.479334 0.292874
0.321024 0.479623 0.292873
0.321109 0.479911 0.292873
0.321193 0.480200 0.292873
0.321278 0.480489 0.292873
0.321362 0.480777 0.292873
0.321447 0.481066 0.292873
0.321531 0.481354 0.292873
0.321616 0.481643 0.292873
0.321701 0.481932 0.292873
0.321785 0.482220 0.292873
0.321870 0.482509 0.292873
0.321954 0.482798 0.292873
0.322039 0.483086 0.292873
0.322123 0.483375 0.292873
0.322208 0.483664 0.292873
0.322292 0.483952 0.292873
0.322377 0.484241 0.292873
0.322461 0.484530 0.292873
0.322546 0.484818 0.292873
0.322630 0.485107 0.292873
0.322715 0.485396 0.292873
0.322800 0.485684 0.292873
0.322884 0.485973 0.292873
0.322969 0.486262 0.292873
0.323053 0.486550 0.292873
0.323138 0.486839 0.292873
0.323222 0.487128 0.292873
0.323307 0.487416 0.292873
0.323391 0.487705 0.292873
0.323476 0.487994 0.292873
0.323560 0.488282 0.292873
0.323645 0.488571 0.292873
0.323729 0.488860 0.292873
0.323814 0.489148 0.292873
0.323898 0.489437 0.292873
0.323983 0.489726 0.292873
0.324068 0.490014 0.292873
0.324152 0.490303 0.292873
0.324237 0.490592 0.292873
0.324321 0.490880 0.292873
0.324406 0.491169 0.292873
0.324490 0.491458 0.292873
0.324575 0.491746 0.292873
0.324659 0.492035 0.292873
0.324744 0.492324 0.292873
0.324828 0.492612 0.292873
0.324913 0.492901 0.292873
0.324997 0.493189 0.292873
0.325082 0.493478 0.292873
0.325167 0.493767 0.292873
0.325251 0.494055 0.292873
0.325336 0.494344 0.292873
0.325420 0.494633 0.292873
0.325505 0.494921 0.292873
0.325589 0.495210 0.292873
0.325674 0.495499 0.292873
0.325758 0.495787 0.292873
0.325843 0.496076 0.292873
0.325927 0.496365 0.292873
0.326012 0.496653 0.292873
0.326096 0.496942 0.292873
0.326181 0.497231 0.292873
0.326265 0.497519 0.292873
0.326350 0.497808 0.292873
0.326435 0.498097 0.292873
0.326519 0.498385 0.292873
0.326604 0.498674 0.292873
0.326688 0.498963 0.292873
0.326773 0.499251 0.292873
0.326857 0.499540 0.292873
0.326942 0.499829 0.292873
0.327026 0.500117 0.292873
0.327111 0.500406 0.292873
0.327195 0.500695 0.292873
0.327280 0.500983 0.292873
0.327364 0.501272 0.292873
0.327449 0.501561 0.292873
0.327534 0.501849 0.292873
0.327618 0.502138 0.292873
0.327703 0.502427 0.292873
0.327787 0.502715 0.292873
0.327872 0.503004 0.292873
0.327956 0.503293 0.292873
0.328041 0.503581 0.292873
0.328125 0.503870 0.292873
0.328210 0.504158 0.292873
0.328294 0.504447 0.292873
0.328379 0.504736 0.292873
0.328463 0.505024 0.292873
0.328548 0.505313 0.292873
0.328632 0.505602 0.292873
0.328717 0.505890 0.292873
0.328802 0.506179 0.292873
0.328886 0.506468 0.292873
0.328971 0.506756 0.292873
0.329055 0.507045 0.292873
0.329140 0.507334 0.292873
0.329224 0.507622 0.292873
0.329309 0.507911 0.292873
0.329393 0.508200 0.292873
0.329478 0.508488 0.292873
0.329562 0.508777 0.292873
0.329647 0.509066 0.292873
0.329731 0.509354 0.292873
0.329816 0.509643 0.292873
0.329901 0.509932 0.292872
0.329985 0.510220 0.292872
0.330070 0.510509 0.292872
0.330154 0.510798 0.292872
0.330239 0.511086 0.292872
0.330323 0.511375 0.292872
0.330408 0.511664 0.292872
0.330492 0.511952 0.292872
0.330577 0.512241 0.292872
0.330661 0.512530 0.292872
0.330746 0.512818 0.292872
0.330830 0.513107 0.292872
0.330915 0.513396 0.292872
0.330999 0.513684 0.292872
0.331084 0.513973 0.292872
0.331169 0.514262 0.292872
0.331253 0.514550 0.292872
0.331338 0.514839 0.292872
0.331422 0.515128 0.292872
0.331507 0.515416 0.292872
0.331591 0.515705 0.292872
0.331676 0.515993 0.292872
0.331760 0.516282 0.292872
0.331845 0.516571 0.292872
0.331929 0.516859 0.292872
0.332014 0.517148 0.292872
0.332098 0.517437 0.292872
0.332183 0.517725 0.292872
0.332268 0.518014 0.292872
0.332352 0.518303 0.292872
0.332437 0.518591 0.292872
0.332521 0.518880 0.292872
0.332606 0.519169 0.292872
0.332690 0.519457 0.292872
0.332775 0.519746 0.292872
0.332859 0.520035 0.292872
0.332944 0.520323 0.292872
0.333028 0.520612 0.292872
0.333113 0.520901 0.292872
0.333197 0.521189 0.292872
0.333282 0.521478 0.292872
0.333366 0.521767 0.292872
0.333451 0.522055 0.292872
0.333536 0.522344 0.292872
0.333620 0.522633 0.292872
0.333705 0.522921 0.292872
0.333789 0.523210 0.292872
0.333874 0.523499 0.292872
0.333958 0.523787 0.292872
0.334043 0.524076 0.292872
0.334127 0.524365 0.292872
0.334212 0.524653 0.292872
0.334296 0.524942 0.292872
0.334381 0.525231 0.292872
0.334465 0.525519 0.292872
0.334550 0.525808 0.292872
0.334635 0.526097 0.292872
0.334719 0.526385 0.292872
0.334804 0.526674 0.292872
0.334888 0.526962 0.292872
0.334973 0.527251 0.292872
0.335057 0.527540 0.292872
0.335142 0.527828 0.292872
0.335226 0.528117 0.292872
0.335311 0.528406 0.292872
0.335395 0.528694 0.292872
0.335480 0.528983 0.292872
0.335564 0.529272 0.292872
0.335649 0.529560 0.292872
0.335733 0.529849 0.292872
0.335818 0.530138 0.292872
0.335903 0.530426 0.292872
0.335987 0.530715 0.292872
0.336072 0.531004 0.292872
0.336156 0.531292 0.292872
0.336241 0.531581 0.292872
0.336325 0.531870 0.292872
0.336410 0.532158 0.292872
0.336494 0.532447 0.292872
0.336579 0.532736 0.292872
0.336663 0.533024 0.292872
0.336748 0.533313 0.292872
0.336832 0.533602 0.292872
0.336917 0.533890 0.292872
0.337002 0.534179 0.292872
0.337086 0.534468 0.292872
0.337171 0.534756 0.292872
0.337255 0.535045 0.292872
0.337340 0.535334 0.292872
0.337424 0.535622 0.292872
0.337509 0.535911 0.292872
0.337593 0.536200 0.292872
0.337678 0.536488 0.292872
0.337762 0.536777 0.292872
0.337847 0.537066 0.292872
0.337931 0.537354 0.292872
0.338016 0.537643 0.292872
0.338101 0.537932 0.292872
0.338185 0.538220 0.292872
0.338270 0.538509 0.292872
0.338354 0.538797 0.292872
0.338439 0.539086 0.292872
0.338523 0.539375 0.292872
0.338608 0.539663 0.292872
0.338692 0.539952 0.292872
0.338777 0.540241 0.292872
0.338861 0.540529 0.292872
0.338946 0.540818 0.292872
0.339030 0.541107 0.292872
0.339115 0.541395 0.292872
0.339199 0.541684 0.292872
0.339284 0.541973 0.292872
0.339369 0.542261 0.292872
0.339453 0.542550 0.292872
0.339538 0.542839 0.292872
0.339622 0.543127 0.292872
0.339707 0.543416 0.292872
0.339791 0.543705 0.292872
0.339876 0.543993 0.292872
0.339960 0.544282 0.292872
0.340045 0.544571 0.292872
0.340129 0.544859 0.292872
0.340214 0.545148 0.292872
0.340298 0.545437 0.292872
0.340383 0.545725 0.292872
0.340468 0.546014 0.292872
0.340552 0.546303 0.292872
0.340637 0.546591 0.292872
0.340721 0.546880 0.292872
0.340806 0.547169 0.292872
0.340890 0.547457 0.292872
0.340975 0.547746 0.292872
0.341059 0.548035 0.292872
0.341144 0.548323 0.292872
0.341228 0.548612 0.292872
0.341313 0.548901 0.292872
0.341397 0.549189 0.292872
0.341482 0.549478 0.292872
0.341566 0.549766 0.292872
0.341651 0.550055 0.292871
0.341736 0.550344 0.292871
0.341820 0.550632 0.292871
0.341905 0.550921 0.292871
0.341989 0.551210 0.292871
0.342074 0.551498 0.292871
0.342158 0.551787 0.292871
0.342243 0.552076 0.292871
0.342327 0.552364 0.292871
0.342412 0.552653 0.292871
0.342496 0.552942 0.292871
0.342581 0.553230 0.292871
0.342665 0.553519 0.292871
0.342750 0.553808 0.292871
0.342835 0.554096 0.292871
0.342919 0.554385 0.292871
0.343004 0.554674 0.292871
0.343088 0.554962 0.292871
0.343173 0.555251 0.292871
0.343257 0.555540 0.292871
0.343342 0.555828 0.292871
0.343426 0.556117 0.292871
0.343511 0.556406 0.292871
0.343595 0.556694 0.292871
0.343680 0.556983 0.292871
0.343764 0.557272 0.292871
0.343849 0.557560 0.292871
0.343934 0.557849 0.292871
0.344018 0.558138 0.292871
0.344103 0.558426 0.292871
0.344187 0.558715 0.292871
0.344272 0.559004 0.292871
0.344356 0.559292 0.292871
0.344441 0.559581 0.292871
0.344525 0.559870 0.292871
0.344610 0.560158 0.292871
0.344694 0.560447 0.292871
0.344779 0.560736 0.292871
0.344863 0.561024 0.292871
0.344948 0.561313 0.292871
0.345032 0.561601 0.292871
0.345117 0.561890 0.292871
0.345202 0.562179 0.292871
0.345286 0.562467 0.292871
0.345371 0.562756 0.292871
0.345455 0.563045 0.292871
0.345540 0.563333 0.292871
0.345624 0.563622 0.292871
0.345709 0.563911 0.292871
0.345793 0.564199 0.292871
0.345878 0.564488 0.292871
0.345962 0.564777 0.292871
0.346047 0.565065 0.292871
0.346131 0.565354 0.292871
0.346216 0.565643 0.292871
0.346301 0.565931 0.292871
0.346385 0.566220 0.292871
0.346470 0.566509 0.292871
0.346554 0.566797 0.292871
0.346639 0.567086 0.292871
0.346723 0.567375 0.292871
0.346808 0.567663 0.292871
0.346892 0.567952 0.292871
0.346977 0.568241 0.292871
0.347061 0.568529 0.292871
0.347146 0.568818 0.292871
0.347230 0.569107 0.292871
0.347315 0.569395 0.292871
0.347400 0.569684 0.292871
0.347484 0.569973 0.292871
0.347569 0.570261 0.292871
0.347653 0.570550 0.292871
0.347738 0.570839 0.292871
0.347822 0.571127 0.292871
0.347907 0.571416 0.292871
0.347991 0.571705 0.292871
0.348076 0.571993 0.292871
0.348160 0.572282 0.292871
0.348245 0.572570 0.292871
0.348329 0.572859 0.292871
0.348414 0.573148 0.292871
0.348498 0.573436 0.292871
0.348583 0.573725 0.292871
0.348668 0.574014 0.292871
0.348752 0.574302 0.292871
0.348837 0.574591 0.292871
0.348921 0.574880 0.292871
0.349006 0.575168 0.292871
0.349090 0.575457 0.292871
0.349175 0.575746 0.292871
0.349259 0.576034 0.292871
0.349344 0.576323 0.292871
0.349428 0.576612 0.292871
0.349513 0.576900 0.292871
0.349597 0.577189 0.292871
0.349682 0.577478 0.292871
0.349767 0.577766 0.292871
0.349851 0.578055 0.292871
0.349936 0.578344 0.292871
0.350020 0.578632 0.292871
0.350105 0.578921 0.292871
0.350189 0.579210 0.292871
0.350274 0.579498 0.292871
0.350358 0.579787 0.292871
0.350443 0.580076 0.292871
0.350527 0.580364 0.292871
0.350612 0.580653 0.292871
0.350696 0.580942 0.292871
0.350781 0.581230 0.292871
0.350866 0.581519 0.292871
0.350950 0.581808 0.292871
0.351035 0.582096 0.292871
0.351119 0.582385 0.292871
0.351204 0.582674 0.292871
0.351288 0.582962 0.292871
0.351373 0.583251 0.292871
0.351457 0.583540 0.292871
0.351542 0.583828 0.292871
0.351626 0.584117 0.292871
0.351711 0.584405 0.292871
0.351795 0.584694 0.292871
0.351880 0.584983 0.292871
0.351964 0.585271 0.292871
0.352049 0.585560 0.292871
0.352134 0.585849 0.292871
0.352218 0.586137 0.292871
0.352303 0.586426 0.292871
0.352387 0.586715 0.292871
0.352472 0.587003 0.292871
0.352556 0.587292 0.292871
0.352641 0.587581 0.292871
0.352725 0.587869 0.292871
0.352810 0.588158 0.292871
0.352894 0.588447 0.292871
0.352979 0.588735 0.292871
0.353063 0.589024 0.292871
0.353148 0.589313 0.292871
0.353233 0.589601 0.292871
0.353317 0.589890 0.292871
0.353402 0.590179 0.292871
0.353486 0.590467 0.292871
0.353571 0.590756 0.292871
0.353655 0.591045 0.292871
0.353740 0.591333 0.292871
0.353824 0.591622 0.292871
0.353909 0.591911 0.292871
0.353993 0.592199 0.292871
0.354078 0.592488 0.292871
0.354162 0.592777 0.292871
0.354247 0.593065 0.292871
0.354332 0.593354 0.292871
0.354416 0.593643 0.292871
0.354501 0.593931 0.292871
0.354585 0.594220 0.292871
0.354670 0.594509 0.292871
0.354754 0.594797 0.292871
0.354839 0.595086 0.292871
0.354923 0.595374 0.292871
0.355008 0.595663 0.292871
0.355092 0.595952 0.292871
0.355177 0.596240 0.292871
0.355261 0.596529 0.292871
0.355346 0.596818 0.292871
0.355431 0.597106 0.292871
0.355515 0.597395 0.292871
0.355600 0.597684 0.292871
0.355684 0.597972 0.292871
0.355769 0.598261 0.292871
0.355853 0.598550 0.292871
0.355938 0.598838 0.292871
0.356022 0.599127 0.292871
0.356107 0.599416 0.292871
0.356191 0.599704 0.292871
0.356276 0.599993 0.292871
0.356360 0.600282 0.292871
0.356445 0.600570 0.292871
0.356529 0.600859 0.292871
0.356614 0.601148 0.292871
0.356699 0.601436 0.292871
0.356783 0.601725 0.292871
0.356868 0.602014 0.292871
0.356952 0.602302 0.292871
0.357037 0.602591 0.292871
0.357121 0.602880 0.292871
0.357206 0.603168 0.292871
0.357290 0.603457 0.292871
0.357375 0.603746 0.292871
0.357459 0.604034 0.292871
0.357544 0.604323 0.292871
0.357628 0.604612 0.292871
0.357713 0.604900 0.292871
0.357798 0.605189 0.292871
0.357882 0.605478 0.292871
0.357967 0.605766 0.292871
0.358051 0.606055 0.292871
0.358136 0.606344 0.292871
0.358220 0.606632 0.292871
0.358305 0.606921 0.292871
0.358389 0.607209 0.292871
0.358474 0.607498 0.292871
0.358558 0.607787 0.292870
0.358643 0.608075 0.292870
0.358727 0.608364 0.292870
0.358812 0.608653 0.292870
0.358897 0.608941 0.292870
0.358981 0.609230 0.292870
0.359066 0.609519 0.292870
0.359150 0.609807 0.292870
0.359235 0.610096 0.292870
0.359319 0.610385 0.292870
0.359404 0.610673 0.292870
0.359488 0.610962 0.292870
0.359573 0.611251 0.292870
0.359657 0.611539 0.292870
0.359742 0.611828 0.292870
0.359826 0.612117 0.292870
0.359911 0.612405 0.292870
0.359996 0.612694 0.292870
0.360080 0.612983 0.292870
0.360165 0.613271 0.292870
0.360249 0.613560 0.292870
0.360334 0.613849 0.292870
0.360418 0.614137 0.292870
0.360503 0.614426 0.292870
0.360587 0.614715 0.292870
0.360672 0.615003 0.292870
0.360756 0.615292 0.292870
0.360841 0.615581 0.292870
0.360925 0.615869 0.292870
0.361010 0.616158 0.292870
0.361094 0.616447 0.292870
0.361179 0.616735 0.292870
0.361264 0.617024 0.292870
0.361348 0.617313 0.292870
0.361433 0.617601 0.292870
0.361517 0.617890 0.292870
0.361602 0.618178 0.292870
0.361686 0.618467 0.292870
0.361771 0.618756 0.292870
0.361855 0.619044 0.292870
0.361940 0.619333 0.292870
0.362024 0.619622 0.292870
0.362109 0.619910 0.292870
0.362193 0.620199 0.292870
0.362278 0.620488 0.292870
0.362363 0.620776 0.292870
0.362447 0.621065 0.292870
0.362532 0.621354 0.292870
0.362616 0.621642 0.292870
0.362701 0.621931 0.292870
0.362785 0.622220 0.292870
0.362870 0.622508 0.292870
0.362954 0.622797 0.292870
0.363039 0.623086 0.292870
0.363123 0.623374 0.292870
0.363208 0.623663 0.292870
0.363292 0.623952 0.292870
0.363377 0.624240 0.292870
0.363462 0.624529 0.292870
0.363546 0.624818 0.292870
0.363631 0.625106 0.292870
0.363715 0.625395 0.292870
0.363800 0.625684 0.292870
0.363884 0.625972 0.292870
0.363969 0.626261 0.292870
0.364053 0.626550 0.292870
0.364138 0.626838 0.292870
0.364222 0.627127 0.292870
0.364307 0.627416 0.292870
0.364391 0.627704 0.292870
0.364476 0.627993 0.292870
0.364561 0.628282 0.292870
0.364645 0.628570 0.292870
0.364730 0.628859 0.292870
0.364814 0.629148 0.292870
0.364899 0.629436 0.292870
0.364983 0.629725 0.292870
0.365068 0.630013 0.292870
0.365152 0.630302 0.292870
0.365237 0.630591 0.292870
0.365321 0.630879 0.292870
0.365406 0.631168 0.292870
0.365490 0.631457 0.292870
0.365575 0.631745 0.292870
0.365660 0.632034 0.292870
0.365744 0.632323 0.292870
0.365829 0.632611 0.292870
0.365913 0.632900 0.292870
0.365998 0.633189 0.292870
0.366082 0.633477 0.292870
0.366167 0.633766 0.292870
0.366251 0.634055 0.292870
0.366336 0.634343 0.292870
0.366420 0.634632 0.292870
0.366505 0.634921 0.292870
0.366589 0.635209 0.292870
0.366674 0.635498 0.292870
0.366758 0.635787 0.292870
0.366843 0.636075 0.292870
0.366928 0.636364 0.292870
0.367012 0.636653 0.292870
0.367097 0.636941 0.292870
0.367181 0.637230 0.292870
0.367266 0.637519 0.292870
0.367350 0.637807 0.292870
0.367435 0.638096 0.292870
0.367519 0.638385 0.292870
0.367604 0.638673 0.292870
0.367688 0.638962 0.292870
0.367773 0.639251 0.292870
0.367857 0.639539 0.292870
0.367942 0.639828 0.292870
0.368027 0.640117 0.292870
0.368111 0.640405 0.292870
0.368196 0.640694 0.292870
0.368280 0.640982 0.292870
0.368365 0.641271 0.292870
0.368449 0.641560 0.292870
0.368534 0.641848 0.292870
0.368618 0.642137 0.292870
0.368703 0.642426 0.292870
0.368787 0.642714 0.292870
0.368872 0.643003 0.292870
0.368956 0.643292 0.292870
0.369041 0.643580 0.292870
0.369126 0.643869 0.292870
0.369210 0.644158 0.292870
0.369295 0.644446 0.292870
0.369379 0.644735 0.292870
0.369464 0.645024 0.292870
0.369548 0.645312 0.292870
0.369633 0.645601 0.292870
0.369717 0.645890 0.292870
0.369802 0.646178 0.292870
0.369886 0.646467 0.292870
0.369971 0.646756 0.292870
0.370055 0.647044 0.292870
0.370140 0.647333 0.292870
0.370225 0.647622 0.292870
0.370309 0.647910 0.292870
0.370394 0.648199 0.292870
0.370478 0.648488 0.292870
0.370563 0.648776 0.292870
0.370647 0.649065 0.292870
0.370732 0.649354 0.292870
0.370816 0.649642 0.292870
0.370901 0.649931 0.292870
0.370985 0.650220 0.292870
0.371070 0.650508 0.292870
0.371154 0.650797 0.292870
0.371239 0.651086 0.292870
0.371324 0.651374 0.292870
0.371408 0.651663 0.292870
0.371493 0.651952 0.292870
0.371577 0.652240 0.292870
0.371662 0.652529 0.292870
0.371746 0.652817 0.292870
0.371831 0.653106 0.292870
0.371915 0.653395 0.292870
0.372000 0.653683 0.292870
0.372084 0.653972 0.292870
0.372169 0.654261 0.292870
0.372253 0.654549 0.292870
0.372338 0.654838 0.292870
0.372422 0.655127 0.292870
0.372507 0.655415 0.292870
0.372592 0.655704 0.292870
0.372676 0.655993 0.292870
0.372761 0.656281 0.292870
0.372845 0.656570 0.292870
0.372930 0.656859 0.292870
0.373014 0.657147 0.292870
0.373099 0.657436 0.292870
0.373183 0.657725 0.292870
0.373268 0.658013 0.292870
0.373352 0.658302 0.292870
0.373437 0.658591 0.292870
0.373521 0.658879 0.292870
0.373606 0.659168 0.292870
0.373691 0.659457 0.292870
0.373775 0.659745 0.292870
0.373860 0.660034 0.292870
0.373944 0.660323 0.292870
0.374029 0.660611 0.292870
0.374113 0.660900 0.292870
0.374198 0.661189 0.292870
0.374282 0.661477 0.292870
0.374367 0.661766 0.292870
0.374451 0.662055 0.292870
0.374536 0.662343 0.292870
0.374620 0.662632 0.292870
0.374705 0.662921 0.292870
0.374790 0.663209 0.292870
0.374874 0.663498 0.292870
0.374959 0.663786 0.292870
0.375043 0.664075 0.292870
0.375128 0.664364 0.292870
0.375212 0.664652 0.292870
0.375297 0.664941 0.292870
0.375381 0.665230 0.292870
0.375466 0.665518 0.292870
0.375550 0.665807 0.292870
0.375635 0.666096 0.292870
0.375719 0.666384 0.292870
0.375804 0.666673 0.292870
0.375889 0.666962 0.292870
0.375973 0.667250 0.292870
0.376058 0.667539 0.292870
0.376142 0.667828 0.292870
0.376227 0.668116 0.292870
0.376311 0.668405 0.292870
0.376396 0.668694 0.292870
0.376480 0.668982 0.292870
0.376565 0.669271 0.292870
0.376649 0.669560 0.292870
0.376734 0.669848 0.292870
0.376818 0.670137 0.292870
0.376903 0.670426 0.292870
0.376988 0.670714 0.292870
0.377072 0.671003 0.292870
0.377157 0.671292 0.292870
0.377241 0.671580 0.292870
0.377326 0.671869 0.292870
0.377410 0.672158 0.292870
0.377495 0.672446 0.292870
0.377579 0.672735 0.292870
0.377664 0.673024 0.292870
0.377748 0.673312 0.292870
0.377833 0.673601 0.292870
0.377917 0.673890 0.292870
0.378002 0.674178 0.292870
0.378087 0.674467 0.292870
0.378171 0.674756 0.292870
0.378256 0.675044 0.292870
0.378340 0.675333 0.292870
0.378425 0.675621 0.292870
0.378509 0.675910 0.292870
0.378594 0.676199 0.292870
0.378678 0.676487 0.292870
0.378763 0.676776 0.292870
0.378847 0.677065 0.292870
0.378932 0.677353 0.292870
0.379016 0.677642 0.292870
0.379101 0.677931 0.292870
0.379185 0.678219 0.292870
0.379270 0.678508 0.292870
0.379355 0.678797 0.292870
0.379439 0.679085 0.292870
0.379524 0.679374 0.292870
0.379608 0.679663 0.292870
0.379693 0.679951 0.292870
0.379777 0.680240 0.292870
0.379862 0.680529 0.292870
0.379946 0.680817 0.292870
0.380031 0.681106 0.292870
0.380115 0.681395 0.292870
0.380200 0.681683 0.292870
0.380284 0.681972 0.292870
0.380369 0.682261 0.292870
0.380454 0.682549 0.292870
0.380538 0.682838 0.292870
0.380623 0.683127 0.292870
0.380707 0.683415 0.292870
0.380792 0.683704 0.292870
0.380876 0.683993 0.292870
0.380961 0.684281 0.292870
0.381045 0.684570 0.292870
0.381130 0.684859 0.292870
0.381214 0.685147 0.292870
0.381299 0.685436 0.292870
0.381383 0.685725 0.292870
0.381468 0.686013 0.292870
0.381553 0.686302 0.292870
0.381637 0.686590 0.292870
0.381722 0.686879 0.292870
0.381806 0.687168 0.292870
0.381891 0.687456 0.292870
0.381975 0.687745 0.292870
0.382060 0.688034 0.292870
0.382144 0.688322 0.292870
0.382229 0.688611 0.292870
0.382313 0.688900 0.292870
0.382398 0.689188 0.292870
0.382482 0.689477 0.292870
0.382567 0.689766 0.292870
0.382652 0.690054 0.292870
0.382736 0.690343 0.292870
0.382821 0.690632 0.292870
0.382905 0.690920 0.292870
0.382990 0.691209 0.292870
0.383074 0.691498 0.292870
0.383159 0.691786 0.292870
0.383243 0.692075 0.292870
0.383328 0.692364 0.292870
0.383412 0.692652 0.292870
0.383497 0.692941 0.292870
0.383581 0.693230 0.292870
0.383666 0.693518 0.292870
0.383751 0.693807 0.292870
0.383835 0.694096 0.292870
0.383920 0.694384 0.292870
0.384004 0.694673 0.292870
0.384089 0.694962 0.292870
0.384173 0.695250 0.292870
0.384258 0.695539 0.292870
0.384342 0.695828 0.292870
0.384427 0.696116 0.292870
0.384511 0.696405 0.292870
0.384596 0.696694 0.292870
0.384680 0.696982 0.292870
0.384765 0.697271 0.292870
0.384850 0.697560 0.292870
0.384934 0.697848 0.292870
0.385019 0.698137 0.292870
0.385103 0.698425 0.292870
0.385188 0.698714 0.292870
0.385272 0.699003 0.292870
0.385357 0.699291 0.292870
0.385441 0.699580 0.292870
0.385526 0.699869 0.292870
0.385564 0.700000 0.292870
