0.865000 0.005204 0.000000
0.865000 0.007803 0.000000
0.865000 0.010402 0.000000
0.865000 0.013000 0.000000
0.865000 0.015599 0.000000
0.865000 0.018198 0.000000
0.865000 0.020797 0.000000
0.865000 0.023395 0.000000
0.865000 0.025994 0.000000
0.865000 0.028593 0.000000
0.865000 0.031192 0.000000
0.865000 0.033790 0.000000
0.865000 0.036389 0.000000
0.865000 0.038988 0.000000
0.865000 0.041586 0.000000
0.865000 0.044185 0.000000
0.865000 0.046784 0.000000
0.865000 0.049383 0.000000
0.865000 0.051981 0.000000
0.865000 0.054580 0.000000
0.865000 0.057179 0.000000
0.865000 0.059778 0.000000
0.865000 0.062376 0.000000
0.865000 0.064975 0.000000
0.865000 0.067574 0.000000
0.865000 0.070173 0.000000
0.865000 0.072771 0.000000
0.865000 0.075370 0.000000
0.865000 0.077969 0.000000
0.865000 0.080568 0.000000
0.865000 0.083166 0.000000
0.865000 0.085765 0.000000
0.865000 0.088364 0.000000
0.865000 0.090962 0.000000
0.865000 0.093561 0.000000
0.865000 0.096160 0.000000
0.865000 0.098759 0.000000
0.865000 0.101357 0.000000
0.865000 0.103956 0.000000
0.865000 0.106555 0.000000
0.865000 0.109154 0.000000
0.865000 0.111752 0.000000
0.865000 0.114351 0.000000
0.865000 0.116950 0.000000
0.865000 0.119549 0.000000
0.865000 0.122147 0.000000
0.865000 0.124746 0.000000
0.865000 0.127345 0.000000
0.865000 0.129944 0.000000
0.865000 0.132542 0.000000
0.865000 0.135141 0.000000
0.865000 0.137740 0.000000
0.865000 0.140338 0.000000
0.865000 0.142937 0.000000
0.865000 0.145536 0.000000
0.865000 0.148135 0.000000
0.865000 0.150733 0.000000
0.865000 0.153332 0.000000
0.865000 0.155931 0.000000
0.865000 0.158530 0.000000
0.865000 0.161128 0.000000
0.865000 0.163727 0.000000
0.865000 0.166326 0.000000
0.865000 0.168925 0.000000
0.865000 0.171523 0.000000
0.865000 0.174122 0.000000
0.865000 0.176721 0.000000
0.865000 0.179320 0.000000
0.865000 0.181918 0.000000
0.865000 0.184517 0.000000
0.865000 0.187116 0.000000
0.865000 0.189714 0.000000
0.865000 0.192313 0.000000
0.865000 0.194912 0.000000
0.865000 0.197511 0.000000
0.865000 0.200109 0.000000
0.865000 0.202708 0.000000
0.865000 0.205307 0.000000
0.865000 0.207906 0.000000
0.865000 0.210504 0.000000
0.865000 0.213103 0.000000
0.865000 0.215702 0.000000
0.865000 0.218301 0.000000
0.865000 0.220899 0.000000
0.865000 0.223498 0.000000
0.865000 0.226097 0.000000
0.865000 0.228696 0.000000
0.865000 0.231294 0.000000
0.865000 0.233893 0.000000
0.865000 0.236492 0.000000
0.865000 0.239090 0.000000
0.865000 0.241689 0.000000
0.865000 0.244288 0.000000
0.865000 0.246887 0.000000
0.865000 0.249485 0.000000
0.865000 0.252084 0.000000
0.865000 0.254683 0.000000
0.865000 0.257282 0.000000
0.865000 0.259880 0.000000
0.865000 0.262479 0.000000
0.865000 0.265078 0.000000
0.865000 0.267677 0.000000
0.865000 0.270275 0.000000
0.865000 0.272874 0.000000
0.865000 0.275473 0.000000
0.865000 0.278072 0.000000
0.865000 0.280670 0.000000
0.865000 0.283269 0.000000
0.865000 0.285868 0.000000
0.865000 0.288466 0.000000
0.865000 0.291065 0.000000
0.865000 0.293664 0.000000
0.865000 0.296263 0.000000
0.865000 0.298861 0.000000
0.865000 0.301460 0.000000
0.865000 0.304059 0.000000
0.865000 0.306658 0.000000
0.865000 0.309256 0.000000
0.865000 0.311855 0.000000
0.865000 0.314454 0.000000
0.865000 0.317053 0.000000
0.865000 0.319651 0.000000
0.865000 0.322250 0.000000
0.865000 0.324849 0.000000
0.865000 0.327448 0.000000
0.865000 0.330046 0.000000
0.865000 0.332645 0.000000
0.865000 0.335244 0.000000
0.865000 0.337843 0.000000
0.865000 0.340441 0.000000
0.865000 0.343040 0.000000
0.865000 0.345639 0.000000
0.865000 0.348237 0.000000
0.865000 0.350836 0.000000
0.865000 0.353435 0.000000
0.865000 0.356034 0.000000
0.865000 0.358632 0.000000
0.865000 0.361231 0.000000
0.865000 0.363830 0.000000
0.865000 0.366429 0.000000
0.865000 0.369027 0.000000
0.865000 0.371626 0.000000
0.865000 0.374225 0.000000
0.865000 0.376824 0.000000
0.865000 0.379422 0.000000
0.865000 0.382021 0.000000
0.865000 0.384620 0.000000
0.865000 0.387219 0.000000
0.865000 0.389817 0.000000
0.865000 0.392416 0.000000
0.865000 0.395015 0.000000
0.865000 0.397613 0.000000
0.865000 0.400212 0.000001
0.865000 0.402811 0.000001
0.865000 0.405410 0.000001
0.865000 0.408008 0.000002
0.865000 0.410607 0.000002
0.865000 0.413206 0.000003
0.865000 0.415805 0.000004
0.865000 0.418403 0.000006
0.865000 0.421002 0.000008
0.865000 0.423601 0.000011
0.865000 0.426200 0.000015
0.865000 0.428798 0.000020
0.865000 0.431397 0.000026
0.865000 0.433996 0.000034
0.865000 0.436595 0.000045
0.865000 0.439193 0.000058
0.865000 0.441792 0.000076
0.865000 0.444391 0.000098
0.865000 0.446989 0.000127
0.865000 0.449588 0.000163
0.865000 0.452187 0.000208
0.865000 0.454786 0.000266
0.865000 0.457384 0.000338
0.865000 0.459983 0.000427
0.865000 0.462582 0.000539
0.865000 0.465181 0.000678
0.865000 0.467779 0.000850
0.865000 0.470378 0.001062
0.865000 0.472977 0.001322
0.865000 0.475576 0.001641
0.865000 0.478174 0.002030
0.865000 0.480773 0.002505
0.865000 0.483372 0.003080
0.865000 0.485971 0.003777
0.865000 0.488569 0.004617
0.865000 0.491168 0.005626
0.865000 0.493767 0.006836
0.865000 0.496365 0.008278
0.865000 0.498964 0.009994
0.865000 0.501563 0.012024
0.865000 0.504162 0.014416
0.865000 0.506760 0.017221
0.865000 0.509359 0.020494
0.865000 0.511958 0.024289
0.865000 0.514557 0.028662
0.865000 0.517155 0.033667
0.865000 0.519754 0.039351
0.865000 0.522353 0.045753
0.865000 0.524952 0.052900
0.865000 0.527550 0.060801
0.865000 0.530149 0.069445
0.865000 0.532748 0.078799
0.865000 0.535347 0.088806
0.865000 0.537945 0.099383
0.865000 0.540544 0.110427
0.865000 0.543143 0.121814
0.865000 0.545741 0.133409
0.865000 0.548340 0.145071
0.865000 0.550939 0.156657
0.865000 0.553538 0.168033
0.865000 0.556136 0.179076
0.865000 0.558735 0.189681
0.865000 0.561334 0.199761
0.865000 0.563933 0.209251
0.865000 0.566531 0.218107
0.865000 0.569130 0.226302
0.865000 0.571729 0.233830
0.865000 0.574328 0.240696
0.865000 0.576926 0.246919
0.865000 0.579525 0.252526
0.865000 0.582124 0.257552
0.865000 0.584723 0.262036
0.865000 0.587321 0.266018
0.865000 0.589920 0.269541
0.865000 0.592519 0.272647
0.865000 0.595117 0.275375
0.865000 0.597716 0.277766
0.865000 0.600000 0.279853
