Timer: 0.596375
 0.179233 1.263868 0.293021 1.401791 1.246105 0.009903 0.000000
 0.187316 1.263871 0.293020 1.401795 1.246106 0.009903 0.000000
 0.195313 1.263873 0.293020 1.401798 1.246106 0.009903 0.000000
 0.203268 1.263875 0.293019 1.401802 1.246107 0.009903 0.000000
 0.211204 1.263877 0.293019 1.401805 1.246107 0.009903 0.000000
 0.219128 1.263880 0.293019 1.401809 1.246108 0.009903 0.000000
 0.227044 1.263882 0.293018 1.401812 1.246108 0.009902 0.000000
 0.234954 1.263886 0.293018 1.401815 1.246107 0.009901 0.000000
 0.242859 1.263893 0.293018 1.401819 1.246106 0.009896 0.000000
 0.250761 1.263906 0.293018 1.401822 1.246100 0.009883 0.000001
 0.258660 1.263933 0.293018 1.401825 1.246088 0.009855 0.000002
 0.266557 1.263985 0.293018 1.401829 1.246064 0.009800 0.000004
 0.274451 1.264076 0.293018 1.401832 1.246021 0.009702 0.000008
 0.282344 1.264223 0.293018 1.401835 1.245950 0.009542 0.000013
 0.290234 1.264441 0.293018 1.401839 1.245844 0.009302 0.000019
 0.298124 1.264742 0.293019 1.401842 1.245697 0.008972 0.000026
 0.306012 1.265128 0.293019 1.401845 1.245509 0.008547 0.000033
 0.313899 1.265591 0.293019 1.401849 1.245282 0.008037 0.000039
 0.321784 1.266114 0.293020 1.401852 1.245027 0.007461 0.000044
 0.329669 1.266671 0.293020 1.401855 1.244754 0.006847 0.000047
 0.337553 1.267234 0.293020 1.401859 1.244479 0.006227 0.000047
 0.345436 1.267776 0.293021 1.401862 1.244215 0.005631 0.000045
 0.353318 1.268276 0.293021 1.401865 1.243971 0.005082 0.000042
 0.361199 1.268719 0.293022 1.401869 1.243755 0.004595 0.000037
 0.369080 1.269099 0.293023 1.401872 1.243571 0.004178 0.000031
 0.376960 1.269417 0.293023 1.401876 1.243416 0.003830 0.000026
 0.384840 1.269678 0.293024 1.401879 1.243290 0.003545 0.000021
 0.392719 1.269889 0.293025 1.401883 1.243188 0.003315 0.000017
 0.400598 1.270060 0.293026 1.401886 1.243107 0.003129 0.000014
 0.408476 1.270198 0.293027 1.401890 1.243041 0.002980 0.000011
 0.416353 1.270311 0.293028 1.401894 1.242987 0.002858 0.000009
 0.424230 1.270405 0.293029 1.401897 1.242943 0.002757 0.000008
 0.432107 1.270484 0.293030 1.401901 1.242905 0.002672 0.000006
 0.439983 1.270552 0.293031 1.401905 1.242874 0.002600 0.000005
 0.447859 1.270612 0.293032 1.401909 1.242846 0.002537 0.000005
 0.455735 1.270665 0.293033 1.401913 1.242822 0.002481 0.000004
 0.463610 1.270712 0.293035 1.401917 1.242801 0.002432 0.000004
 0.471485 1.270755 0.293036 1.401921 1.242781 0.002387 0.000003
 0.479360 1.270795 0.293037 1.401925 1.242764 0.002347 0.000003
 0.487234 1.270831 0.293039 1.401929 1.242748 0.002310 0.000003
 0.495108 1.270865 0.293041 1.401933 1.242734 0.002276 0.000003
 0.502982 1.270896 0.293042 1.401938 1.242720 0.002244 0.000002
 0.510855 1.270925 0.293044 1.401942 1.242708 0.002215 0.000002
 0.518729 1.270953 0.293046 1.401947 1.242697 0.002188 0.000002
 0.526602 1.270979 0.293048 1.401952 1.242686 0.002163 0.000002
 0.534474 1.271003 0.293050 1.401956 1.242676 0.002140 0.000002
 0.542347 1.271026 0.293052 1.401961 1.242667 0.002118 0.000002
 0.550219 1.271048 0.293054 1.401966 1.242659 0.002097 0.000002
 0.558091 1.271069 0.293057 1.401972 1.242651 0.002078 0.000001
 0.565963 1.271090 0.293059 1.401977 1.242643 0.002059 0.000001
 0.573835 1.271109 0.293062 1.401983 1.242636 0.002042 0.000001
 0.581706 1.271128 0.293064 1.401988 1.242629 0.002025 0.000001
 0.589577 1.271146 0.293067 1.401994 1.242623 0.002010 0.000001
 0.597448 1.271163 0.293070 1.402000 1.242617 0.001995 0.000001
 0.605319 1.271180 0.293073 1.402007 1.242612 0.001981 0.000001
 0.613190 1.271196 0.293076 1.402013 1.242607 0.001967 0.000001
 0.621061 1.271212 0.293080 1.402020 1.242602 0.001955 0.000001
 0.628931 1.271227 0.293083 1.402026 1.242597 0.001942 0.000001
 0.636801 1.271242 0.293086 1.402033 1.242593 0.001931 0.000001
 0.644671 1.271256 0.293089 1.402039 1.242589 0.001920 0.000001
 0.652541 1.271269 0.293092 1.402044 1.242585 0.001909 0.000001
 0.660411 1.271280 0.293092 1.402046 1.242581 0.001899 0.000001
 0.668281 1.271287 0.293090 1.402044 1.242576 0.001889 0.000001
 0.676150 1.271288 0.293082 1.402033 1.242570 0.001880 0.000001
 0.684020 1.271279 0.293065 1.402006 1.242563 0.001871 0.000001
 0.691889 1.271252 0.293029 1.401951 1.242552 0.001862 0.000001
 0.699759 1.271194 0.292965 1.401850 1.242536 0.001854 0.000001
 0.707629 1.271085 0.292850 1.401671 1.242510 0.001846 0.000001
 0.715500 1.270892 0.292655 1.401363 1.242467 0.001838 0.000001
 0.723372 1.270566 0.292328 1.400848 1.242399 0.001831 0.000001
 0.731247 1.270026 0.291793 1.400005 1.242289 0.001824 0.000001
 0.739125 1.269155 0.290934 1.398652 1.242114 0.001817 0.000001
 0.747011 1.267778 0.289578 1.396517 1.241840 0.001810 0.000001
 0.754906 1.265637 0.287472 1.393207 1.241416 0.001802 0.000001
 0.762817 1.262373 0.284257 1.388167 1.240769 0.001794 0.000002
 0.770753 1.257492 0.279437 1.380643 1.239801 0.001782 0.000004
 0.778725 1.250358 0.272362 1.369665 1.238380 0.001765 0.000007
 0.786749 1.240206 0.262230 1.354081 1.236344 0.001735 0.000014
 0.794849 1.226234 0.248159 1.332701 1.233513 0.001681 0.000026
 0.803054 1.207799 0.229368 1.304616 1.229725 0.001589 0.000044
 0.811397 1.184733 0.205497 1.269681 1.224901 0.001441 0.000068
 0.819915 1.157705 0.177017 1.229051 1.219130 0.001226 0.000091
 0.828642 1.128403 0.145525 1.185400 1.212731 0.000956 0.000103
 0.837597 1.099288 0.113606 1.142475 1.206234 0.000669 0.000097
 0.846784 1.072889 0.084125 1.103969 1.200232 0.000415 0.000075
 0.856183 1.050988 0.059275 1.072349 1.195180 0.000229 0.000049
 0.865761 1.034211 0.039996 1.048339 1.191270 0.000113 0.000027
 0.875477 1.022184 0.026043 1.031248 1.188450 0.000051 0.000013
 0.885292 1.014001 0.016483 1.019678 1.186524 0.000022 0.000006
 0.895176 1.008648 0.010201 1.012137 1.185261 0.000009 0.000002
 0.905105 1.005249 0.006199 1.007359 1.184457 0.000003 0.000001
 0.915061 1.003138 0.003709 1.004397 1.183958 0.000001 0.000000
 0.925035 1.001851 0.002189 1.002593 1.183654 0.000000 0.000000
 0.935020 1.001078 0.001275 1.001510 1.183471 0.000000 0.000000
 0.945011 1.000620 0.000733 1.000868 1.183363 0.000000 0.000000
 0.955006 1.000352 0.000417 1.000493 1.183299 0.000000 0.000000
 0.965003 1.000198 0.000234 1.000277 1.183263 0.000000 0.000000
 0.975002 1.000109 0.000129 1.000153 1.183242 0.000000 0.000000
 0.985001 1.000060 0.000071 1.000084 1.183230 0.000000 0.000000
 0.995001 1.000032 0.000038 1.000045 1.183224 0.000000 0.000000
