Timer: 0.029315
 0.005000 1.000000 -1.000000 1.000000 1.183216 1.000000 0.000000
 0.015000 1.000000 -1.000000 1.000000 1.183216 1.000000 0.000000
 0.025000 1.000000 -1.000000 1.000000 1.183216 1.000000 0.000000
 0.035000 1.000000 -1.000000 1.000000 1.183216 1.000000 0.000000
 0.045000 1.000000 -1.000000 1.000000 1.183216 1.000000 0.000000
 0.055000 1.000000 -1.000000 1.000000 1.183216 1.000000 0.000000
 0.065000 1.000000 -1.000000 1.000000 1.183216 1.000000 0.000000
 0.075000 1.000000 -1.000000 1.000000 1.183216 1.000000 0.000000
 0.085000 1.000000 -1.000000 1.000000 1.183216 1.000000 0.000000
 0.095000 1.000000 -1.000000 1.000000 1.183216 1.000000 0.000000
 0.105000 1.000000 -1.000000 1.000000 1.183216 1.000000 0.000000
 0.115000 1.000000 -1.000000 1.000000 1.183216 1.000000 0.000000
 0.125000 1.000000 -1.000000 1.000000 1.183216 1.000000 0.000000
 0.135000 1.000000 -1.000000 1.000000 1.183216 1.000000 0.000000
 0.145000 1.000000 -1.000000 1.000000 1.183216 1.000000 0.000000
 0.155000 1.000000 -1.000000 1.000000 1.183216 1.000000 0.000000
 0.165000 1.000000 -1.000000 1.000000 1.183216 1.000000 0.000000
 0.175000 1.000000 -1.000000 1.000000 1.183216 1.000000 0.000000
 0.185000 1.000000 -1.000000 1.000000 1.183216 1.000000 0.000000
 0.195000 1.000000 -1.000000 1.000000 1.183216 1.000000 0.000000
 0.205000 1.000000 -1.000000 1.000000 1.183216 1.000000 0.000000
 0.215000 1.000000 -1.000000 1.000000 1.183216 1.000000 0.000000
 0.225000 1.000000 -1.000000 1.000000 1.183216 1.000000 0.000000
 0.235000 1.000000 -1.000000 1.000000 1.183216 1.000000 0.000000
 0.245000 1.000000 -1.000000 1.000000 1.183216 1.000000 0.000000
 0.255000 1.000000 -1.000000 1.000000 1.183216 1.000000 0.000000
 0.265000 1.000000 -1.000000 1.000000 1.183216 1.000000 0.000000
 0.275000 1.000000 -1.000000 1.000000 1.183216 1.000000 0.000000
 0.285000 1.000000 -1.000000 1.000000 1.183216 1.000000 0.000000
 0.295000 1.000000 -1.000000 1.000000 1.183216 1.000000 0.000000
 0.305000 1.000000 -1.000000 1.000000 1.183216 1.000000 0.000000
 0.315000 1.000000 -1.000000 1.000000 1.183216 1.000000 0.000000
 0.325000 1.000000 -1.000000 1.000000 1.183216 1.000000 0.000000
 0.335000 1.000000 -1.000000 1.000000 1.183216 1.000000 0.000000
 0.345000 1.000000 -1.000000 1.000000 1.183216 1.000000 0.000000
 0.355000 0.999996 -0.999996 0.999995 1.183215 1.000000 0.000000
 0.365000 0.999957 -0.999949 0.999940 1.183206 1.000000 0.000000
 0.375000 0.999693 -0.999637 0.999571 1.183143 1.000000 0.000000
 0.385000 0.998457 -0.998173 0.997841 1.182851 1.000001 0.000000
 0.395000 0.994197 -0.993127 0.991893 1.181844 1.000007 0.000000
 0.405000 0.982960 -0.979762 0.976278 1.179187 1.000053 0.000000
 0.415000 0.959446 -0.951523 0.943948 1.173621 1.000275 0.000000
 0.425000 0.919026 -0.902026 0.889436 1.164012 1.001049 0.000000
 0.435000 0.859920 -0.827173 0.812102 1.149848 1.003159 0.000000
 0.445000 0.783971 -0.726008 0.716876 1.131452 1.007916 0.000000
 0.455000 0.695985 -0.600451 0.612442 1.109932 1.017244 0.000000
 0.465000 0.602635 -0.455260 0.508756 1.087156 1.033793 0.000000
 0.475000 0.511783 -0.299998 0.415544 1.066177 1.061441 0.000000
 0.485000 0.431202 -0.154114 0.342277 1.054174 1.111283 0.000000
 0.495000 0.322939 -0.039013 0.301322 1.142929 1.466433 0.000000
 0.505000 0.371154 0.049805 0.304767 1.072188 1.220654 0.000000
 0.515000 0.426167 0.161391 0.345888 1.065962 1.141624 0.000000
 0.525000 0.503628 0.304173 0.417993 1.077937 1.091980 0.000000
 0.535000 0.594406 0.457760 0.510318 1.096334 1.057120 0.000000
 0.545000 0.689384 0.602218 0.613621 1.116306 1.032890 0.000000
 0.555000 0.779687 0.727343 0.717901 1.135367 1.017130 0.000000
 0.565000 0.857720 0.828125 0.812959 1.151928 1.007823 0.000000
 0.575000 0.918199 0.902627 0.890049 1.164938 1.003004 0.000000
 0.585000 0.959266 0.951848 0.944307 1.173954 1.000919 0.000000
 0.595000 0.982972 0.979908 0.976447 1.179282 1.000210 0.000000
 0.605000 0.994223 0.993179 0.991955 1.181865 1.000033 0.000000
 0.615000 0.998467 0.998188 0.997858 1.182855 1.000003 0.000000
 0.625000 0.999696 0.999640 0.999574 1.183144 1.000000 0.000000
 0.635000 0.999958 0.999950 0.999941 1.183206 1.000000 0.000000
 0.645000 0.999996 0.999996 0.999995 1.183215 1.000000 0.000000
 0.655000 1.000000 1.000000 1.000000 1.183216 1.000000 0.000000
 0.665000 1.000000 1.000000 1.000000 1.183216 1.000000 0.000000
 0.675000 1.000000 1.000000 1.000000 1.183216 1.000000 0.000000
 0.685000 1.000000 1.000000 1.000000 1.183216 1.000000 0.000000
 0.695000 1.000000 1.000000 1.000000 1.183216 1.000000 0.000000
 0.705000 1.000000 1.000000 1.000000 1.183216 1.000000 0.000000
 0.715000 1.000000 1.000000 1.000000 1.183216 1.000000 0.000000
 0.725000 1.000000 1.000000 1.000000 1.183216 1.000000 0.000000
 0.735000 1.000000 1.000000 1.000000 1.183216 1.000000 0.000000
 0.745000 1.000000 1.000000 1.000000 1.183216 1.000000 0.000000
 0.755000 1.000000 1.000000 1.000000 1.183216 1.000000 0.000000
 0.765000 1.000000 1.000000 1.000000 1.183216 1.000000 0.000000
 0.775000 1.000000 1.000000 1.000000 1.183216 1.000000 0.000000
 0.785000 1.000000 1.000000 1.000000 1.183216 1.000000 0.000000
 0.795000 1.000000 1.000000 1.000000 1.183216 1.000000 0.000000
 0.805000 1.000000 1.000000 1.000000 1.183216 1.000000 0.000000
 0.815000 1.000000 1.000000 1.000000 1.183216 1.000000 0.000000
 0.825000 1.000000 1.000000 1.000000 1.183216 1.000000 0.000000
 0.835000 1.000000 1.000000 1.000000 1.183216 1.000000 0.000000
 0.845000 1.000000 1.000000 1.000000 1.183216 1.000000 0.000000
 0.855000 1.000000 1.000000 1.000000 1.183216 1.000000 0.000000
 0.865000 1.000000 1.000000 1.000000 1.183216 1.000000 0.000000
 0.875000 1.000000 1.000000 1.000000 1.183216 1.000000 0.000000
 0.885000 1.000000 1.000000 1.000000 1.183216 1.000000 0.000000
 0.895000 1.000000 1.000000 1.000000 1.183216 1.000000 0.000000
 0.905000 1.000000 1.000000 1.000000 1.183216 1.000000 0.000000
 0.915000 1.000000 1.000000 1.000000 1.183216 1.000000 0.000000
 0.925000 1.000000 1.000000 1.000000 1.183216 1.000000 0.000000
 0.935000 1.000000 1.000000 1.000000 1.183216 1.000000 0.000000
 0.945000 1.000000 1.000000 1.000000 1.183216 1.000000 0.000000
 0.955000 1.000000 1.000000 1.000000 1.183216 1.000000 0.000000
 0.965000 1.000000 1.000000 1.000000 1.183216 1.000000 0.000000
 0.975000 1.000000 1.000000 1.000000 1.183216 1.000000 0.000000
 0.985000 1.000000 1.000000 1.000000 1.183216 1.000000 0.000000
 0.995000 1.000000 1.000000 1.000000 1.183216 1.000000 0.000000
