Timer: 0.164894
 0.005000 0.999043 -0.998866 0.998659 1.182989 1.000000 0.000000
 0.015000 0.999098 -0.998932 0.998737 1.183002 1.000000 0.000000
 0.025000 0.998388 -0.998091 0.997744 1.182834 1.000000 0.000000
 0.035000 0.997236 -0.996727 0.996134 1.182562 1.000001 0.000000
 0.045000 0.995452 -0.994610 0.993639 1.182138 1.000001 0.000000
 0.055000 0.992799 -0.991464 0.989942 1.181512 1.000009 0.000000
 0.065000 0.989040 -0.986980 0.984692 1.180613 1.000003 0.000000
 0.075000 0.983880 -0.980841 0.977542 1.179399 1.000038 0.000000
 0.085000 0.977151 -0.972743 0.968177 1.177770 1.000019 0.000000
 0.095000 0.968549 -0.962425 0.956356 1.175745 1.000114 0.000000
 0.105000 0.958107 -0.949692 0.941933 1.173186 1.000093 0.000000
 0.115000 0.945561 -0.934417 0.924876 1.170203 1.000273 0.000000
 0.125000 0.931177 -0.916555 0.905261 1.166635 1.000297 0.000000
 0.135000 0.914784 -0.896127 0.883265 1.162653 1.000565 0.000000
 0.145000 0.896776 -0.873217 0.859137 1.158119 1.000703 0.000000
 0.155000 0.877114 -0.847948 0.833180 1.153202 1.001061 0.000000
 0.165000 0.856185 -0.820479 0.805725 1.147820 1.001364 0.000000
 0.175000 0.834075 -0.790981 0.777109 1.142096 1.001832 0.000000
 0.185000 0.811092 -0.759637 0.747660 1.136007 1.002319 0.000000
 0.195000 0.787389 -0.726627 0.717685 1.129630 1.002926 0.000000
 0.205000 0.763198 -0.692127 0.687465 1.122977 1.003596 0.000000
 0.215000 0.738682 -0.656305 0.657253 1.116096 1.004366 0.000000
 0.225000 0.714018 -0.619324 0.627268 1.109012 1.005219 0.000000
 0.235000 0.689350 -0.581339 0.597703 1.101759 1.006166 0.000000
 0.245000 0.664818 -0.542499 0.568724 1.094367 1.007203 0.000000
 0.255000 0.640545 -0.502955 0.540472 1.086866 1.008332 0.000000
 0.265000 0.616646 -0.462861 0.513074 1.079285 1.009554 0.000000
 0.275000 0.593230 -0.422381 0.486638 1.071656 1.010867 0.000000
 0.285000 0.570404 -0.381698 0.461266 1.064017 1.012269 0.000000
 0.295000 0.548276 -0.341023 0.437051 1.056406 1.013757 0.000000
 0.305000 0.526962 -0.300609 0.414092 1.048872 1.015326 0.000000
 0.315000 0.506589 -0.260768 0.392488 1.041475 1.016969 0.000000
 0.325000 0.487302 -0.221884 0.372352 1.034289 1.018676 0.000000
 0.335000 0.469268 -0.184437 0.353814 1.027404 1.020436 0.000000
 0.345000 0.452677 -0.149012 0.337020 1.020934 1.022238 0.000000
 0.355000 0.437739 -0.116298 0.322131 1.015015 1.024074 0.000000
 0.365000 0.424665 -0.087048 0.309307 1.009800 1.025944 0.000000
 0.375000 0.413637 -0.061991 0.298679 1.005441 1.027868 0.000000
 0.385000 0.404752 -0.041684 0.290306 1.002068 1.029890 0.000000
 0.395000 0.397966 -0.026329 0.284118 0.999748 1.032082 0.000000
 0.405000 0.393057 -0.015649 0.279890 0.998459 1.034547 0.000000
 0.415000 0.389635 -0.008893 0.277252 0.998095 1.037414 0.000000
 0.425000 0.387218 -0.005026 0.275759 0.998507 1.040859 0.000000
 0.435000 0.385318 -0.003008 0.274990 0.999569 1.045130 0.000000
 0.445000 0.383506 -0.002012 0.274619 1.001251 1.050628 0.000000
 0.455000 0.381397 -0.001504 0.274438 1.003685 1.058073 0.000000
 0.465000 0.378524 -0.001204 0.274340 1.007307 1.068953 0.000000
 0.475000 0.373943 -0.000987 0.274277 1.013341 1.087079 0.000000
 0.485000 0.364348 -0.000807 0.274231 1.026513 1.127182 0.000000
 0.495000 0.296587 -0.000644 0.274199 1.137680 1.503319 0.000000
 0.505000 0.344458 -0.000498 0.274181 1.055637 1.219120 0.000000
 0.515000 0.358997 -0.000353 0.274168 1.034016 1.150509 0.000000
 0.525000 0.367756 -0.000202 0.274167 1.021625 1.112325 0.000000
 0.535000 0.373356 -0.000024 0.274183 1.013963 1.089098 0.000000
 0.545000 0.377234 0.000237 0.274237 1.008839 1.073671 0.000000
 0.555000 0.380138 0.000724 0.274383 1.005245 1.062771 0.000000
 0.565000 0.382565 0.001742 0.274739 1.002700 1.054707 0.000000
 0.575000 0.384955 0.003851 0.275520 1.001003 1.048525 0.000000
 0.585000 0.387781 0.007893 0.277059 1.000132 1.043643 0.000000
 0.595000 0.391554 0.014899 0.279774 1.000166 1.039679 0.000000
 0.605000 0.396769 0.025872 0.284097 1.001219 1.036370 0.000000
 0.615000 0.403813 0.041517 0.290383 1.003366 1.033520 0.000000
 0.625000 0.412905 0.062073 0.298843 1.006608 1.030986 0.000000
 0.635000 0.424088 0.087316 0.309536 1.010861 1.028662 0.000000
 0.645000 0.437270 0.116688 0.322405 1.015990 1.026481 0.000000
 0.655000 0.452279 0.149468 0.337319 1.021836 1.024404 0.000000
 0.665000 0.468911 0.184919 0.354122 1.028242 1.022413 0.000000
 0.675000 0.486966 0.222367 0.372660 1.035072 1.020502 0.000000
 0.685000 0.506262 0.261237 0.392789 1.042212 1.018670 0.000000
 0.695000 0.526638 0.301060 0.414385 1.049567 1.016921 0.000000
 0.705000 0.547953 0.341453 0.437337 1.057063 1.015257 0.000000
 0.715000 0.570082 0.382110 0.461545 1.064639 1.013682 0.000000
 0.725000 0.592913 0.422779 0.486914 1.072247 1.012198 0.000000
 0.735000 0.616336 0.463248 0.513349 1.079845 1.010806 0.000000
 0.745000 0.640247 0.503334 0.540749 1.087397 1.009506 0.000000
 0.755000 0.664536 0.542872 0.569004 1.094869 1.008298 0.000000
 0.765000 0.689088 0.581707 0.597989 1.102232 1.007182 0.000000
 0.775000 0.713779 0.619687 0.627559 1.109455 1.006157 0.000000
 0.785000 0.738471 0.656663 0.657549 1.116507 1.005221 0.000000
 0.795000 0.763014 0.692477 0.687766 1.123358 1.004374 0.000000
 0.805000 0.787240 0.726968 0.717987 1.129975 1.003614 0.000000
 0.815000 0.810967 0.759966 0.747961 1.136323 1.002939 0.000000
 0.825000 0.833996 0.791295 0.777406 1.142368 1.002348 0.000000
 0.835000 0.856116 0.820774 0.806014 1.148072 1.001837 0.000000
 0.845000 0.877107 0.848222 0.833456 1.153398 1.001404 0.000000
 0.855000 0.896749 0.873466 0.859395 1.158310 1.001044 0.000000
 0.865000 0.914836 0.896350 0.883501 1.162776 1.000753 0.000000
 0.875000 0.931181 0.916750 0.905473 1.166768 1.000524 0.000000
 0.885000 0.945642 0.934584 0.925060 1.170269 1.000351 0.000000
 0.895000 0.958131 0.949830 0.942089 1.173269 1.000224 0.000000
 0.905000 0.968626 0.962538 0.956484 1.175777 1.000136 0.000000
 0.915000 0.977183 0.972830 0.968279 1.177813 1.000078 0.000000
 0.925000 0.983932 0.980907 0.977619 1.179414 1.000042 0.000000
 0.935000 0.989067 0.987029 0.984749 1.180630 1.000022 0.000000
 0.945000 0.992826 0.991498 0.989981 1.181519 1.000010 0.000000
 0.955000 0.995468 0.994633 0.993666 1.182144 1.000004 0.000000
 0.965000 0.997248 0.996742 0.996151 1.182565 1.000002 0.000000
 0.975000 0.998395 0.998100 0.997754 1.182836 1.000001 0.000000
 0.985000 0.999102 0.998937 0.998743 1.183004 1.000000 0.000000
 0.995000 0.999048 0.998872 0.998667 1.182990 1.000000 0.000000
