Timer: 0.255299
 0.005000 1.999994 0.000004 1.999991 1.183215 -0.277259 0.000000 0.000000
 0.015000 1.999985 0.000009 1.999979 1.183214 -0.277259 0.000000 0.000000
 0.025000 1.999967 0.000020 1.999954 1.183212 -0.277259 0.000000 0.000000
 0.035000 1.999928 0.000042 1.999900 1.183207 -0.277259 0.000000 0.000000
 0.045000 1.999851 0.000088 1.999792 1.183198 -0.277259 0.000000 0.000000
 0.055000 1.999703 0.000176 1.999584 1.183181 -0.277259 0.000000 0.000000
 0.065000 1.999429 0.000338 1.999201 1.183148 -0.277259 0.000000 0.000000
 0.075000 1.998947 0.000623 1.998525 1.183091 -0.277259 0.000000 0.000000
 0.085000 1.998130 0.001107 1.997383 1.182995 -0.277259 0.000000 0.000000
 0.095000 1.996807 0.001890 1.995532 1.182838 -0.277259 0.000000 0.000000
 0.105000 1.994753 0.003107 1.992660 1.182595 -0.277258 0.000000 0.000000
 0.115000 1.991694 0.004921 1.988385 1.182233 -0.277257 0.000000 0.000001
 0.125000 1.987323 0.007517 1.982283 1.181715 -0.277255 0.000001 0.000002
 0.135000 1.981320 0.011088 1.973913 1.181002 -0.277251 0.000002 0.000003
 0.145000 1.973385 0.015821 1.962868 1.180059 -0.277244 0.000003 0.000005
 0.155000 1.963266 0.021877 1.948815 1.178853 -0.277232 0.000004 0.000008
 0.165000 1.950792 0.029373 1.931536 1.177362 -0.277214 0.000006 0.000012
 0.175000 1.935883 0.038379 1.910950 1.175572 -0.277189 0.000008 0.000017
 0.185000 1.918565 0.048907 1.887125 1.173481 -0.277154 0.000011 0.000022
 0.195000 1.898958 0.060911 1.860266 1.171099 -0.277108 0.000014 0.000027
 0.205000 1.877273 0.074297 1.830697 1.168446 -0.277052 0.000016 0.000032
 0.215000 1.853788 0.088929 1.798836 1.165547 -0.276984 0.000019 0.000037
 0.225000 1.828838 0.104631 1.765171 1.162438 -0.276905 0.000021 0.000041
 0.235000 1.802795 0.121198 1.730234 1.159160 -0.276817 0.000022 0.000043
 0.245000 1.776064 0.138399 1.694586 1.155757 -0.276721 0.000022 0.000044
 0.255000 1.749071 0.155975 1.658807 1.152280 -0.276620 0.000022 0.000044
 0.265000 1.722262 0.173645 1.623488 1.148785 -0.276517 0.000020 0.000043
 0.275000 1.696101 0.191099 1.589230 1.145332 -0.276415 0.000018 0.000039
 0.285000 1.671064 0.208005 1.556635 1.141986 -0.276318 0.000015 0.000035
 0.295000 1.647631 0.224012 1.526299 1.138817 -0.276227 0.000012 0.000029
 0.305000 1.626267 0.238765 1.498786 1.135894 -0.276147 0.000009 0.000023
 0.315000 1.607393 0.251930 1.474594 1.133285 -0.276076 0.000005 0.000017
 0.325000 1.591334 0.263228 1.454099 1.131046 -0.276015 0.000002 0.000011
 0.335000 1.578273 0.272482 1.437494 1.129213 -0.275963 -0.000000 0.000007
 0.345000 1.568200 0.279657 1.424733 1.127795 -0.275915 -0.000002 0.000004
 0.355000 1.560894 0.284876 1.415513 1.126768 -0.275870 -0.000003 0.000002
 0.365000 1.555950 0.288407 1.409306 1.126079 -0.275824 -0.000003 0.000001
 0.375000 1.552851 0.290609 1.405446 1.125657 -0.275775 -0.000004 0.000000
 0.385000 1.551058 0.291865 1.403248 1.125427 -0.275722 -0.000004 0.000000
 0.395000 1.550098 0.292513 1.402113 1.125320 -0.275665 -0.000004 0.000000
 0.405000 1.549615 0.292812 1.401588 1.125285 -0.275603 -0.000005 0.000000
 0.415000 1.549371 0.292931 1.401377 1.125288 -0.275533 -0.000005 0.000000
 0.425000 1.549230 0.292969 1.401307 1.125311 -0.275456 -0.000006 0.000000
 0.435000 1.549123 0.292975 1.401293 1.125345 -0.275369 -0.000007 0.000000
 0.445000 1.549018 0.292969 1.401299 1.125385 -0.275271 -0.000008 0.000000
 0.455000 1.548901 0.292961 1.401309 1.125432 -0.275157 -0.000009 0.000000
 0.465000 1.548764 0.292952 1.401320 1.125486 -0.275025 -0.000010 0.000000
 0.475000 1.548597 0.292944 1.401330 1.125551 -0.274867 -0.000012 0.000000
 0.485000 1.548389 0.292936 1.401339 1.125630 -0.274673 -0.000015 0.000000
 0.495000 1.548113 0.292929 1.401348 1.125734 -0.274417 -0.000020 0.000000
 0.505000 1.547602 0.292921 1.401356 1.125923 -0.273949 -0.000037 0.000000
 0.515000 1.546087 0.292915 1.401363 1.126477 -0.272573 -0.000111 0.000000
 0.525000 1.541549 0.292908 1.401369 1.128137 -0.268453 -0.000332 0.000001
 0.535000 1.530686 0.292902 1.401375 1.132135 -0.258549 -0.000793 0.000004
 0.545000 1.510248 0.292896 1.401380 1.139771 -0.239726 -0.001499 0.000015
 0.555000 1.479161 0.292890 1.401384 1.151688 -0.210604 -0.002306 0.000034
 0.565000 1.439838 0.292884 1.401388 1.167311 -0.172880 -0.002965 0.000054
 0.575000 1.397516 0.292879 1.401392 1.184856 -0.131109 -0.003253 0.000063
 0.585000 1.358062 0.292874 1.401395 1.201945 -0.091014 -0.003086 0.000055
 0.595000 1.325758 0.292869 1.401397 1.216501 -0.057308 -0.002559 0.000037
 0.605000 1.302277 0.292864 1.401400 1.227420 -0.032289 -0.001871 0.000020
 0.615000 1.287004 0.292859 1.401401 1.234683 -0.015771 -0.001216 0.000008
 0.625000 1.278066 0.292854 1.401403 1.238993 -0.006013 -0.000708 0.000003
 0.635000 1.273354 0.292849 1.401404 1.241284 -0.000842 -0.000369 0.000001
 0.645000 1.271131 0.292845 1.401406 1.242369 0.001606 -0.000172 0.000000
 0.655000 1.270215 0.292840 1.401407 1.242818 0.002615 -0.000069 0.000000
 0.665000 1.269915 0.292836 1.401408 1.242965 0.002947 -0.000022 0.000000
 0.675000 1.269873 0.292832 1.401408 1.242986 0.002994 -0.000002 0.000000
 0.685000 1.269923 0.292827 1.401408 1.242961 0.002939 0.000005 0.000000
 0.695000 1.269997 0.292821 1.401406 1.242924 0.002855 0.000007 0.000000
 0.705000 1.270069 0.292812 1.401398 1.242885 0.002770 0.000006 0.000000
 0.715000 1.270125 0.292793 1.401374 1.242848 0.002692 0.000006 0.000000
 0.725000 1.270149 0.292751 1.401314 1.242809 0.002622 0.000005 0.000000
 0.735000 1.270113 0.292656 1.401170 1.242763 0.002560 0.000005 0.000000
 0.745000 1.269957 0.292451 1.400852 1.242698 0.002504 0.000004 0.000000
 0.755000 1.269571 0.292025 1.400186 1.242591 0.002454 0.000004 0.000000
 0.765000 1.268754 0.291180 1.398859 1.242403 0.002408 0.000004 0.000000
 0.775000 1.267164 0.289581 1.396346 1.242065 0.002366 0.000004 0.000000
 0.785000 1.264256 0.286688 1.391807 1.241469 0.002326 0.000004 0.000001
 0.795000 1.259218 0.281688 1.383993 1.240453 0.002285 0.000006 0.000004
 0.805000 1.250934 0.273446 1.371196 1.238787 0.002237 0.000012 0.000010
 0.815000 1.238048 0.260537 1.351371 1.236182 0.002169 0.000025 0.000024
 0.825000 1.219238 0.241474 1.322564 1.232333 0.002056 0.000050 0.000050
 0.835000 1.193769 0.215237 1.283800 1.227023 0.001863 0.000088 0.000088
 0.845000 1.162267 0.182111 1.236253 1.220295 0.001563 0.000128 0.000127
 0.855000 1.127248 0.144424 1.183955 1.212612 0.001169 0.000149 0.000147
 0.865000 1.092717 0.106391 1.133020 1.204839 0.000752 0.000135 0.000133
 0.875000 1.062679 0.072612 1.089282 1.197935 0.000408 0.000094 0.000092
 0.885000 1.039511 0.046117 1.055947 1.192533 0.000187 0.000052 0.000051
 0.895000 1.023434 0.027499 1.033037 1.188754 0.000074 0.000023 0.000023
 0.905000 1.013203 0.015548 1.018559 1.186339 0.000026 0.000009 0.000009
 0.915000 1.007121 0.008403 1.009991 1.184901 0.000008 0.000003 0.000003
 0.925000 1.003695 0.004366 1.005180 1.184090 0.000002 0.000001 0.000001
 0.935000 1.001851 0.002188 1.002592 1.183654 0.000001 0.000000 0.000000
 0.945000 1.000895 0.001059 1.001254 1.183428 0.000000 0.000000 0.000000
 0.955000 1.000419 0.000496 1.000587 1.183315 0.000000 0.000000 0.000000
 0.965000 1.000189 0.000224 1.000265 1.183261 0.000000 0.000000 0.000000
 0.975000 1.000083 0.000098 1.000116 1.183236 0.000000 0.000000 0.000000
 0.985000 1.000035 0.000041 1.000049 1.183224 0.000000 0.000000 0.000000
 0.995000 1.000014 0.000017 1.000020 1.183219 0.000000 0.000000 0.000000
